-65.0
-64.70560119009356
-64.41253502445069
-64.12079235711984
-63.83036526928917
-63.54124579081025
-63.25342593204663
-62.96689793666223
-62.681654085915945
-62.39768583060939
-62.11498481958554
-61.833542833276475
-61.553350828330316
-61.27439924423979
-60.996678699998476
-60.72017990948659
-60.44489131346206
-60.17080164343609
-59.897899823602394
-59.62617363045595
-59.35560875212958
-59.08619122707134
-58.817907329705605
-58.55073995974425
-58.28467064628231
-58.01968136214574
-57.75575438332182
-57.49286491935342
-57.23098832365259
-56.97010052758214
-56.710176602629716
-56.45118160948414
-56.19308174886526
-55.93584400235289
-55.67943184248671
-55.42379644039368
-55.16889052953984
-54.914667913501695
-54.66107516184814
-54.408043173062296
-54.15550498102042
-53.90339505924331
-53.65163567666817
-53.40012818455592
-53.14877678017478
-52.897487497640796
-52.64614740110414
-52.39461462563797
-52.14275087999314
-51.890419949189756
-51.63745613078309
-51.383653756974155
-51.128811076281984
-50.87272798381063
-50.615154742047906
-50.355789841460656
-50.09433456102777
-49.83048944507069
-49.563860143826105
-49.293997010865304
-49.02044787116067
-48.74275236202621
-48.460247055081496
-48.17224297906663
-47.878032412261454
-47.57676382568206
-47.26737385264513
-46.94875601829778
-46.619680139272795
-46.27848100723543
-45.92339190780044
-45.55239037950316
-45.16279781801326
-44.75169451684171
-44.31536042190328
-43.84928452716391
-43.348028596856835
-42.804529412595755
-42.21009568183598
-41.553405436898224
-40.81955839010649
-39.98911379740617
-39.0357835417865
-37.92293362060921
-36.599165384299255
-34.990965270743175
-32.993840310118145
-30.459058167891982
-27.189465092905476
-22.977710213467425
-17.76974748635385
-12.013680875276666
-6.807818816266353
-3.1625697113125555
-1.1611688907887965
-0.24728414235655383
0.12554635542131315
0.2720963383345204
0.3330925402890152
0.3635454624338192
0.38358849560762415
0.40044474319068896
0.41674586784573925
0.4334964222845887
0.45111010158344644
0.4697754607209565
0.48958912578887487
0.5106067277851892
0.5328635401634417
0.5563833068315315
0.5811821271498495
0.6072701008489005
0.6346518753585975
0.663326619747302
0.6932876883808274
0.7245221194755627
0.7570100568025646
0.7907241535919408
0.8256290018142548
0.8616806208423825
0.8988260337386372
0.9370029553287842
0.9761396128404474
1.0161547166297873
1.0569559001542232
1.098439916176337
1.1404964738050534
1.1830081818396523
1.2087094263618434
1.2283848016136885
1.2446609441343888
1.2586225309894463
1.2708239506907373
1.2815661958565137
1.2892438401845328
1.2950382695346148
1.2992780841891063
1.3021146589091706
1.3036328708049882
1.3038853757844135
1.3029087222092466
1.300732373948155
1.297384046986094
1.292892951966727
1.2872917118609277
1.2806174066022722
1.2729120301212593
1.264222529971833
1.2546005598094163
1.2441020391298752
1.2327865790307673
1.2207168222652494
1.2079577370298187
1.1945758984272126
1.1806387628238693
1.1662139747512505
1.1513687155875258
1.1361691047799203
1.120679662406682
1.104962837734137
1.0890786056255102
1.0730841311322687
1.0570335011724554
1.040977520766322
1.0249635701222506
1.0090355179860666
0.9932336860455553
0.9775947060868602
0.9621516588753354
0.9469344323427921
0.9319696693110047
0.9172808747202016
0.9028885493076019
0.8888103469329319
0.87506124656285
0.8616537316774838
0.848597972568507
0.8359020082630865
0.8235719255425259
0.8116120330737618
0.8000250102513198
0.7888120269883789
0.7779730137089353
0.7675067737786662
0.7574110985678083
0.7476828831435988
0.7383182376635629
0.7293125917422437
0.7206607908158467
0.7123571842704565
0.7043957054623412
0.6967699441831311
0.6894732119767705
0.6824986006722777
0.6758390345523839
0.669487316629593
0.663436169518216
0.6576782720481469
0.6522062904185674
0.6470129051778162
0.642090834844861
0.6374328563931051
0.6330318228283232
0.6288806781316921
0.6249724698408675
0.6213003595266358
0.6178576314022716
0.6146376992816284
0.6116340677178138
0.6088403924838485
0.6062504976393959
0.6038583662657211
0.6016581336020477
0.599644082888008
0.5978106429044516
0.5961523862959929
0.5946640281325153
0.5933404244323913
0.5921765705199207
0.591167599169556
0.590308778531459
0.5895955098542043
0.5890233250302427
0.5885878839932587
0.5882849719966214
0.5881104968004142
0.5880604857919697
0.5881310830619983
0.588318546455528
0.5886192446142053
0.5890296540240306
0.5895463560804206
0.5901660341805407
0.5908854708511657
0.5917015449188571
0.5926112287279731
0.5936115854109408
0.5946997662142811
0.5958730078830694
0.597128630105837
0.5984640330213272
0.5998766947880221
0.6013641692169414
0.6029240834678412
0.6045541358086588
0.6062520934377822
0.6080157903685125
0.6098431253749229
0.6117320599981658
0.6136806166951867
0.6156868769151208
0.617748979235143
0.6198651175797594
0.6220335395095823
0.6242525445686344
0.6265204652852449
0.6288356918998805
0.631196668726195
0.633601889457129
0.6360498938019385
0.6385392650680379
0.641068628302136
0.643636648758849
0.646242030565031
0.6488835155049731
0.6515598818838472
0.6542699434451609
0.6570125483285842
0.6597865780606293
0.6625909465741311
0.6654245992544168
0.6682865120111012
0.6711756903749713
0.6740911686196486
0.6770320089077856
0.6799973004615538
0.6829861587571188
0.6859977247447994
0.6890311640799208
0.6920856663847672
0.6951604445408046
0.6982547340033812
0.7013677921346744
0.7044988975540353
0.7076473495062661
0.7108124672484049
0.7139935894553088
0.7171900736438512
0.7204012956153615
0.7236266489156955
0.7268655443123275
0.7301174092878145
0.7333816875490164
0.736657838551504
0.7399453370385906
0.7432436725944883
0.7465523492111208
0.7498708848681181
0.7531988111255867
0.7565356727292244
0.759881027227398
0.7632344445998078
0.7665955068973642
0.7699638078929298
0.7733389527425887
0.776720557657107
0.7801082495832721
0.7835016658948079
0.7869004540925414
0.7903042715135677
0.7937127850491098
0.7971256708708098
0.8005426141651883
0.8039633088760191
0.8073874574543779
0.8108147706161238
0.8142449671065772
0.8176777734721884
0.8211129238389648
0.8245501596575269
0.8279892284512954
0.8314298839061347
0.8348718881922013
0.8383150107004388
0.8417590274041717
0.8452037204974031
0.8486488781445708
0.8520942942831036
0.8555397684538276
0.8589851056469399
0.8624301161571151
0.8658746154443488
0.8693184239987831
0.8727613672086625
0.8762032752310289
0.8796439828650697
0.8830833294280823
0.8865211586341393
0.8899573184755002
0.8933916611068149
0.8968240427321772
0.90025432349503
0.9036823673709203
0.9071080420631072
0.9105312189009681
0.9139517727411868
0.9173695818716547
0.9207845279180511
0.9241964957530325
0.927605373407974
0.9310110519871968
0.9344134255846226
0.9378123912027909
0.9412078486741681
0.9445997005846971
0.9479878521995116
0.9513722113907668
0.9547526885675219
0.9581291966080272
0.961501650794847
0.9648699687514578
0.9682340703796811
0.9715938777982086
0.974949315282615
0.9783003092071701
0.9816467879885143
0.9849886820311596
0.9883259236747226
0.9916584470148742
0.9949861877758884
0.9983090834807711
1.001627073456326
1.0049400983327423
1.0082481009886264
1.011551027043792
1.0148488238117042
1.0181414400355726
1.021428825786479
1.024710932416146
1.0279877125319339
1.0312591199805055
1.034525109833926
1.0377856383753419
1.0410406630831102
1.0442901423547768
1.0475340354174192
1.0507723026792148
1.0540049057771164
1.0572318075443072
1.0604529719648468
1.0636683641302465
1.0668779502003318
1.070081697368069
1.0732795738276188
1.0764715487449683
1.0796575922305838
1.082837675313717
1.0860117699180647
1.0891798488385784
1.092341885719234
1.0954978550316792
1.0986477320546393
1.1017914928540238
1.104929114263665
1.1080605738666585
1.1111858499772584
1.114304921623299
1.117417768529119
1.1205243711000041
1.1236247104089427
1.1267187681817594
1.1298065267805284
1.1328879691867155
1.1359630789850268
1.1390318403482418
1.1420942380467036
1.1451502574396468
1.148199884451323
1.1512431055452714
1.1542799077029238
1.157310278407132
1.160334205629292
1.1633516778186221
1.1663626838925754
1.1693672132277821
1.172365255651203
1.1753568014313474
1.1783418412695172
1.1813203662910694
1.1842923680367257
1.1872578384539572
1.1902167698884634
1.1931691550757788
1.1961149871330172
1.1990542595507732
1.2019869661851827
1.2049131012501613
1.207832659063288
1.2107456338651188
1.213652020374201
1.2165518137883942
1.219445009734149
1.2223316042275691
1.2252115936463914
1.2280849747089058
1.2309517444573799
1.233811900244561
1.236665439722333
1.23951236083197
1.2423526617955454
1.245186341108242
1.2480133975313332
1.250833830085714
1.253647638045845
1.2564548209340574
1.259255378515132
1.2620493107911357
1.2648366179964483
1.267617300592987
1.2703913592655816
1.2731587949174972
1.275919608666091
1.2786738018385893
1.2814213759679758
1.2841623327889944
1.2868966742342445
1.289624402430378
1.292345519242362
1.2950600220012731
1.2977679094313548
1.3004691816294611
1.303163839701728
1.3058518854995242
1.3085333214442267
1.3112081504088315
1.313876375635619
1.3165380006774507
1.3191930293550411
1.3218414657253232
1.3244833140576606
1.327118578815687
1.3297472646432287
1.3323693763532238
1.3349849189188474
1.3375938974662798
1.3401963172687064
1.342792183741238
1.345381502436541
1.347964279040997
1.3505405193712814
1.3531102293712571
1.3556734151091279
1.3582300827747833
1.360780238680239
1.3633238892648765
1.3658610410921173
1.3683917008418434
1.3709158753035695
1.3734335713717547
1.3759447960428774
1.3784495564135522
1.3809478596791709
1.3834397131327347
1.3859251241637254
1.3884041002569363
1.3908766489912447
1.3933427780383218
1.395802495161292
1.3982558082133543
1.4007027251363757
1.4031432534661001
1.4055774001243961
1.4080051726158616
1.4104265787817296
1.4128416266870083
1.4152503245684658
1.4176526808047571
1.420048703896834
1.4224384024541994
1.4248217851848801
1.4271988608878936
1.4295696384474585
1.4319341268284316
1.4342923350726415
1.4366442722958732
1.4389899476853347
1.441329370497483
1.4436625500561184
1.4459894957506847
1.448310217034729
1.4506247234244776
1.4529330244975105
1.4552351298915103
1.4575310493030693
1.459820792486547
1.4621043692529683
1.464381789468954
1.4666530630556824
1.4689181999878738
1.4711772102927976
1.4734301040493025
1.4756768913868592
1.477917582484626
1.4801521875705235
1.482380716920332
1.484603180856794
1.486819589748737
1.489029954010205
1.491234284099606
1.4934325905188668
1.495624883812603
1.497811174567298
1.4999914734104958
1.502165791010002
1.5043341349410344
1.5064965146682072
1.5086529402095412
1.5108034218755415
1.512947970173811
1.5150865957571622
1.517219309390583
1.5193461219287534
1.521467044300177
1.5235820874957018
1.5256912625600543
1.5277945805855022
1.5298920527070252
1.5319836900985855
1.5340695039900218
1.5361495056751298
1.5382237064948128
1.5402921178193087
1.5423547510381406
1.5444116175563911
1.546462728794315
1.5485080961882727
1.5505477311919538
1.55258164527745
1.5546098499360457
1.5566323566787084
1.5586491770363204
1.5606603225597082
1.5626658048774462
1.564665635739434
1.5666598269617957
1.5686483903714936
1.570631337779025
1.5726086809719153
1.5745804317181717
1.5765466017729493
1.5785072028852736
1.5804622468036538
1.5824117452803523
1.5843557100744414
1.586294152953879
1.588227085696845
1.5901545200925347
1.5920764679415629
1.5939929410561022
1.5959039512598314
1.5978095103877588
1.5997096302859641
1.601604322811283
1.603493599830957
1.605377473222263
1.6072559548721312
1.6091290566767515
1.6109967905411835
1.6128591683789602
1.6147162021116954
1.616567903668692
1.6184142849865528
1.6202553580087948
1.622091134685463
1.6239216269727519
1.625746846832624
1.6275668062324387
1.629381517144575
1.6311909915460638
1.6329952414182214
1.6347942787462848
1.6365881155190505
1.6383767637285158
1.6401602353695246
1.641938542439414
1.6437116969376662
1.645479710865561
1.6472425962258326
1.6490003650223324
1.6507530292596877
1.6525006009745518
1.6542430922556055
1.6559805152077338
1.6577128819252471
1.6594402044821743
1.6611624949317858
1.662879765309432
1.6645920276359623
1.66629929392072
1.6680015761638671
1.6696988863580629
1.6713912364896135
1.6730786385392131
1.6747611044823838
1.6764386462896994
1.678111275926852
1.6797790053546156
1.681441846528732
1.6830998113997522
1.6847529119128408
1.6864011600075606
1.6880445676176443
1.6896831466707591
1.6913169090882665
1.6929458667849786
1.6945700316689194
1.6961894156410808
1.6978040305951843
1.6994138884174428
1.701019000986327
1.7026193801723293
1.7042150378377334
1.7058059858363877
1.7073922360134768
1.7089738002052968
1.7105506902390357
1.712122917932552
1.7136904950941583
1.7152534335224061
1.7168117450058733
1.7183654413229525
1.7199145342416449
1.7214590355193529
1.7229989569026765
1.7245343101272128
1.7260651069173558
1.7275913589861018
1.7291130780348518
1.7306302757532217
1.732142963818852
1.7336511538972195
1.735154857641452
1.7366540866921467
1.7381488526771878
1.7396391672115685
1.7411250418972153
1.7426064883228138
1.744083518063637
1.7455561426813753
1.7470243738509712
1.748488223380619
1.7499477030769774
1.7514028246783646
1.752853599842758
1.7543000401568651
1.7557421571496206
1.7571799623042996
1.7586134670678821
1.7600426828578122
1.7614676210666889
1.7628882930654337
1.7643047102053782
1.7657168838196047
1.7671248252237823
1.768528545764991
1.7699280568761413
1.7713233699821984
1.7727144964587802
1.7741014476274704
1.775484234762464
1.7768628690985369
1.7782373618376572
1.7796077241538932
1.7809739671968876
1.7823361020942459
1.783694139953143
1.7850480918613845
1.7863979688880864
1.7877437820841002
1.7890855424822616
1.7904232610975221
1.7917569489270073
1.7930866169500201
1.7944122761280168
1.7957339374045564
1.797051611705243
1.7983653099376564
1.7996750429912787
1.8009808217374204
1.8022826570291417
1.8035805597011763
1.8048745405698525
1.806164610478054
1.8074507805653561
1.808733061981006
1.8100114657727326
1.81128600287527
1.8125566841278584
1.8138235202950042
1.8150865220835841
1.8163457001554184
1.8176010651360448
1.818852627620666
1.820100398178097
1.821344387353341
1.8225846056692405
1.8238210636275136
1.825053771709388
1.826282740375974
1.8275079800684737
1.8287295012082823
1.82994731419703
1.8311614294165819
1.832371857229019
1.8335786079766048
1.8347816919817477
1.8359811195469598
1.8371769009548153
1.838369046467909
1.8395575663288153
1.8407424707600473
1.8419237699640174
1.8431014741229974
1.8442755933990793
1.8454461379341343
1.846613117849775
1.8477765432473148
1.8489364242077275
1.8500927707916082
1.851245593039132
1.852394901210206
1.853540705640857
1.8546830165748154
1.8558218441464533
1.8569571984015159
1.8580890893183484
1.8592175268235482
1.8603425208026556
1.8614640811072742
1.8625822175597597
1.8636969399562793
1.8648082580687884
1.8659161816462941
1.867020720958356
1.8681218862382258
1.8692196875472151
1.8703141347900516
1.8714052377523314
1.8724930061322085
1.8735774495631468
1.8746585776293843
1.8757363998761867
1.8768109258165453
1.877882164935501
1.8789501266929023
1.8800148205251452
1.881076255846256
1.8821344420485508
1.883189388503035
1.884241104559637
1.8852895995473413
1.8863348827742643
1.8873769635276962
1.8884158510741245
1.8894515546592465
1.8904840835079806
1.8915134468244732
1.8925396537921075
1.893562713573509
1.8945826353105544
1.8955994281243795
1.8966131011153842
1.8976236633632404
1.8986311239268956
1.8996354918445781
1.900636776133799
1.9016349857913537
1.9026301297933217
1.9036222170950656
1.904611256631229
1.9055972573157318
1.906580228041767
1.9075601776817939
1.9085371150875328
1.909511049089957
1.9104819884992854
1.9114499421049762
1.9124149186757156
1.913376927456332
1.9143359776402298
1.9152920782260543
1.9162452380678119
1.9171954659214279
1.9181427704741267
1.9190871603625224
1.9200286441838916
1.9209672305032592
1.921902927857858
1.9228357447599322
1.923765689698484
1.9246927711403519
1.9256169975308706
1.9265383772942648
1.9274569188338828
1.9283726305323314
1.9292855207515534
1.9301955978328733
1.931102870097025
1.9320073458441693
1.9329090333539123
1.9338079408853193
1.934704076676931
1.9355974489467807
1.9364880658924128
1.937375935690901
1.9382610700688478
1.9391434803107326
1.9400231764368414
1.9409001676081017
1.941774462450848
1.942646069258809
1.9435149961158484
1.9443812509709688
1.9452448416844035
1.9461057760559692
1.9469640618424375
1.9478197067680885
1.948672718531033
1.9495231048069361
1.9503708732511533
1.9512160314999243
1.9520585871710137
1.952898547864047
1.9537359211606815
1.9545707146247018
1.955402935802087
1.9562325922210708
1.9570596913922103
1.9578842408084653
1.9587062479452857
1.9595257202607086
1.96034266519546
1.9611570901730555
1.9619690025999015
1.9627784098653922
1.963585319342001
1.9643897383853643
1.9651916743343578
1.965991134511165
1.9667881262213367
1.9675826567538421
1.9683747333811115
1.9691643633590703
1.969951553927167
1.9707363128041955
1.9715186480486329
1.9722985672572035
1.973076077800669
1.973851186928604
1.974623901816007
1.9753942295876703
1.9761621773321099
1.9769277521098285
1.9776909609582676
1.9784518108947684
1.9792103089183246
1.979966462010593
1.9807202771364596
1.9814717612443375
1.9822209212663098
1.9829677641181842
1.9837122966995007
1.9844545258935153
1.9851944585671757
1.9859321015710951
1.9866674617395275
1.9874005458903456
1.9881313608250257
1.9888599133286302
1.9895862101697983
1.990310258100734
1.9910320638571992
1.9917516341585055
1.9924689757075054
1.993184095190586
1.9938969992776594
1.9946076946221567
1.9953161878610168
1.996022485614678
1.9967265944870682
1.997428521065594
1.9981282719211302
1.9988258536080088
1.9995212726640077
2.000214535610339
2.0009056497117443
2.0015946233834603
2.002281463722978
2.0029661774554426
2.003648771129792
2.0043292511926176
2.0050076240255295
2.00568389596611
2.006358073320076
2.007030162368389
2.007700169371392
2.0083681005711718
2.0090339621928743
2.009697760445396
2.010359501521731
2.011019191599115
2.0116768368390736
2.012332443387421
2.012986017374243
2.013637564913882
2.014287092104928
2.0149346050302177
2.015580109756848
2.016223612336195
2.01686511880394
2.0175046351801
2.0181421674690645
2.01877772165963
2.0194113037250365
2.0200429196230045
2.020672575295769
2.021300276670111
2.021926029657391
2.022549840153575
2.0231717140392624
2.0237916571797085
2.024409675424848
2.025025774609311
2.0256399605524447
2.0262522390583246
2.026862615915771
2.0274710968983607
2.028077687764436
2.028682394257119
2.0292852221043134
2.0298861770187187
2.030485264697833
2.0310824908239624
2.031677861064224
2.0322713810705544
2.032863056479713
2.033452892913289
2.034040895977705
2.034627071264223
2.0352114243489505
2.035793960792845
2.0363746861417207
2.036953605926254
2.0375307256619903
2.038106050849351
2.03867958697364
2.0392513395050536
2.0398213138986856
2.0403895155945393
2.0409559500175343
2.041520622577518
2.0420835386692753
2.04264470367254
2.0432041229520057
2.0437618018573387
2.044317745723191
2.044871959869213
2.045424449600068
2.0459752202054453
2.046524276960079
2.0470716251237597
2.0476172699413535
2.048161216642817
2.048703470443217
2.049244036542747
2.0497829201267463
2.050320126365719
2.050855660415354
2.051389527416545
2.0519217324954115
2.0524522807633203
2.0529811773169064
2.0535084272380955
2.054034035594127
2.0545580074375778
2.055080347806384
2.0556010617238676
2.056120154198758
2.0566376302252194
2.0571534947828747
2.0576677528368306
2.0581804093377065
2.058691469221657
2.0592009374104023
2.0597088188112522
2.060215118317135
2.0607198408066263
2.061222991143975
2.0617245741791326
2.0622245947477817
2.0627230576713655
2.063219967757117
2.063715329798086
2.0642091485731724
2.0647014288471537
2.0651921753707163
2.0656813928804856
2.0661690860990563
2.0666552597350223
2.0671399184830106
2.0676230670237095
2.0681047100239005
2.0685848521364916
2.069063498000547
2.069540652241319
2.070016319470283
2.0704905042851647
2.070963211269975
2.071434444995045
2.071904210017052
2.0723725108790596
2.072839352110544
2.07330473822743
2.0737686737321255
2.0742311631135495
2.07469221084717
2.075151821395036
2.075609999205808
2.0760667487147955
2.076522074343987
2.076975980502086
2.0774284715845424
2.0778795519735866
2.0783292260382655
2.0787774981344715
2.0792243726049815
2.0796698537794867
2.080113945974627
2.080556653494027
2.0809979806283274
2.08143793165522
2.0818765108394808
2.0823137224330055
2.0827495706748413
2.083184059791223
2.0836171939956034
2.0840489774886923
2.0844794144584857
2.084908509080303
2.0853362655168177
2.0857626879180953
2.086187780421624
2.0866115471523496
2.08703399222271
2.0874551197326676
2.0878749337697453
2.0882934384090577
2.0887106377133464
2.089126535733015
2.089541136506161
2.0899544440586086
2.0903664624039453
2.090777195543554
2.0911866474666456
2.0915948221502947
2.0920017235594726
2.0924073556470795
2.0928117223539795
2.093214827609033
2.093616675329131
2.0940172694192283
2.094416613772376
2.094814712269756
2.095211568780714
2.0956071871627913
2.0960015712617595
2.096394724911654
2.0967866519348046
2.097177356141872
2.0975668413318775
2.097955111292238
2.0983421697987974
2.098728020615861
2.099112667496227
2.0994961141812203
2.0998783644007233
2.10025942187321
2.1006392903057796
2.101017973394185
2.10139547482287
2.101771798264999
2.1021469473824883
2.1025209258260413
2.1028937372351786
2.1032653852382706
2.1036358734525695
2.104005205484242
2.1043733849284
2.1047404153691334
2.105106300379542
2.1054710435217654
2.1058346483470176
2.106197118395617
2.106558457197018
2.106918668269842
2.1072777551219097
2.107635721250272
2.1079925701412425
2.108348305270426
2.1087029301027527
2.1090564480925074
2.109408862683361
2.109760177308401
2.110110395390164
2.1104595203406644
2.1108075555614265
2.111154504443515
2.111500370367565
2.1118451567038132
2.1121888668121285
2.112531504042041
2.112873071732775
2.1132135732132755
2.1135530118022428
2.113891390808159
2.114228713529319
2.1145649832538624
2.1149002032598014
2.1152343768150503
2.1155675071774573
2.1158995975948325
2.1162306513049782
2.116560671535718
2.116889661504927
2.1172176244205607
2.1175445634806853
2.117870481873505
2.1181953827773925
2.1185192693609194
2.1188421447828825
2.1191640121923343
2.1194848747286126
2.119804735521368
2.120123597690594
2.120441464346653
2.12075833859031
2.121074223512755
2.1213891221956365
2.1217030377110873
2.1220159731217536
2.122327931480823
2.122638915832053
2.1229489292098
2.1232579746390448
2.123566055135423
2.123873173705253
2.1241793333455607
2.1244845370441126
2.124788787779438
2.1250920885208595
2.1253944422285214
2.125695851853415
2.125996320337407
2.126295850613267
2.1265944456046952
2.126892108226348
2.127188841383867
2.127484647973904
2.1277795308841503
2.1280734929933627
2.1283665371713893
2.1286586662791978
2.1289498831689015
2.129240190683786
2.1295295916583354
2.12981808891826
2.130105685280521
2.1303923835533585
2.1306781865363162
2.13096309702027
2.1312471177874506
2.1315302516114736
2.131812501257362
2.132093869481574
2.132374359032029
2.1326539726481326
2.1329327130608027
2.1332105829924948
2.133487585157228
2.1337637222606105
2.1340389969998648
2.1343134120638534
2.1345869701331033
2.1348596738798324
2.1351315259679744
2.135402529053203
2.135672685782958
2.1359419987964694
2.136210470724783
2.1364781041907843
2.1367449018092253
2.137010866186746
2.1372759999219024
2.1375403056051883
2.1378037858190617
2.138066443137968
2.1383282801283645
2.138589299348746
2.1388495033496664
2.139108894673767
2.1393674758557952
2.139625249422633
2.139882217893318
2.1401383837790706
2.1403937495833136
2.1406483178016997
2.140902090922132
2.141155071424791
2.1414072617821542
2.141658664459024
2.1419092819125463
2.142159116592239
2.1424081709400102
2.1426564473901855
2.1429039483695287
2.143150676297266
2.143396633585109
2.1436418226372753
2.1438862458505166
2.144129905614136
2.1443728043100134
2.144614944312629
2.1448563279890833
2.1450969576991223
2.1453368357951583
2.1455759646222927
2.145814346518339
2.146051983813845
2.146288878832113
2.146525033889226
2.1467604512940652
2.146995133348336
2.147229082346587
2.1474623005762346
2.147694790317583
2.147926553843845
2.148157593421167
2.148387911308649
2.148617509758364
2.1488463910153843
2.149074557317798
2.149302010896734
2.1495287539763814
2.149754788774012
2.149980117500001
2.1502047423578476
2.1504286655441978
2.1506518892488624
2.1508744156548416
2.1510962469383434
2.151317385268806
2.1515378328089176
2.151757591714637
2.151976664135215
2.152195052213215
2.1524127580845325
2.1526297838784183
2.1528461317174945
2.1530618037177796
2.1532768019887056
2.153491128633139
2.153704785747402
2.1539177754212924
2.1541300997381017
2.154341760774638
2.154552760601244
2.154763101281818
2.154972784873833
2.1551818134283565
2.1553901889900713
2.155597913597294
2.1558049892819944
2.156011418069817
2.1562172019800974
2.1564223430258846
2.1566268432139597
2.1568307045448543
2.1570339290128695
2.157236518606097
2.1574384753064364
2.157639801089616
2.15784049792521
2.158040567776659
2.1582400126012877
2.1584388343503247
2.158637034968921
2.1588346163961685
2.1590315805651192
2.159227929402804
2.1594236648302503
2.159618788762501
2.159813303108634
2.160007209771779
2.1602005106491364
2.1603932076319974
2.1605853026057584
2.160776797449943
2.1609676940382196
2.161157994238416
2.1613476999125414
2.161536812916804
2.161725335101626
2.161913268311665
2.1621006143858295
2.1622873751572973
2.162473552453534
2.1626591480963095
2.1628441639017164
2.1630286016801876
2.1632124632365133
2.1633957503698578
2.1635784648737793
2.163760608536245
2.1639421831396493
2.1641231904608302
2.1643036322710887
2.1644835103362032
2.164662826416449
2.1648415822666123
2.165019779636011
2.1651974202685085
2.165374505902533
2.1655510382710923
2.1657270191017917
2.1659024501168496
2.1660773330331167
2.16625166956209
2.1664254614099305
2.16659871027748
2.166771417860277
2.1669435858485726
2.1671152159273492
2.167286309776334
2.1674568690700178
2.1676268954776683
2.167796390663349
2.1679653562859342
2.168133793999126
2.1683017054514684
2.168469092286365
2.1686359561420945
2.1688022986518263
2.168968121443636
2.1691334261405237
2.1692982143604254
2.1694624877162325
2.169626247815806
2.169789496261992
2.169952234652637
2.170114464580605
2.1702761876337906
2.1704374053951363
2.1705981194426474
2.1707583313494063
2.1709180426835895
2.1710772550084814
2.1712359698824906
2.1713941888591637
2.171551913487203
2.1717091453104764
2.1718658858680393
2.1720221366941446
2.172177899318258
2.1723331752650754
2.1724879660545353
2.1726422732018347
2.1727960982174435
2.17294944260712
2.173102307871923
2.173254695508231
2.173406607007752
2.17355804385754
2.173709007540011
2.1738594995329534
2.174009521309547
2.174159074338374
2.1743081600834353
2.174456780004163
2.1746049355554367
2.1747526281875946
2.1748998593464512
2.175046630473309
2.1751929430049737
2.1753387983737658
2.175484198007539
2.1756291433296897
2.175773635759173
2.175917676710516
2.1760612675938336
2.176204409814837
2.176347104774853
2.176489353870835
2.1766311584953772
2.176772520036727
2.176913439878801
2.1770539194011946
2.1771939599792005
2.1773335629838173
2.177472729781766
2.177611461735502
2.1777497602032283
2.1778876265389093
2.178025062092284
2.178162068208878
2.1782986462300187
2.1784347974928457
2.178570523330327
2.178705825071269
2.178840704040331
2.178975161558038
2.179109198940793
2.1792428175008913
2.1793760185465305
2.179508803381827
2.1796411733068246
2.179773129617511
2.179904673605827
2.180035806559683
2.180166529762967
2.1802968444955613
2.180426752033352
2.1805562536482426
2.1806853506081674
2.1808140441771013
2.1809423356150752
2.1810702261781856
2.181197717118608
2.1813248096846105
2.181451505120563
2.181577804666952
2.18170370956039
2.181829221033632
2.1819543403155817
2.182079068631308
2.182203407202056
2.1823273572452564
2.182450919974541
2.182574096599753
2.1826968883269573
2.182819296358455
2.1829413218927924
2.183062966124776
2.1831842302454794
2.1833051154422605
2.183425622898769
2.1835457537949594
2.1836655093071027
2.183784890607797
2.18390389886598
2.1840225352469393
2.184140800912326
2.1842586970201623
2.1843762247248564
2.1844933851772117
2.1846101795244386
2.1847266089101667
2.1848426744744534
2.1849583773537975
2.1850737186811497
2.185188699585923
2.1853033211940045
2.1854175846277646
2.1855314910060715
2.1856450414442983
2.185758237054336
2.1858710789446048
2.185983568220063
2.1860957059822184
2.186207493329141
2.1863189313554714
2.186430021152433
2.18654076380784
2.1866511604061127
2.1867612120282827
2.186870919752008
2.186980284651582
2.187089307797941
2.1871979902586807
2.18730633309806
2.187414337377018
2.1875220041531778
2.187629334480862
2.1877363294111003
2.1878429899916405
2.187949317266959
2.188055312278271
2.188160976063539
2.1882663096574864
2.1883713140916035
2.188475990394161
2.1885803395902177
2.188684362701633
2.1887880607470738
2.1888914347420263
2.1889944856988066
2.1890972146265684
2.1891996225313153
2.189301710415908
2.189403479280077
2.1895049301204295
2.1896060639304613
2.189706881700566
2.189807384418044
2.1899075730671123
2.1900074486289145
2.1901070120815307
2.190206264399986
2.190305206556261
2.1904038395193015
2.1905021642550264
2.1906001817263387
2.1906978928931338
2.1907952987123105
2.1908924001377783
2.1909891981204686
2.1910856936083425
2.1911818875464
2.191277780876692
2.1913733745383253
2.191468669467475
2.1915636665973928
2.1916583668584146
2.1917527711779723
2.1918468804806004
2.1919406956879466
2.1920342177187804
2.192127447489001
2.1922203859116496
2.1923130338969123
2.192405392352136
2.1924974621818323
2.1925892442876878
2.1926807395685737
2.1927719489205537
2.192862873236893
2.1929535134080673
2.193043870321771
2.193133944862926
2.193223737913691
2.1933132503534694
2.193402483058917
2.1934914369039538
2.193580112759769
2.193668511494831
2.193756633974896
2.193844481063017
2.1939320536195503
2.194019352502166
2.194106378565856
2.19419313266294
2.1942796156430777
2.1943658283532743
2.1944517716378895
2.194537446338646
2.194622853294638
2.1947079933423383
2.1947928673156083
2.1948774760457037
2.1949618203612853
2.1950459010884247
2.195129719050614
2.1952132750687725
2.195296569961257
2.195379604543868
2.1954623796298565
2.195544896029935
2.1956271545522843
2.1957091560025592
2.195790901183899
2.195872390896936
2.1959536259398
2.196034607108128
2.1961153351950724
2.1961958109913096
2.196276035285045
2.196356008862022
2.1964357325055306
2.196515206996414
2.1965944331130762
2.196673411631491
2.1967521433252077
2.1968306289653596
2.1969088693206715
2.1969868651574678
2.197064617239678
2.1971421263288464
2.197219393184139
2.1972964185623503
2.1973732032179107
2.197449747902895
2.1975260533670276
2.197602120357693
2.1976779496199397
2.1977535418964895
2.1978288979277454
2.1979040184517964
2.197978904204427
2.1980535559191234
2.19812797432708
2.1982021601572077
2.1982761141361418
2.198349836988247
2.1984233294356255
2.1984965921981234
2.1985696259933403
2.198642431536632
2.198715009541122
2.1987873607177053
2.1988594857750563
2.1989313854196357
2.199003060355699
2.1990745112853003
2.199145738908302
2.199216743922379
2.199287527023029
2.1993580889035758
2.1994284302551783
2.199498551766836
2.1995684541253966
2.1996381380155627
2.1997076041198977
2.199776853118833
2.199845885690675
2.1999147025116117
2.199983304255718
2.2000516915949637
2.2001198651992198
2.2001878257362657
2.200255573871793
2.200323110269416
2.2003904355906743
2.200457550495043
2.200524455639936
2.2005911516807144
2.200657639270691
2.20072391906114
2.2007899917012996
2.200855857838381
2.200921518117573
2.200986973182049
2.201052223672974
2.201117270229511
2.201182113488825
2.2012467540860916
2.2013111926545017
2.201375429825269
2.2014394662276344
2.2015033024888755
2.2015669392343087
2.201630377087298
2.2016936166692593
2.2017566585996686
2.2018195034960657
2.2018821519740626
2.2019446046473474
2.2020068621276923
2.2020689250249568
2.2021307939470973
2.2021924695001704
2.2022539522883395
2.202315242913881
2.2023763419771893
2.202437250076785
2.202497967809317
2.202558495769572
2.2026188345504782
2.2026789847431116
2.202738946936703
2.202798721718641
2.20285830967448
2.2029177113879457
2.20297692744094
2.2030359584135484
2.2030948048840417
2.2031534674288866
2.2032119466227487
2.203270243038498
2.2033283572472153
2.203386289818198
2.203444041318964
2.203501612315259
2.203559003371063
2.2036162150485916
2.203673247908306
2.2037301025089167
2.203786779407388
2.203843279158945
2.2038996023170783
2.2039557494335487
2.2040117210583956
2.2040675177399383
2.2041231400247843
2.2041785884578338
2.2042338635822833
2.204288965939634
2.2043438960696955
2.2043986545105905
2.204453241798761
2.2045076584689745
2.2045619050543257
2.2046159820862457
2.204669890094505
2.2047236296072197
2.204777201150856
2.204830605250235
2.2048838424285395
2.2049369132073164
2.2049898181064846
2.2050425576443393
2.205095132337555
2.205147542701195
2.20519978924871
2.2052518724919494
2.2053037929411636
2.205355551105008
2.2054071474905492
2.205458582603271
2.2055098569470775
2.205560971024298
2.205611925335693
2.2056627203804604
2.2057133268060336
2.2057636818691826
2.2058137116244683
2.2058633550194524
2.2059125769826413
2.2059613701588434
2.2060097498603812
2.206057746655982
2.206105369488979
2.206152596614953
2.2061993939833306
2.2062457370257222
2.2062916225786666
2.206337070240578
2.2063821174396576
2.2064268124192568
2.206471207708277
2.2065153551523364
2.2065593026680186
2.20660309245999
2.206646760316732
2.2066903356218175
2.2067338417919777
2.2067772969344333
2.2068207145854495
2.2068641044448167
2.2069074730581253
2.206950824423447
2.2069941605145944
2.2070374817223684
2.20708078722018
2.207124075262745
2.2071673434271943
2.2072105888056694
2.2072538081576707
2.207296998029446
2.207340154846664
2.207383274985604
2.2074263548272266
2.2074693907976615
2.2075123496695537
2.2075551650767458
2.207597759639645
2.2076400689668834
2.2076820546792795
2.20772370612374
2.2077650353340066
2.2078060696440365
2.207846844656782
2.2078873987315246
2.207927769205387
2.207967990118623
2.2080080910736615
2.2080480968692555
2.208088027619501
2.2081278991455546
2.2081677234958783
2.2082075095031635
2.2082472633234933
2.208286988928558
2.2083266885380035
2.2083663629889414
2.2084060120453115
2.208445634652736
2.208485229145685
2.208524793413976
2.2085643250352147
2.20860382137915
2.208643279689115
2.208682697144955
2.2087220709111337
2.2087613981730354
2.208800676163953
2.2088399021847462
2.2088790736177892
2.2089181879364763
2.2089572427113136
2.208996235613385
2.20903516441584
2.209074026993883
2.2091128213236537
2.209151545480304
2.2091901976354915
2.2092287760544767
2.2092672790929546
2.2093057051937306
2.2093440528833104
2.2093823207684724
2.2094205075328577
2.209458611933618
2.209496632798138
2.2095345690208497
2.209572419560151
2.209610153748946
2.2096477077918735
2.2096850068417577
2.209721988952297
2.2097586180721107
2.209794885749094
2.2098308060952707
2.209866408410639
2.209901730163799
2.2099368114899196
2.209971691420765
2.2100064056163666
2.210040985228711
2.210075456539259
2.210109841080499
2.2101441560296955
2.2101784147308976
2.2102126272535303
2.210246800933203
2.2102809408656134
2.210315050340642
2.2103491312136656
2.210383184216773
2.210417209215509
2.210451205417943
2.2104851715430756
2.210519105955174
2.2105530067699943
2.2105868719380495
2.2106206993093225
2.2106544866831026
2.210688231845965
2.210721932600367
2.210755586785865
2.2107891922945435
2.2108227470819526
2.2108562491745567
2.2108896966745077
2.2109230877623705
2.2109564206982943
2.2109896938220257
2.2110229055520514
2.211056054384116
2.211089138889288
2.211122157711717
2.2111551095661817
2.2111879932355167
2.211220807567976
2.211253551474576
2.2112862239264564
2.2113188239522827
2.211351350635705
2.2113838031128887
2.211416180570127
2.211448482241536
2.211480707406834
2.2115128553892194
2.211544925553327
2.211576917303278
2.211608830080815
2.2116406633635184
2.211672416663106
2.2117040895238116
2.2117356815208375
2.211767162572024
2.2117984694355965
2.211829527787485
2.2118602761756443
2.2118906790162245
2.2119207283000932
2.211950438559598
2.211979839493972
2.212008968951187
2.2120378377598895
2.21206642247005
2.212094685157251
2.2121225962273714
2.2121501470375597
2.212177351716383
2.212204242521578
2.2122308629886174
2.212257261474694
2.212283486203177
2.212309581993369
2.21233558843182
2.2123615391123788
2.2123874615894095
2.212413377759993
2.2124393044701325
2.212465254208084
2.212491235799795
2.212517255058114
2.2125433153618586
2.2125694181562916
2.212595563375742
2.2126217497941267
2.2126479753114867
2.2126742371853676
2.212700532215665
2.212726856890841
2.2127532075024727
2.212779580234129
2.2128059712295998
2.2128323766446525
2.2128587926857426
2.212885215638444
2.212911641887839
2.2129380679326496
2.2129644903945356
2.2129909060236828
2.2130173117015595
2.2130437044415467
2.2130700813879756
2.2130964398139947
2.2131227771186
2.2131490908230687
2.2131753785670014
2.2132016381041106
2.2132278672978756
2.21325406411714
2.21328022663172
2.21330635300807
2.213332441505033
2.213358490469705
2.2133844687091258
2.213410312000894
2.213435945126833
2.2134613057717067
2.213486357482023
2.2135110913590554
2.213535521029182
2.2135596752811573
2.2135835910616604
2.213607307986227
2.213630864579014
2.2136542960109304
2.2136776329670185
2.2137009012855695
2.2137241220798107
2.213747312130843
2.213770454807447
2.213793497146673
2.21381637241856
2.2138390245015733
2.213861421262115
2.213883556612815
2.21390544579435
2.213927118273618
2.2139486109542936
2.2139699628624743
2.213991211526693
2.2140123612588005
2.2140333786436592
2.2140542142544555
2.2140748266839494
2.2140951959050144
2.2141153255013286
2.2141352382188004
2.2141549691687423
2.2141745593413003
2.214194050571205
2.2142134821655173
2.2142328889656513
2.2142523004806516
2.214271740741644
2.214291228595917
2.2143107782364653
2.2143303998298505
2.214350100156505
2.2143698832139735
2.214389721242898
2.2144095517419147
2.2144292703295934
2.2144487514390896
2.2144678834572438
2.2144865944186516
2.214504860047139
2.2145226982165105
2.214540157052611
2.214557302209261
2.2145742062138862
2.2145909408061635
2.2146075721144785
2.2146241580846837
2.214640747506005
2.214657380068374
2.2146740870211987
2.2146908921330937
2.214707812756647
2.214724831449004
2.214741893511478
2.2147589297658623
2.2147758810320166
2.2147927115981982
2.214809411388346
2.2148259913640858
2.2148424765391046
2.2148588992908036
2.2148752941270606
2.2148916941271932
2.2149081288346317
2.2149246232405697
2.214941197508866
2.2149578671597046
2.214974643506225
2.2149915342049766
2.2150085438322433
2.2150256744347523
2.2150429260277886
2.215060297029443
2.2150777846292256
2.215095385094625
2.2151130940218846
2.2151309065382905
2.2151488174633074
2.2151667920481173
2.215184762647378
2.2152026506768685
2.215220390371676
2.215237941657866
2.2152552918362383
2.215272450598303
2.215289442733035
2.21530630119304
2.2153230616652078
2.2153397588551567
2.2153564242553436
2.2153730850300737
2.215389763662784
2.2154064780791116
2.215423242036661
2.2154400656396134
2.2154569558880093
2.215473917208386
2.215490951937335
2.215508060745509
2.215525242999347
2.2155424970633493
2.2155598205485605
2.2155772105140654
2.2155946636284765
2.215612176297965
2.2156297447667255
2.2156473651949935
2.215665033718954
2.2156827464961695
2.2157004997395053
2.2157182897419876
2.215736083498783
2.215753815287119
2.215771408558374
2.2157887996503125
2.215805950625204
2.2158228509276916
2.215839512380084
2.215855961872464
2.215872234415661
2.215888367701757
2.2159043983810225
2.2159203598247883
2.215936281007102
2.2159521861501816
2.2159680948468714
2.21598402245074
2.2159999805917314
2.216015977727013
2.216032019673568
2.2160481100939506
2.216064221527255
2.216080292322542
2.216096248829214
2.2161120293558185
2.216127597209007
2.2161429425134136
2.216158077336814
2.2161730284838326
2.216187830631217
2.216202520953416
2.216217135450742
2.216231706752323
2.21624626302894
2.2162607982814295
2.2162752690568603
2.2162896167316135
2.2163037917339623
2.216317737560188
2.2163313895476593
2.216344692234638
2.2163576161685525
2.2163701641442017
2.216382367717977
2.2163942787304873
2.216405959969393
2.2164174772780165
2.216428893904041
2.216440267014875
2.216451645944003
2.2164630716628784
2.2164745770363528
2.216486187524245
2.2164979220935503
2.2165097941886667
2.2165218126681463
2.216533982658631
2.216546306304132
2.216558783405752
2.2165714119567026
2.216584188582486
2.2165971088981813
2.2166101677950714
2.2166233596681626
2.2166366785949796
2.2166501184746523
2.2166636731349705
2.216677336413795
2.2166911022201123
2.216704964579014
2.216718917664081
2.216732955819954
2.2167470735773094
2.2167612656619924
2.216775526999704
2.216789852717326
2.216804238141731
2.2168186787967454
2.2168331703987794
2.2168477088515135
2.2168622902399546
2.216876910824086
2.2168915670322935
2.2169062554546954
2.2169209728364807
2.2169357160713217
2.2169504821949184
2.2169652683787144
2.2169800719237984
2.2169948902550227
2.2170097209153377
2.2170245615603523
2.2170394099531183
2.217054234574132
2.2170689711842915
2.2170835446949564
2.2170978928618847
2.2171119791129064
2.2171257942022615
2.2171393512065625
2.2171526782174062
2.2171658113972197
2.217178789542341
2.2171916503620537
2.2172044282431216
2.2172171531327973
2.2172298501854475
2.2172425398861035
2.2172552384416346
2.2172679582975063
2.2172807086897754
2.2172934961788733
2.217306325136596
2.217319198173745
2.2173321165055917
2.217345080257942
2.2173580887193904
2.217371140546551
2.2173842339291916
2.2173973373161506
2.2174103860837024
2.2174233045071183
2.2174360295401647
2.2174485237059525
2.2174607767939327
2.2174728008834723
2.2174846230543923
2.2174962490581533
2.217507654461511
2.2175188028222803
2.2175296671694533
2.2175402417246852
2.2175505432052254
2.217560605941024
2.2175704749553713
2.217580199535566
2.217589828347904
2.217599406252088
2.217608972555576
2.217618560327761
2.2176281964158817
2.217637901878407
2.217647692632002
2.217657580176696
2.217667572315792
2.2176776738236055
2.2176878870383536
2.217698212372777
2.21770864874406
2.2177191939294727
2.2177298448563754
2.2177405978358187
2.2177514487486865
2.2177623931925163
2.2177734265961577
2.217784544308395
2.217795741665665
2.2178070140431387
2.2178183568926264
2.2178297657701393
2.217841236355368
2.2178527644648875
2.217864346060527
2.21787597725404
2.2178876543089707
2.2178993736404085
2.2179111318131888
2.2179229255389514
2.21793475167239
2.217946607206947
2.2179584892701394
2.217970395118673
2.217982322133444
2.2179942678145186
2.218006229776155
2.2180182057419024
2.2180301935398186
2.218042191097824
2.2180541964392084
2.2180662076782998
2.2180782230162994
2.2180902407372853
2.218102259204383
2.218114276856104
2.218126292202846
2.218138303823547
2.218150310362498
2.2181623105262984
2.218174303080957
2.2181862868491247
2.2181982607074606
2.218210223584124
2.2182221744563813
2.218234112348331
2.218246036328736
2.218257945508958
2.2182698390409934
2.2182817161156008
2.2182935759605202
2.218305417838777
2.218317241047066
2.2183290449142166
2.2183408287997257
2.218352592092366
2.21836433420886
2.218376054592616
2.218387752712524
2.218399428061814
2.2184110801569616
2.218422708536654
2.2184343127607984
2.2184458924095805
2.2184574470825695
2.2184689763978636
2.2184804799912765
2.2184919575155626
2.2185034086396804
2.218514833048089
2.218526230440078
2.21853760052913
2.2185489430423146
2.218560257719707
2.2185715443138374
2.218582802589165
2.2185940323215774
2.2186052332979127
2.218616405315504
2.218627548181746
2.2186386617136806
2.218649745737602
2.2186608000886827
2.218671824610612
2.218682819155255
2.218693783582327
2.2187047177590804
2.218715621560009
2.2187264948665617
2.218737337566877
2.218748149555519
2.2187589307332334
2.2187696810067123
2.218780400288369
2.218791088496121
2.2188017455531877
2.2188123713878927
2.218822965933476
2.2188335291279158
2.218844060913756
2.2188545612379436
2.2188650300516697
2.2188754673102227
2.2188858729728413
2.218896247002581
2.218906589366179
2.2189169000339297
2.2189271789795644
2.218937426180135
2.218947641615904
2.218957825270237
2.2189679771295023
2.2189780971829722
2.218988185422729
2.2189982418435763
2.219008266442952
2.219018259220843
2.2190282201797107
2.2190381493244096
2.2190480466621154
2.2190579122022545
2.219067745956435
2.2190775479383826
2.2190873181638757
2.219097056650686
2.219106763418518
2.219116438488957
2.2191260818854075
2.219135693633049
2.219145273758778
2.219154822291165
2.219164339260403
2.219173824698265
2.2191832786380568
2.2191927011145784
2.21920209216408
2.219211451824223
2.219220780134041
2.2192300771339033
2.219239342865479
2.2192485773717006
2.219257780696732
2.219266952885933
2.2192760939858305
2.2192852040440854
2.219294283109463
2.2193033312318042
2.219312348461997
2.2193213348519487
2.2193302904545593
2.219339215323696
2.2193481095141667
2.219356973081696
2.2193658060829016
2.21937460857527
2.2193833806171352
2.2193921222676547
2.2194008335867887
2.2194095146352795
2.21941816547463
2.219426786167084
2.219435376775607
2.2194439373638666
2.2194524679962147
2.2194609687376663
2.219469439653886
2.2194778808111675
2.2194862922764185
2.219494674117141
2.219503026401419
2.219511349197899
2.219519642575777
2.2195279066047826
2.219536141355162
2.2195443468976666
2.2195525233035354
2.219560670644484
2.2195687889926887
2.219576878420774
2.2195849390017983
2.2195929708092432
2.219600973916998
2.2196089483993493
2.2196168943309678
2.2196248117868955
2.2196327008425363
2.2196405615736428
2.2196483940563048
2.219656198366939
2.219663974582278
2.219671722779359
2.219679443035513
2.2196871354283565
2.2196948000357786
2.2197024369359326
2.219710046207227
2.2197176279283135
2.2197251821780797
2.219732709035639
2.2197402085803217
2.219747680891666
2.2197551260494084
2.2197625441334763
2.2197699352239795
2.2197772994012004
2.219784636745587
2.219791947337746
2.2197992312584316
2.21980648858854
2.2198137194091028
2.219820923801277
2.2198281018463386
2.2198352536256754
2.219842379220781
2.2198494787132454
2.21985655218475
2.21986359971706
2.2198706213920194
2.219877617291541
2.2198845874976025
2.219891532092241
2.219898451157545
2.2199053447756474
2.2199122130287234
2.21991905599898
2.219925873768654
2.2199326664200028
2.2199394340353025
2.21994617669684
2.219952894486908
2.219959587487799
2.2199662557818036
2.2199728994512
2.2199795185782536
2.2199861132452092
2.2199926835342874
2.2199992295276796
2.2200057513075437
2.220012248955999
2.2200187225551216
2.2200251721869404
2.2200315979334326
2.220037999876519
2.2200443780980605
2.2200507326798538
2.2200570637036265
2.2200633712510354
2.2200696554036594
2.220075916242998
2.220082153850468
2.2200883683073966
2.220094559695022
2.220100728094486
2.2201068735868343
2.2201129962530093
2.2201190961738497
2.2201251734300858
2.220131228102336
2.2201372602711054
2.2201432700167807
2.220149257419628
2.220155222559791
2.220161165517286
2.2201670863720007
2.220172985203689
2.2201788620919727
2.2201847171163345
2.2201905503561172
2.220196361890521
2.2202021517986017
2.220207920159266
2.2202136670512727
2.2202193925532265
2.2202250967435777
2.220230779700621
2.2202364415024904
2.22024208222716
2.2202477019524394
2.2202533007559735
2.22025887871524
2.2202644359075467
2.22026997241003
2.220275488299654
2.220280983653207
2.2202864585473012
2.2202919130583694
2.220297347262665
2.220302761236259
2.2203081550550396
2.2203135287947093
2.2203188825307847
2.2203242163385934
2.2203295302932737
2.220334824469774
2.220340098942849
2.2203453537870605
2.220350589076775
2.2203558048861636
2.2203610012891977
2.220366178359653
2.220371336171103
2.2203764747969212
2.220381594310279
2.220386694784144
2.220391776291281
2.220396838904248
2.220401882695398
2.2204069077368764
2.2204119141006204
2.2204169018583593
2.2204218710816113
2.2204268218416856
2.2204317542096788
2.2204366682564753
2.220441564052748
2.2204464416689556
2.2204513011753417
2.2204561426419365
2.2204609661385537
2.2204657717347915
2.220470559500031
2.220475329503436
2.2204800818139536
2.220484816500311
2.2204895336310178
2.2204942332743642
2.2204989154984216
2.2205035803710396
2.2205082279598485
2.220512858332258
2.2205174715554565
2.220522067696411
2.220526646821866
2.220531208998345
2.2205357542921496
2.220540282769357
2.2205447944958236
2.220549289537182
2.2205537679588416
2.220558229825989
2.2205626752035874
2.220567104156376
2.2205715167488704
2.2205759130453626
2.220580293109921
2.2205846570063903
2.22058900479839
2.2205933365493173
2.2205976523223443
2.22060195218042
2.220606236186269
2.2206105044023916
2.2206147568910652
2.220618993714343
2.220623214934054
2.2206274206118044
2.2206316108089763
2.220635785586729
2.220639945005999
2.220644089127498
2.220648218011716
2.2206523317189197
2.2206564303091545
2.220660513842242
2.2206645823777826
2.2206686359751537
2.220672674693512
2.2206766985917925
2.2206807077287083
2.2206847021627527
2.2206886819521974
2.2206926471550945
2.2206965978292756
2.2207005340323525
2.2207044558217173
2.2207083632545435
2.220712256387786
2.22071613527818
2.2207199999822445
2.2207238505562787
2.220727687056366
2.220731509538372
2.2207353180579466
2.2207391126705223
2.2207428934313165
2.2207466603953314
2.220750413617354
2.220754153151956
2.220757879053496
2.2207615913761196
2.220765290173757
2.220768975500128
2.2207726474087375
2.220776305952881
2.2207799511856416
2.2207835831598914
2.220787201928293
2.220790807543297
2.2207944000571476
2.220797979521877
2.2208015459893113
2.220805099511068
2.220808640138557
2.2208121679229818
2.220815682915339
2.220819185166419
2.2208226747268087
2.220826151646889
2.2208296159768373
2.220833067766627
2.220836507066028
2.2208399339246085
2.2208433483917345
2.2208467505165705
2.220850140348081
2.220853517935029
2.220856883325979
2.220860236569296
2.2208635777131467
2.220866906805499
2.2208702238941256
2.2208735290266
2.2208768222503017
2.220880103612414
2.220883373159924
2.220886630939627
2.220889876998123
2.220893111381819
2.22089633413693
2.220899545309479
2.2209027449452976
2.2209059330900276
2.22090910978912
2.220912275087836
2.2209154290312494
2.2209185716642454
2.220921703031521
2.220924823177587
2.2209279321467683
2.220931029983204
2.2209341167308474
2.220937192433469
2.220940257134654
2.2209433108778063
2.2209463537061453
2.220949385662711
2.220952406790361
2.220955417131772
2.220958416729441
2.2209614056256872
2.22096438386265
2.2209673514822916
2.220970308526396
2.220973255036571
2.2209761910542487
2.2209791166206863
2.2209820317769653
2.220984936563994
2.220987831022507
2.2209907151930657
2.220993589116061
2.22099645283171
2.2209993063800604
2.2210021498009906
2.221004983134208
2.221007806419252
2.2210106196954933
2.2210134230021357
2.221016216378215
2.2210189998626024
2.221021773494002
2.221024537310954
2.2210078561609587
2.220974954752682
2.2209306767457324
2.2208789966549833
2.2208228803923546
2.220764479162977
2.220705333082379
2.22064653346102
2.2205888439872767
2.2205327895301363
2.2204787209254997
2.220426862266166
2.220377345495228
2.2203302357748553
2.2202855501327474
2.2202432711924653
2.2202033572959867
2.220165749970082
2.2201303794315037
2.220097168640548
2.2200660362779305
2.2200368989217707
2.2200096726296072
2.2199842740775653
2.2199606213698453
2.2199386346028933
2.2199182362472563
2.2198993513942176
2.219881907902478
2.219865836471295
2.2198510706598693
2.219837546867825
2.219825204287878
2.2198139848390266
2.219803833086462
2.2197946961528348
2.2197865236243177
2.219779267453998
2.2197728818644693
2.219767323250978
2.2197625500860965
2.219758522826608
2.219755203823076
2.219752557232403
2.2197505489335736
2.219749146446676
2.219748318855238
2.2197480367318674
2.2197482720671426
2.2197489982016885
2.219750189761342
2.2197518225953092
2.2197538737172082
2.2197563212488847
2.219759144366888
2.219762323251498
2.219765839038183
2.2197696737713954
2.2197738103605835
2.2197782325383266
2.219782894973424
2.219787719701064
2.219792618277545
2.219797515836677
2.219802364137401
2.2198071432613005
2.2198118565303013
2.2198165230664038
2.219821170707351
2.2198258304469762
2.21983053261761
2.2198353045837744
2.219840169575932
2.2198451463042304
2.2198502490607455
2.2198554880970405
2.2198608701320954
2.219866398898218
2.219872075670118
2.2198778997476944
2.21988386887947
2.2198899796235736
2.219896227648922
2.219902607982179
2.2199091152073174
2.2199157436247665
2.2199224873767727
2.219929340544928
2.219936297225036
2.2199433515837286
2.219950497900497
2.2199577305981832
2.219965044264381
2.2199724336657605
2.2199798937569035
2.2199874196849256
2.2199950067909
2.2200026506088677
2.2200103468630714
2.2200180914638827
2.2200258805028152
2.220033710246905
2.2200415771326876
2.2200494777599364
2.2200574088852982
2.2200653674159216
2.2200733504031422
2.220081355036289
2.2200893786366396
2.2200974186515565
2.220105472648815
2.220113538311143
2.2201216134309676
2.2201296959053742
2.220137783731284
2.220145875000833
2.220153967896959
2.220162060689186
2.220170151729601
2.2201782394490177
2.2201863223533134
2.2201943990199435
2.220202468094615
2.2202105282881193
2.2202185783733137
2.220226617182246
2.2202346436034173
2.220242656579174
2.2202506551032224
2.220258638218265
2.2202666050137476
2.220274554623711
2.2202824862247525
2.2202903990340777
2.220298292307646
2.2203061653384095
2.2203140174546294
2.2203218480182745
2.2203296564235
2.2203374420951905
2.2203452044875798
2.22035291328197
2.2203605048625406
2.2203679044736617
2.220375050270523
2.2203819063744175
2.2203884645942633
2.220394739378853
2.2204007604149343
2.220406565580435
2.220412195419268
2.220417689354399
2.220423083408563
2.2204284090619226
2.2204336928871964
2.220438956671293
2.2204442178106953
2.220449489835974
2.2204547829732775
2.22046010468814
2.220465460182282
2.2204708528303976
2.2204762845539054
2.220481756134338
2.220487237715495
2.2204926655043535
2.220497964072585
2.2205030705067497
2.193356657740147
2.144683969957911
2.0814466432758336
2.008604896128249
1.9295881963965358
1.8468046842060222
1.7619657165731295
1.6762943619960957
1.5906644997887376
1.5056980447285755
1.4218335929610773
1.33937549777583
1.2585298791818105
1.179431059993219
1.102160898973129
1.026762593385446
0.9532516161477436
0.8816235751221828
0.8118598367465398
0.7439318431460037
0.6778041367559227
0.6134364344142119
0.5507857099030989
0.4898076439298291
0.4304573265586889
0.3726900744944327
0.3164618188132886
0.2617293852370942
0.20845056522434563
0.15658437325868774
0.08156710122167947
-0.01119615082754169
-0.11532344691715875
-0.22636987704290018
-0.34132200393246925
-0.45810460059636215
-0.5752734536138866
-0.6918214146708116
-0.8070482806506585
-0.9204736310651092
-1.0548785156497409
-1.2046419589378232
-1.3634531039377407
-1.5269806887756807
-1.692335175242051
-1.8575649619579215
-2.0213433961363387
-2.1827751069237706
-2.3412665975072273
-2.4964352439948723
-2.6480523327270244
-2.7959940592604164
-2.940209191784287
-3.0807027171821737
-3.217517088669884
-3.3507176548581827
-3.4803852726827547
-3.606607797993132
-3.7294787838182817
-3.8490970377744262
-3.965562988309838
-4.078972168425161
-4.189416508554508
-4.296984130814824
-4.4017628917077385
-4.503836839011337
-4.603286025573961
-4.700187138758012
-4.7946132006278805
-4.886635927611191
-4.97632424044879
-5.0637420917017035
-5.148950477122929
-5.23200718275461
-5.3129691597489055
-5.391890064931455
-5.468821451517609
-5.54381170224461
-5.616906193534959
-5.688147807387975
-5.757577549288334
-5.825237477287627
-5.891167839001386
-5.955408122039951
-6.0179960606797245
-6.078968622825233
-6.138362754616877
-6.1962129036316975
-6.252551393696737
-6.307410018173189
-6.360820498754806
-6.412812707318821
-6.463415061428825
-6.5126548542762634
-6.560558679686175
-6.607153070027058
-6.652463772228972
-6.696516951987558
-6.7393379422733455
-6.780951203447387
-6.821380384994884
-6.860648325248516
-6.898778707384626
-6.935794041293006
-6.9717156805094325
-7.006564119469656
-7.040359395367283
-7.073121810017828
-7.1048705781929185
-7.135624260804706
-7.165400946997341
-7.194218618606933
-7.2220951940572355
-7.249048130480498
-7.275094998748073
-7.300252820288362
-7.3245379420191945
-7.347966173305108
-7.3705528943566945
-7.392313127747487
-7.413261584486808
-7.433412693515994
-7.452780729932588
-7.471379737942797
-7.4892236572178525
-7.506326415581997
-7.522701459989266
-7.538361908690676
-7.55332050512607
-7.567589712879952
-7.581181936562624
-7.5941093745681165
-7.606383851333126
-7.618016875175714
-7.629019693128308
-7.639403326045875
-7.649178590752708
-7.658356114346161
-7.6669463436700145
-7.674959551777356
-7.682405842524033
-7.68929515402202
-7.695637261421008
-7.701441801638377
-7.706718278682571
-7.711476049557781
-7.715724308312712
-7.719472078059153
-7.722728211477853
-7.725501396550459
-7.727800164248027
-7.729632896115761
-7.731007830826798
-7.73193314311927
-7.73241709333931
-7.732467704606652
-7.7320927800044865
-7.7312999408447345
-7.730096651920369
-7.728490237387153
-7.726487891169181
-7.72409668409841
-7.721323569036482
-7.718175384718423
-7.714658858774037
-7.71078061021574
-7.706547151579169
-7.701964890838041
-7.697040133172631
-7.691779082643615
-7.686187843804487
-7.680272423273544
-7.6740387532010965
-7.6674926959544525
-7.679139214458083
-7.723415916608286
-7.791660214995602
-7.8760351686683645
-7.971139788884848
-8.07322584236293
-8.17962571639444
-8.288407984771633
-8.398163334086698
-8.50786005225964
-8.616744967778205
-8.724269361784764
-8.830038803084207
-8.93377095426012
-9.035268754024763
-9.134404876119968
-9.23110944970984
-9.325343786085492
-9.417093231574928
-9.506362043695734
-9.593169639546062
-9.677549852844813
-9.75954587475993
-9.839208114929692
-9.916591945850778
-9.991751447338473
-10.064739867911591
-10.135613383992501
-10.204428423286574
-10.271239926322126
-10.336100355165827
-10.399060156920589
-10.460168027434058
-10.519470881901121
-10.577014131902567
-10.632843432188224
-10.68700371492549
-10.739537896568782
-10.790487268472912
-10.83989117472781
-10.887787306549473
-10.934211642548656
-10.979199874028012
-11.022786943179717
-11.06500698804634
-11.105892473956573
-11.14547316731563
-11.18377730280126
-11.220831996743824
-11.256663831498066
-11.29129844480643
-11.324760789205337
-11.35707530491722
-11.388265498500415
-11.418355590470492
-11.447367994734226
-11.475323940496533
-11.502244037716405
-11.528148305853563
-11.55305611855777
-11.576986199900647
-11.599956680219293
-11.62198514113861
-11.643088689812524
-11.663283963679747
-11.682587155385695
-11.7161943509927
-11.760769380760244
-11.812630759484978
-11.869287833287357
-11.929049050326642
-11.990719188194149
-12.068241228119039
-12.157580721707966
-12.254572978363433
-12.3563746310213
-12.461026421211216
-12.56713165345419
-12.673670325467508
-12.77988718209704
-12.88521861977542
-12.989247477494562
-13.09167018269015
-13.192269906330832
-13.290886790713197
-13.387404606403827
-13.48174506149475
-13.573865523106917
-13.663747220205714
-13.751388660245567
-13.836801998915007
-13.920003884585059
-14.001018376149531
-14.079875980542766
-14.156619557415414
-14.231289886586282
-14.303928244226315
-14.374576543545373
-14.443275018930947
-14.51006554574804
-14.574993477139127
-14.638102143630203
-14.699435303352596
-14.759039476854706
-14.816957787161288
-14.873230550251629
-14.927896000861145
-14.980990305177215
-15.032546649027232
-15.082601057481979
-15.131188386587075
-15.178340714906822
-15.22408876365837
-15.268462411478147
-15.311491106995662
-15.35320492439141
-15.393631516681614
-15.432796951991305
-15.47072612424647
-15.507442961040951
-15.542970590977072
-15.57733145993474
-15.610547349572265
-15.642639308590537
-15.673626659034955
-15.703528592882387
-15.732364293708498
-15.760152635997926
-15.78691197597919
-15.81266254517561
-15.837424049289696
-15.861214646221153
-15.88405126436884
-15.905949779499299
-15.92692506932352
-15.946991400227697
-15.966162588736909
-15.984452071912232
-16.00187294081874
-16.018438169934534
-16.03416188448311
-16.049056541577222
-16.06313397086575
-16.076405603331146
-16.088882562283214
-16.10057571710422
-16.11149575018356
-16.12165315980603
-16.13105824522421
-16.139721098063948
-16.1476516017097
-16.154859435412266
-16.161354080534416
-16.16714482754363
-16.172240783095283
-16.17665087692306
-16.180383881370023
-16.183448419946636
-16.185852964311625
-16.187605829618516
-16.188715173863194
-16.18918900166451
-16.189035170886292
-16.18826140037968
-16.186875277691463
-16.184884266177146
-16.182295711356332
-16.179116846555587
-16.175354797963326
-16.1710165892323
-16.16610914574714
-16.160639298647276
-16.154613788670435
-16.148039269861027
-16.14092231317244
-16.133269409981196
-16.125086975523853
-16.116381352262405
-16.10715817344199
-16.097422672903598
-16.087180373065074
-16.076436961359533
-16.065197989688368
-16.053469036294118
-16.04125572358113
-16.028563695988314
-16.015398599341445
-16.001766067079377
-15.987671711821996
-15.973122540684003
-15.958124664195699
-15.942683727995954
-15.926805195353857
-15.910494432598961
-15.893756749202813
-15.876597419940408
-15.859021697828986
-15.841034834205338
-15.822642085645352
-15.803848708249857
-15.784659954683175
-15.765081182424787
-15.74511773913109
-15.724774913885927
-15.704056107895118
-15.682965197691848
-15.661506554511373
-15.639684854508255
-15.617504957866036
-15.594971850222034
-15.572090363369394
-15.548866863163802
-15.525307182107367
-15.501416492196158
-15.477201898785557
-15.452669796049495
-15.427825688251534
-15.402674555118939
-15.377221197707636
-15.351470317624969
-15.325426544114666
-15.29909446296771
-15.27247864477751
-15.245582312771047
-15.218408465976516
-15.19096070869453
-15.163243256419099
-15.135260907034663
-15.10701860745509
-15.078521292734886
-15.049773775719288
-15.020780765466451
-14.991546903338582
-14.962077713844536
-14.932380248847558
-14.902459568801905
-14.872320214968154
-14.84196653510522
-14.811403453311817
-14.78063742607064
-14.749672226307215
-14.718510882046386
-14.687156685070658
-14.655613259743445
-14.623884627967408
-14.591975063801726
-14.559888934261988
-14.527630993546174
-14.495206194872116
-14.462619264825046
-14.429874648049601
-14.396976602516196
-14.363929287647782
-14.330736761464111
-14.297403014832701
-14.263932002846392
-14.230326459960738
-14.196590747743205
-14.162730707999899
-14.12875122573231
-14.094656475035249
-14.060450227399219
-14.026138152883647
-13.991725227463643
-13.957216585200838
-13.92261877670788
-13.887936190369972
-13.853172506059074
-13.81833090999429
-13.78341430798441
-13.748425438440337
-13.713366483674209
-13.678239406488158
-13.643046271339736
-13.607789248667371
-13.572470593396318
-13.537092844824521
-13.501658601451927
-13.466170468710743
-13.430631056953803
-13.395043752759447
-13.359411963156996
-13.323738787689274
-13.288027118378574
-13.252281839139517
-13.216507766577362
-13.180708194635407
-13.144885653202767
-13.109042246488283
-13.073179791500129
-13.03729990577009
-13.001404083168746
-12.965494165662896
-12.929577444238252
-12.893657783455676
-12.857737452644093
-12.821818881121274
-12.78590413772327
-12.749994716845492
-12.714091711466105
-12.678196004445036
-12.642308967737668
-12.60643243813249
-12.570567945015462
-12.5347166992436
-12.498879637020314
-12.463059608807837
-12.4272586218564
-12.39147774829136
-12.355717684993087
-12.319978940971751
-12.284261930999334
-12.2485678290761
-12.212898196688709
-12.177254233920735
-12.14163674827675
-12.106046871017988
-12.07048620241252
-12.034955705133322
-11.999456054814573
-11.963988167349939
-11.928555411598756
-11.89315874445117
-11.857798367406893
-11.822474141938839
-11.787185785330262
-11.751932984262625
-11.716717332174083
-11.681541936349259
-11.646410418520949
-11.6113247024227
-11.57628547202518
-11.541294420257259
-11.506352141339008
-11.471458269850311
-11.436611916213584
-11.401811959166626
-11.383920038165368
-11.37981108127282
-11.385695549616614
-11.39890289975262
-11.417538034889093
-11.440120546155418
-11.465581868651968
-11.493092414696681
-11.521993956869684
-11.551757116404984
-11.581953604104404
-11.612236056056824
-11.642323901054052
-11.671990171898376
-11.701053637930205
-11.729368120652246
-11.756816891661062
-11.799539841100332
-11.854263228999729
-11.917161501157578
-11.985562024616804
-12.057589298994676
-12.131874273254578
-12.207385563044904
-12.28333087122552
-12.359096104147788
-12.43420537240884
-12.50829124444756
-12.581067075750973
-12.652313027803794
-12.721863761026485
-12.78959651686077
-12.855422241140774
-12.919279477330717
-12.981129411852189
-13.040951708858714
-13.098744320272438
-13.154517429696108
-13.208291719421437
-13.260093125091386
-13.309955683620938
-13.35791510495973
-13.404009111846442
-13.448277093288059
-13.490759685452405
-13.531498376786194
-13.570535177863398
-13.60791226621084
-13.643671710135832
-13.677855318374005
-13.71050444664321
-13.741659636645908
-13.771360485273435
-13.799645661154893
-13.82655257006092
-13.852117208162507
-13.87637469850188
-13.899359709422269
-13.921106424099442
-13.941647152643064
-13.961012847241573
-13.979233316324615
-13.996337270687041
-14.012352416688184
-14.027306588000355
-14.04122601079275
-14.054135473109891
-14.066058714282427
-14.077018591121702
-14.087037152015863
-14.096135679387947
-14.104334725866028
-14.1116541494083
-14.118113147225706
-14.123730287844767
-14.12852354138359
-14.132510307957993
-14.135707444068835
-14.13813128767729
-14.13979768336309
-14.140722003893218
-14.140919169715625
-14.140403667932878
-14.139189571155518
-14.137290556091743
-14.134719921649424
-14.131490606393061
-14.127615205274328
-14.123105985607626
-14.117974902292989
-14.112233612305332
-14.105893488477141
-14.098965632616844
-14.091460887976242
-14.083389865222083
-14.074762956220336
-14.065590334938568
-14.055881958136272
-14.045647569003984
-14.034896703880113
-14.023638701488663
-14.011882713453959
-13.999637714909445
-13.986912548865256
-13.973717046357052
-13.960059884949063
-13.945948955513702
-13.931392441599362
-13.916399150383993
-13.900977223975767
-13.885134433235388
-13.868878312589455
-13.852216224219742
-13.83515539550751
-13.81770294307115
-13.799866020407343
-13.781651778480327
-13.763067378983123
-13.744119986007426
-13.72481652551971
-13.705163681331028
-13.685167954493945
-13.664835696304081
-13.644173142477142
-13.623186437998347
-13.601881654310608
-13.580264801027296
-13.558341833822906
-13.536118659670974
-13.513601140243557
-13.490794777741657
-13.467704861764883
-13.444336737409174
-13.420695791925917
-13.396787427411669
-13.372617043073136
-13.348190024162765
-13.32351173469425
-13.298587512402396
-13.273422665116234
-13.24802258984379
-13.222392988556154
-13.196539559289722
-13.170469875400654
-13.144190368548685
-13.117706515933476
-13.091023230510261
-13.06414509010955
-13.037077654209671
-13.009826865838793
-12.982397686745355
-12.95479592450855
-12.927026634392183
-12.899093685696375
-12.871000573594547
-12.842750653881817
-12.814347245565383
-12.785793697843111
-12.757093413566633
-12.728249845455828
-12.699266999640807
-12.670149147993781
-12.640900330157514
-12.611524316177588
-12.582024849422341
-12.552405787431082
-12.522670875893894
-12.492823893591538
-12.4628684823474
-12.43280803763058
-12.402648009099021
-12.372392273920287
-12.342043885788367
-12.311605497016998
-12.281079558534868
-12.250468429271745
-12.219774439880394
-12.188999965151604
-12.158147706235601
-12.12722110333072
-12.096223508798758
-12.06515791649381
-12.050238438660589
-12.048410500176903
-12.056022467484146
-12.07051970499156
-12.090100678677386
-12.113434589539207
-12.139504319562787
-12.167515375287268
-12.19683833923673
-12.22696901131301
-12.25750073321192
-12.288104305817455
-12.318513026219057
-12.348510947464197
-12.377923733347817
-12.406611555120888
-12.434464692360404
-12.461396532616837
-12.487339142474411
-12.51224058018059
-12.536062438683425
-12.558777707856628
-12.580368999263133
-12.600826894670417
-12.620148777038024
-12.63833744719743
-12.655400286206538
-12.671348241698448
-12.68619491621016
-12.69995601010049
-12.712648901011159
-12.724292287578903
-12.734905880606384
-12.744510136291277
-12.753126027653524
-12.760774850339253
-12.76747805899844
-12.773257130587274
-12.77813345122146
-12.782128223419566
-12.785262390950148
-12.787556578809502
-12.789031046130814
-12.789705650087107
-12.804975380853627
-12.831818414270272
-12.866712807900592
-12.907221873589295
-12.951647333112367
-12.998751188692351
-13.04760116787317
-13.097484473642174
-13.147843731280352
-13.198244000848481
-13.248342102907296
-13.297868982999812
-13.346610300789022
-13.394396067098771
-13.441093004832682
-13.486597843277622
-13.530831892172793
-13.573736682953161
-13.615270375260993
-13.655404815001658
-13.694123119187799
-13.731417893144831
-13.76728916485363
-13.801742935604153
-13.834789942975123
-13.866444266575881
-13.896723447061675
-13.925649293865062
-13.953244787963014
-13.979533781223749
-14.004540840523687
-14.028291457489011
-14.050813005443306
-14.072131504707025
-14.092272566871648
-14.111261497833464
-14.129123318122756
-14.145882711412606
-14.16156395876353
-14.17619088522836
-14.189786821399355
-14.202374577254764
-14.213976430947747
-14.224614116689843
-14.23430881352495
-14.243081138757828
-14.250951146918146
-14.257938335742498
-14.278202440574864
-14.308891579914636
-14.346763955874952
-14.389603915439736
-14.435878221177575
-14.484476076038364
-14.53456882373668
-14.585520683360867
-14.63683623036483
-14.688125654688875
-14.739083881626513
-14.78946746395251
-14.839082494995822
-14.887775002975392
-14.935421182473359
-14.98192491337151
-15.027212859220754
-15.07123302629015
-15.113948362854524
-15.155332180201382
-15.195367238921877
-15.234044275623171
-15.271360677000493
-15.307319358505104
-15.341927799728454
-15.375196981449871
-15.407140621917177
-15.437774817474912
-15.46711689352455
-15.495186975033782
-15.522005946564782
-15.547595344622751
-15.571977136294135
-15.595173543569974
-15.617206899974443
-15.638099529153092
-15.65787370008096
-15.6765524120571
-15.694159441431797
-15.710717293873588
-15.739296214883925
-15.777212866096082
-15.821480508245461
-15.87007915068992
-15.92162281143019
-15.975111083687263
-16.029793826049843
-16.08509654697972
-16.140573981545433
-16.195875152406956
-16.25072255254814
-16.30489843401072
-16.358230109045167
-16.410580042523833
-16.46183958435431
-16.51192356994559
-16.560765634368703
-16.608312769347258
-16.654526796518933
-16.699382067693662
-16.742863053100823
-16.784962266009636
-16.825678836955436
-16.86501721866318
-16.902986079029702
-16.939600053992677
-16.97487749642489
-17.008836999617646
-17.041498788135712
-17.072885960174247
-17.103019543982928
-17.131919368251587
-17.1596051572191
-17.1860968784642
-17.211413856585256
-17.235575424245514
-17.25860152040685
-17.280512399808153
-17.301328362909448
-17.321069583659195
-17.33975599938156
-17.35740723672016
-17.374042624146554
-17.38968113319339
-17.404341304539948
-17.418041206983638
-17.430798414155994
-17.442630001744476
-17.45355257831248
-17.463582292142753
-17.472734823927276
-17.481025395549356
-17.488468783055676
-17.49507933173034
-17.500870971938344
-17.505857245758953
-17.510051326059493
-17.513466024736907
-17.51611379764716
-17.51800675161742
-17.519156654806483
-17.51957495255494
-17.519272785503436
-17.518261001764245
-17.516550166327487
-17.514150570760407
-17.511072243875077
-17.507324963002446
-17.50291826540071
-17.497861459481523
-17.49216363569065
-17.497990069113218
-17.512907248690343
-17.534210432161853
-17.56007774863653
-17.58925715260114
-17.62083860985853
-17.654132832652156
-17.688602979341127
-17.723822795926633
-17.759449081670294
-17.795202456552524
-17.830852867400893
-17.866210855780682
-17.90112024831268
-17.935452260757575
-17.969101129957938
-18.001980652885898
-18.034018192087334
-18.065163324858595
-18.095372509599944
-18.124609805553806
-18.15284643628105
-18.180060103992087
-18.20623432352966
-18.231357704610346
-18.25542320594095
-18.278427531551305
-18.30037059753322
-18.32125506830859
-18.34108618250222
-18.35987117523099
-18.377618809832697
-18.394338568761988
-18.410040893973196
-18.42473722782694
-18.438439836442647
-18.45116161335295
-18.46291591108226
-18.473716421617624
-18.483577072112418
-18.492511903569984
-18.500534979247146
-18.50766032010451
-18.51390185421503
-18.519273375016876
-18.523788507231426
-18.52746067975343
-18.53030310460243
-18.532328760954556
-18.545151631798475
-18.566454888985163
-18.593678927225056
-18.625106975644083
-18.659561464048224
-18.696186538352926
-18.73433199014714
-18.773488265659772
-18.81325052517728
-18.85329353458218
-18.893352534239195
-18.933209997076755
-18.97268654392387
-19.011633675373066
-19.049928583882338
-19.087472301535637
-19.12418140678505
-19.15998725684314
-19.19483400827366
-19.22868174599996
-19.261498139895924
-19.29325699725105
-19.32393787210201
-19.353524326058974
-19.3820044722219
-19.409371384972836
-19.43562230209665
-19.4607578911109
-19.484781719204722
-19.50769977701992
-19.529520057821294
-19.55025217706271
-19.5699070429476
-19.58849658797327
-19.606033554003133
-19.62253067250361
-19.63800116875701
-19.652458834552476
-19.66591788675435
-19.678393008759425
-19.68989886084045
-19.70045023886587
-19.710061834252983
-19.718748162748096
-19.72652350234397
-19.733401906111368
-19.739397211369088
-19.744523033578016
-19.748792752272198
-19.75221949674685
-19.75481613415427
-19.756595262561458
-19.757569209304084
-19.7577500279432
-19.75714949374715
-19.755779099995536
-19.753650056483913
-19.750773290466064
-19.747159449709002
-19.742818907195407
-19.73776176704882
-19.73199787134545
-19.725536807561706
-19.71838795711961
-19.710560600339267
-19.70206364035259
-19.692905177575074
-19.683092750509935
-19.672633778428533
-19.66153563962422
-19.649805652382145
-19.637451048501905
-19.624477539997752
-19.610890843285972
-19.596697064557187
-19.581902525059725
-19.56651362457541
-19.55053676348563
-19.533978298748455
-19.51684452202264
-19.499141705783252
-19.480876205259634
-19.462054281106795
-19.442682040797
-19.422765454430742
-19.402310377859404
-19.381322568958865
-19.359807699586653
-19.337771368775233
-19.31521912198604
-19.29215644618329
-19.268588769328993
-19.244521467141343
-19.219959880032317
-19.19490803544365
-19.16936969310965
-19.143345998885607
-19.116838800012893
-19.089851052796806
-19.062386524926655
-19.034449532092523
-19.006044759711823
-18.9771774643147
-18.947856876073047
-18.918094483269684
-18.887898787104593
-18.857276287164307
-18.8262323228995
-18.794771604116878
-18.762898536226864
-18.730617432363825
-18.697932662246988
-18.67693045291898
-18.665399270515334
-18.660811321355997
-18.661462777966808
-18.666176727280206
-18.674087115332714
-18.684525495916105
-18.69695851765126
-18.710950328625007
-18.726137617302456
-18.742213812052114
-18.758917886167207
-18.776025972348744
-18.79334501483322
-18.810707879690828
-18.82796950944771
-18.845003837567486
-18.86170129295534
-18.87796670871758
-18.89371753045459
-18.908882296415197
-18.92339934015543
-18.937215683435056
-18.950286068254353
-18.96257209317061
-18.974041445189865
-18.984667219642994
-18.99442747506673
-19.003304623826487
-19.011285068100445
-19.018359409110865
-19.024520865846963
-19.02976456171849
-19.034087507333798
-19.03748853009022
-19.039968149466205
-19.04152842967479
-19.042172826731985
-19.041906038050186
-19.040733858572644
-19.038663045542727
-19.03570119297827
-19.031856616296796
-19.027138247123503
-19.02155553803478
