-65.0
-64.70558002360234
-64.4124955654711
-64.12073612933101
-63.83029229164232
-63.541154580024276
-63.25331360619407
-62.966760409191245
-62.681486155191415
-62.397480885295955
-62.11473493742053
-61.83323884744705
-61.55298197882356
-61.2739529454566
-60.99614059969547
-60.719533909458235
-60.44411855596628
-60.16988059924998
-59.89680634696493
-59.62488039570488
-59.3540842894084
-59.08440003032086
-58.815809923792415
-58.54829125032893
-58.28181928379498
-58.016369883334626
-57.75191929875582
-57.48843318399852
-57.22587747843048
-56.964218883389016
-56.703422389805084
-56.443438495279935
-56.184219229659426
-55.92571764013366
-55.66788050543154
-55.41063716987097
-55.15391903828017
-54.89765885741429
-54.641776022467035
-54.386168685099975
-54.130737686747274
-53.875385523834574
-53.61999029378681
-53.36440395138272
-53.10848169896896
-52.85208045319532
-52.59501428636935
-52.33706593101767
-52.078021325966844
-51.81766727699127
-51.55571325422666
-51.2918360549107
-51.025713629832765
-50.75702138727473
-50.48528544227876
-50.210014842987164
-49.93071212248427
-49.646813333236416
-49.357561723563016
-49.0621841714748
-48.75987902688019
-48.449545057463446
-48.12996129920325
-47.79984111154565
-47.457527276313314
-47.101045138600874
-46.728265560998736
-46.336358406175705
-45.92200796620866
-45.481352501543434
-45.00917830542576
-44.499564551743404
-43.94420092333084
-43.333171156619855
-42.652713919996664
-41.88483278144101
-41.00521723398239
-39.979730744031
-38.75912722185432
-37.2707183629306
-35.40603032019143
-33.00032583792918
-29.809434798589603
-25.508843141990702
-19.84024696180673
-13.136475539816402
-6.900827067775408
-2.7745652924453577
-0.8178339788161295
-0.09474966452780509
0.13555866719348952
0.20625789310448384
0.23108775155178612
0.2436840229236532
0.25338539855001474
0.2627796270423214
0.2726251716617101
0.2831722988827294
0.2945199734981384
0.3067173287533961
0.31979528121904227
0.33377758815412584
0.3486851373364906
0.3645376816883442
0.3813544670248743
0.39915432088990493
0.4179554543167177
0.4377751001114178
0.4586290535172291
0.4805311530806243
0.5034927253118215
0.5275220094364436
0.5526235749197581
0.5787977428527126
0.6060400218165112
0.6343405689633599
0.6636836874353643
0.6940473716697013
0.7254029124467886
0.7577145736101963
0.7909393521324668
0.8250268325542464
0.859919145743568
0.8955510403888431
0.9318500736600527
0.9687369250786173
1.0061258348839144
1.0439245950782947
1.08203309210073
1.1203482635337392
1.1587643218358052
1.1971733726981602
1.2354662672246062
1.2735335912092038
1.2415860383392667
1.1835591533896763
1.1108602904707108
1.0287123949924315
0.9401544839875121
0.8471345640011742
0.7509760705299396
0.6526209015685642
0.5527679915722532
0.4519554509657895
0.3506145604063298
0.24910243932692144
0.14772246943028886
0.04673725979119349
-0.05362246868090914
-0.1531533562993342
-0.25167404595929316
-0.34902131167577993
-0.44504912506098904
-0.5396283856296391
-0.6326444491673495
-0.7239966164411883
-0.813597504251767
-0.9013739514819892
-0.9872650016594531
-1.0712196668710057
-1.1531992130811186
-1.233172834119363
-1.3111176823102761
-1.3870189289560948
-1.4608693546740124
-1.5326687728960149
-1.6024235199689978
-1.6701461684868186
-1.7358541821070939
-1.7995693151346601
-1.8613171649012816
-1.9211267606573859
-1.9790299878699529
-2.035061129589004
-2.0892576017458047
-2.14165825237076
-2.1923040793771387
-2.2412359185844166
-2.288494568463596
-2.3341209059121333
-2.378155928310161
-2.420640623582324
-2.4616158268314337
-2.5011220960484626
-2.539199629751446
-2.575888250200329
-2.611227121519367
-2.6452546850805767
-2.6780086178514755
-2.709525973003241
-2.739843001904141
-2.768994909468566
-2.797015922274071
-2.823939352554449
-2.8497975959144575
-2.874622128333509
-2.8984435099064934
-2.9212913928957764
-2.9431945326570634
-2.9641808009084776
-2.984277209146174
-3.003509924198411
-3.0219043836836046
-3.039485567378774
-3.0562772472456916
-3.0723023259449413
-3.0875829260096324
-3.102140436847595
-3.1159955485344923
-3.1291682795191513
-3.141678001037563
-3.1535434596088314
-3.1647827983405805
-3.1754135774686234
-3.1854527943825897
-3.1949169029699607
-3.2038218326966463
-3.2121830071338375
-3.2200153613687235
-3.2273333594964315
-3.234151011671911
-3.24048189425761
-3.2463391754038455
-3.25173561152468
-3.2566835607673776
-3.261194999629897
-3.2652815389384635
-3.2689544386252645
-3.2722246214144786
-3.2751026856065315
-3.27759891711842
-3.2797233008949838
-3.2814855317721876
-3.282895024849638
-3.283960925413788
-3.2846921184428544
-3.285097237717852
-3.285184674559859
-3.2849625862109053
-3.284438903874088
-3.283621340427357
-3.28251739782458
-3.281134374196902
-3.279479370666912
-3.277559297887707
-3.2753808823185344
-3.272950672248324
-3.2702750435780157
-3.2673602053722117
-3.2642122051903035
-3.260836934206814
-3.257240132130338
-3.2534273919300567
-3.249404164378427
-3.2451757624182993
-3.2407473653623198
-3.236124022932152
-3.231310659144689
-3.2263120760521162
-3.221132957342332
-3.2157778718059937
-3.2102512766760642
-3.2045575208455577
-3.1987008479688432
-3.192685399451612
-3.186515217334394
-3.180194247074284
-3.1737263402292513
-3.167115257049264
-3.160364668978213
-3.153478161070456
-3.1464592363763177
-3.139311321928982
-3.132037763095413
-3.1246418249207006
-3.117126695541305
-3.109495488835733
-3.101751246237437
-3.0938969389540687
-3.08593547003675
-3.0778696762788798
-3.0697023299858484
-3.061436140647473
-3.0530737565340798
-3.044617766229718
-3.0360707001115834
-3.0274350317815544
-3.0187131794541355
-3.0099075073036476
-3.0010203267729545
-2.9920538978454507
-2.9830105842181447
-2.9738925957748226
-2.9647020493546083
-2.9554410011627095
-2.9461114569491995
-2.936715376942015
-2.927254678698539
-2.9177312389160455
-2.908146894681934
-2.89850344442423
-2.888802648709165
-2.8790462309366447
-2.869235877992294
-2.859373240891914
-2.8494599354318173
-2.8394975428474747
-2.8294876104789206
-2.8194316524402803
-2.809331150290628
-2.7991875537036366
-2.789002281133578
-2.778776720475711
-2.768512229719299
-2.7582101375919557
-2.7478717441940357
-2.7374983216223754
-2.727091114582633
-2.7166513409897757
-2.706180192556488
-2.695678836136719
-2.685148414973027
-2.6745900478061735
-2.664004828737111
-2.653393827706905
-2.6427580911814834
-2.63209864284543
-2.6214164842449224
-2.610712596507132
-2.5999879488226747
-2.58924352856951
-2.5784802804566143
-2.56769911204392
-2.5569009041230624
-2.5460865154275214
-2.5352567850433223
-2.5244125338105294
-2.513554565209645
-2.5026836659647724
-2.491800607559752
-2.48090614575832
-2.4700010203395575
-2.4590859552996585
-2.44816165921725
-2.437228825633482
-2.4262881334074535
-2.4153402470443255
-2.404385817002021
-2.3934254799826746
-2.3824598592132955
-2.3714895647187353
-2.3605151935887836
-2.349537330240403
-2.338556546675648
-2.3275734133855734
-2.3165884856648398
-2.3056023026736345
-2.29461538949432
-2.283628258675676
-2.2726414112185678
-2.261655337220122
-2.250670516318215
-2.239687418018325
-2.228706501951045
-2.2177282180890567
-2.2067530069407426
-2.1957812997307524
-2.184813518573307
-2.173850076641655
-2.1628913783353494
-2.151937819446097
-2.140989787322485
-2.130047661033433
-2.119111811530293
-2.1081826018072864
-2.097260387059995
-2.0863455148417636
-2.0754383252177573
-2.064539150916516
-2.0536483174789377
-2.042766143404526
-2.031892940294916
-2.021029012994583
-2.010174660339706
-1.9993301754159218
-1.9884958524052367
-1.9776720737003275
-1.9668591313690749
-1.956057291269807
-1.9452668062617062
-1.9344879210642751
-1.9237209444346743
-1.9129661575807382
-1.9022238079195892
-1.8914941218804866
-1.8807773135610195
-1.8700735895986542
-1.859383151764967
-1.8487061982642115
-1.8380429243083205
-1.8273935222988902
-1.8167581818072907
-1.806137089462615
-1.7955304288091356
-1.784938380166406
-1.7743611205095633
-1.7637988233766435
-1.7532516588016434
-1.7427197932709568
-1.7322033897010891
-1.721702607435249
-1.7112176022559302
-1.7007485264106017
-1.6902955286477308
-1.6798587542607166
-1.669438345143145
-1.6590344398550523
-1.6486471736850812
-1.6382766786910132
-1.6279230837427572
-1.617586514581138
-1.6072670938820006
-1.596964941319788
-1.586680173629243
-1.5764129046654616
-1.5661632454624117
-1.5559313042901588
-1.5457171867107793
-1.5355209956329998
-1.525342831354362
-1.5151827935573767
-1.505040979391654
-1.4949174828507492
-1.4848123952390966
-1.4747258055958288
-1.4646578004456814
-1.4546084639904626
-1.444577878207307
-1.4345661286806433
-1.424573308479711
-1.414599497802122
-1.4046447703146518
-1.3947091959217588
-1.384792841939899
-1.3748957736579304
-1.36501805461684
-1.3551597467461776
-1.3453209115237772
-1.3355016109360596
-1.3257019046590164
-1.3159218497950351
-1.3061615011552514
-1.2964209114248146
-1.2867001314118787
-1.2769992102564596
-1.2673181955629025
-1.2576571334740834
-1.2480160687115018
-1.2383950445980945
-1.2287941030733813
-1.2192132847061024
-1.2096526287085818
-1.200112172955343
-1.190591953999653
-1.18109200708779
-1.1716123661732027
-1.1621530639320516
-1.1527141317803662
-1.1432955998925745
-1.1338974972209963
-1.1245198515158477
-1.1151626893454618
-1.1058260361165693
-1.0965099160943812
-1.0872143524224565
-1.0779393671422914
-1.0686849812125419
-1.0594512145279094
-1.0502380859376745
-1.041045613263838
-1.031873813318939
-1.0227227019234881
-1.0135922939230602
-1.0044826032050607
-0.9953936427151554
-0.9863254447814279
-0.9772780432404268
-0.9682514506370815
-0.9592456736379236
-0.9502607164830454
-0.9412965822544964
-0.9323532734320022
-0.9234307921285835
-0.9145291400909935
-0.9056483187080441
-0.8967883290249827
-0.8879491717229518
-0.8791308472152235
-0.8703333580471335
-0.8615567054139905
-0.852800888925094
-0.8440659070610269
-0.8353517574290958
-0.8266584369004808
-0.8179859416850109
-0.8093342673719232
-0.8007034089519669
-0.7920933608295803
-0.7835041168301288
-0.7749356702049031
-0.7663880136355238
-0.7578611392385384
-0.7493550385704376
-0.7408697026590161
-0.732405122034773
-0.723961286731026
-0.7155381862699003
-0.7071358096504199
-0.6987541453436487
-0.6903931812943274
-0.6820529049269816
-0.6737333031545661
-0.6654343623883017
-0.6571560685480988
-0.6488984070727075
-0.6406613629299373
-0.6324449206261502
-0.6242490642155534
-0.6160737859906078
-0.6079190842675827
-0.5997849498568052
-0.5916713683558026
-0.5835783223767155
-0.5755057928768591
-0.5674537598978899
-0.5594222029637773
-0.5514111012849265
-0.5434204338535696
-0.5354501794793025
-0.5275003167935234
-0.5195708242384344
-0.5116616800501801
-0.5037728622409313
-0.49590434858249866
-0.4880561165924488
-0.4802281435232082
-0.4724204063539102
-0.4646328817938539
-0.45686554628621373
-0.44911837600305987
-0.44139134683789055
-0.43368443440048016
-0.42599761401526853
-0.4183308607223146
-0.410684149280015
-0.4030574541688684
-0.39545074959573706
-0.38786400949836997
-0.3802972075499907
-0.3727503171639462
-0.3652233114982223
-0.3577161634599335
-0.3502288457096592
-0.34276133066578
-0.33531359020890683
-0.32788559575070286
-0.32047731848074495
-0.3130887294737935
-0.3057197997030865
-0.29837050002088145
-0.2910408030173479
-0.28373068238474314
-0.2764401096184282
-0.26916905518326395
-0.261917489013073
-0.2546853806028203
-0.24747269904521507
-0.24027941325342728
-0.23310549205400352
-0.22595090419974584
-0.21881561835683533
-0.21169960308788377
-0.20460282683729278
-0.197525257920179
-0.19046686451468942
-0.18342761465699606
-0.17640747623839223
-0.16940641700399203
-0.16242440455252735
-0.1554614063369756
-0.14851738966579137
-0.1415923217045386
-0.13468616947773843
-0.12779889987101617
-0.12093047963326178
-0.11408087537893419
-0.10725005359036248
-0.10043798062010093
-0.09364462269327528
-0.08686994590994321
-0.08011391624742589
-0.07337649956258974
-0.06665766159419924
-0.059957367965186525
-0.05327558418490128
-0.04661227565140731
-0.03996740765363375
-0.033340945373659975
-0.02673285388880728
-0.020143097536641286
-0.01357164040500278
-0.007018446630089086
-0.0004834804464411485
0.006033293828248233
0.012531903885024585
0.019012383046231082
0.025474766654918164
0.0319190906964624
0.03834539141617551
0.04475370516239095
0.051144068317628744
0.05751651727118836
0.06387108838900248
0.07020781799685687
0.07652674240313946
0.0828278979277858
0.08911132092309251
0.09537704778572685
0.10162511496317843
0.10785555895680048
0.11406841632298331
0.12026372367322444
0.12644151767367173
0.13260183504418638
0.13874471255719337
0.1448701870363745
0.15097829535527518
0.15706907443585902
0.16314256124699847
0.169198792802987
0.17523780616202628
0.18125963842470527
0.1872643267325685
0.19325190826656785
0.1992224202456274
0.20517590026732074
0.21111238632912815
0.21703191633446858
0.22293452802026717
0.22882025897116232
0.2346891465502078
0.24054122798551356
0.24637654047187554
0.2521951212331269
0.2579970075497325
0.26378223676615875
0.2695508462885957
0.2753028735787987
0.28103835614686085
0.2867573315441913
0.2924598377025327
0.29814591341933305
0.30381559732159313
0.3094689277243569
0.3151059427007353
0.3207266801664188
0.32633117794300937
0.331919473799888
0.3374916054801202
0.3430476107156563
0.3485875272355342
0.35411139276978526
0.3596192450507004
0.3651111218125679
0.3705870607906283
0.3760470997195855
0.38149127633202623
0.38691962835682
0.39233219351759546
0.39772900953134044
0.40311011410710723
0.4084755449448461
0.41382533973431634
0.4191595361541236
0.4244781718707891
0.4297812845081908
0.43506891160217676
0.44034109063921184
0.44559785909174454
0.45083925443381045
0.4560653141444727
0.4612760757059153
0.46647157659980465
0.47165185430337336
0.4768169462858427
0.4819668900052627
0.487101722905848
0.4922214824157134
0.4973262059449472
0.5024159308839494
0.5074906946020036
0.5125505344460187
0.5175954877393875
0.5226255917809619
0.527640883844107
0.5326414011835813
0.537627182336677
0.542598265404312
0.5475546880624024
0.5524964877165359
0.5574237016045468
0.5623363668567084
0.56723452053062
0.5721181996311153
0.5769874411212162
0.5818422819276874
0.586682758943424
0.5915089090279654
0.5963207690070277
0.6011183756714983
0.6059017657762316
0.6106709760387962
0.615426043138272
0.6201670037141581
0.6248938943653579
0.6296067516493008
0.6343056120811462
0.6389905121330877
0.6436614882337206
0.648318576767473
0.6529618140740886
0.6575912364481404
0.6622068801385881
0.6668087813483496
0.671396981276013
0.6759715237400038
0.6805324494472661
0.6850797968839943
0.6896136032289494
0.6941339049175227
0.6986407379687227
0.7031341381712146
0.7076141411865864
0.7120807826040387
0.7165340979668365
0.7209741227826426
0.7254008925250514
0.729814442630666
0.7342148084942506
0.73860202546342
0.7429761288046886
0.7473371534511871
0.751685134173892
0.7560201057026792
0.7603421027670114
0.764651160098622
0.7689473124216307
0.7732305944404709
0.7775010408290991
0.7817586862223032
0.7860035652090701
0.7902357122517997
0.7944551616369879
0.798661947574255
0.8028561042429657
0.8070376658009037
0.8112066663799864
0.8153631400793738
0.8195071209590394
0.8236386430345422
0.827757740272953
0.8318644465897795
0.8359587958466477
0.8400408218495908
0.8441105594374047
0.8481680441730437
0.8522133105133511
0.8562463923887021
0.860267323456845
0.8642761372125578
0.8682728670417318
0.8722575462496083
0.8762302080753714
0.880190885699186
0.8841396122450292
0.8880764207812311
0.8920013443198616
0.8959144158156114
0.8998156681645028
0.903705134202668
0.9075828467052516
0.9114488383854839
0.9153031418939399
0.9191457896420145
0.9229768136772377
0.9267962459519122
0.9306041184299765
0.9344004631044069
0.9381853119861749
0.9419586970876845
0.9457206504075646
0.9494712039183629
0.9532103895570438
0.9569382392177962
0.960654784746621
0.9643600579372874
0.9680540905282901
0.9717369142005687
0.9754085605757921
0.9790690612150518
0.9827184476178719
0.9863567512214496
0.9899840034000763
0.9936002354646651
0.997205478662399
1.0007997641764363
1.004383124348753
1.0079555948542458
1.0115172079904284
1.0150679951572943
1.0186079873613556
1.0221372153964243
1.025655709928286
1.0291635015370568
1.0326606207377638
1.03614709798919
1.0396229636964434
1.0430882482103114
1.0465429817977754
1.0499871942665786
1.0534209153490541
1.0568441748026731
1.060257002407407
1.0636594279454927
1.067051481182849
1.0704331918547214
1.0738045896550286
1.0771657042285507
1.0805165651652178
1.0838572019959634
1.0871876441897226
1.0905079211512785
1.0938180622197402
1.097118096477569
1.1004080524255626
1.103687958531073
1.1069578433366956
1.1102177354507339
1.1134676635185716
1.1167076561964826
1.1199377421312027
1.1231579499446922
1.1263683082229412
1.129568845507763
1.1327595902907999
1.13594057100912
1.1391118160419935
1.142273353708518
1.145425212265885
1.1485674199080935
1.151700004765014
1.154822994901704
1.1579364183179082
1.1610403029476963
1.1641346766592071
1.1672195672544585
1.1702950024692311
1.1733610099729754
1.1764176173687602
1.1794648521932374
1.1825027419166307
1.1855313139427306
1.1885505956088958
1.1915606141860693
1.19456139687879
1.197552970825213
1.2005353630971338
1.2035086007000055
1.2064727105729665
1.2094277195888627
1.212373654554277
1.2153105422095487
1.2182384092288083
1.2211572822199976
1.2240671877249
1.2269681522191702
1.2298602021123597
1.2327433637479488
1.2356176628898636
1.2384831251064894
1.2413397760655474
1.2441876415103363
1.2470267472172083
1.2498571189659498
1.2526787825199621
1.2554917636126326
1.2582960879377356
1.261091781142565
1.2638788688229627
1.2666573765197013
1.2694273297158303
1.2721887538347327
1.274941674238689
1.277686116228779
1.2804221050458144
1.2831496658703023
1.285868823821129
1.2885796039537698
1.2912820312587725
1.293976130661377
1.296661927030728
1.2993394451843818
1.302008709885207
1.3046697458349457
1.307322577668347
1.3099672299494836
1.3126037240946666
1.315232079981985
1.3178523186520776
1.320464462091572
1.3230685329188268
1.3256645541671042
1.3282525491413582
1.3308325413217128
1.3334045542968387
1.3359686117170726
1.338524737260948
1.3410729546110485
1.3436132874364304
1.3461457593797566
1.348670394047827
1.3511872150045767
1.353696245765894
1.3561975097957721
1.3586910305034525
1.3611768312413017
1.3636549353032397
1.366125365923581
1.3685881462761815
1.3710432994738209
1.373490848567759
1.3759308165474233
1.3783632263402004
1.380788100813017
1.3832054627747985
1.3856153349763427
1.3880177401083316
1.3904127007992
1.3928002396137171
1.39518037905237
1.397553141551335
1.3999185494827842
1.402276625155329
1.4046273908144904
1.4069708686431344
1.4093070807618455
1.4116360483124453
1.4139577923338125
1.4162723341923789
1.4185796953953664
1.4208798975072334
1.4231729621091411
1.4254589107751867
1.4277377650569458
1.4300095464729143
1.4322742765011163
1.4345319765738458
1.4367826680738984
1.4390263723318515
1.441263110624097
1.4434929041714222
1.4457157741379851
1.4479317416305844
1.4501408276981427
1.4523430533313508
1.4545384394624263
1.4567270069649674
1.4589087766538682
1.4610837692852845
1.463252005556637
1.4654135061066444
1.4675682915153752
1.4697163823043171
1.47185779893646
1.473992561816385
1.4761206913046243
1.4782422077302761
1.4803571313836352
1.4824654825020616
1.4845672812592217
1.4866625477598758
1.4887513020388445
1.490833564062272
1.4929093537298135
1.4949786908769485
1.4970415952770455
1.4990980866430408
1.5011481846287351
1.5031919071596551
1.505229271788347
1.507260297068592
1.50928500184725
1.511303405106273
1.51331552589588
1.5153213832959895
1.5173209963912493
1.519314384254053
1.5213015659326854
1.5232825604429192
1.5252573867619934
1.5272260638242698
1.5291886105180907
1.531145045683498
1.533095388110586
1.5350396565383084
1.536977869661207
1.5389100461294256
1.5408362045438042
1.5427563634512083
1.5446705413419226
1.5465787566488243
1.5484810277475833
1.5503773729573063
1.552267810541288
1.5541523587077086
1.5560310356102265
1.5579038593484513
1.5597708479683179
1.5616320194623787
1.563487391770037
1.5653369827777355
1.5671808103191187
1.5690188921751727
1.5708512460743582
1.572677889692734
1.5744988406540792
1.5763141165300123
1.5781237348401156
1.5799277130520544
1.5817260685817025
1.5835188187932674
1.5853059809994152
1.5870875724613989
1.5888636103891867
1.5906341119415908
1.5923990942263961
1.5941585743004905
1.5959125691699954
1.5976610957903936
1.5994041710666618
1.6011418118533975
1.6028740349549506
1.6046008571255521
1.6063222950694431
1.6080383654410042
1.609749084844883
1.6114544698361235
1.6131545369202933
1.6148493025536126
1.6165387831430804
1.6182229950466027
1.6199019545731188
1.621575677982729
1.6232441814868206
1.6249074812481936
1.626565593381189
1.6282185339518114
1.6298663189778584
1.631508964429044
1.633146486227124
1.6347789002460227
1.636406222311955
1.6380284682035555
1.639645653651999
1.6412577943411284
1.6428649059075766
1.6444670039408928
1.6460641039836654
1.6476562215316464
1.6492433720338748
1.6508255708928015
1.6524028334644107
1.6539751750583462
1.6555426109380325
1.657105156338509
1.6586628264684664
1.6602156364973142
1.6617636015444002
1.6633067366745056
1.6648450568975972
1.6663785771704405
1.6679073123986672
1.6694312774386675
1.6709504870991139
1.672464956142103
1.6739746992839841
1.6754797311959415
1.676980066504403
1.6784757197913291
1.67996670559442
1.6814530384072774
1.6829347326795288
1.6844118028169432
1.6858842631815336
1.6873521280916604
1.688815411822133
1.6902741286043172
1.691728292626243
1.6931779180327153
1.6946230189254314
1.696063609421948
1.6974997036588213
1.6989313157458275
1.7003584597321237
1.7017811495940878
1.7031993992362195
1.7046132224970798
1.7060226331559725
1.7074276449386643
1.7088282715217324
1.7102245265356482
1.7116164235668607
1.7130039761591547
1.714387197814499
1.7157661019935677
1.7171407021160403
1.7185110115607822
1.7198770436659476
1.721238811729049
1.722596329007013
1.723949608716235
1.725298664032643
1.7266435080917695
1.7279841539888348
1.7293206147788416
1.730652903476679
1.7319810330572347
1.7333050164555097
1.7346248665667445
1.735940596246543
1.7372522183110015
1.7385597455368382
1.739863190661525
1.7411625663834172
1.7424578853618835
1.743749160256341
1.7450364037113733
1.7463196283313074
1.7475988466684744
1.7488740712217241
1.7501453144390808
1.7514125887212486
1.7526759064247126
1.7539352798641292
1.755190721314038
1.7564422430100408
1.7576898571495847
1.7589335758924767
1.7601734113612182
1.761409375641221
1.762641480780958
1.7638697387920694
1.7650941616494507
1.7663147612913315
1.7675315496193524
1.7687445384986442
1.7699537397579121
1.771159165189525
1.7723608265496076
1.7735587355581395
1.7747529038990553
1.77594334322035
1.7771300651341855
1.7783130812169974
1.7794924030096047
1.7806680420173202
1.781840009710059
1.7830083175224496
1.7841729768539414
1.7853339990689168
1.7864913954967967
1.787645177432151
1.7887953561348036
1.78994194282994
1.7910849487082134
1.7922243849258488
1.7933602626047473
1.794492592832591
1.7956213866629434
1.7967466551153544
1.7978684091754598
1.7989866597950834
1.8001014178923371
1.8012126943517208
1.802320500024221
1.8034248457274114
1.8045257422455487
1.8056232003296733
1.8067172306977048
1.80780784403454
1.8088950509921493
1.8099788621896729
1.8110592882135175
1.812136339617451
1.8132100269226987
1.8142803606180382
1.8153473511598928
1.8164110089724281
1.8174713444476445
1.8185283680547457
1.8195820903043385
1.8206325216618233
1.821679672514639
1.822723553172769
1.8237641738796284
1.824801544823423
1.8258356761460992
1.82686657794963
1.8278942603001458
1.8289187332305132
1.829940006833385
1.830958091184904
1.8319729963065234
1.832984732160656
1.833993308656887
1.834998735659153
1.836001022991407
1.837000180441567
1.8379962177641116
1.8389891446817124
1.8399789708862229
1.8409657060392561
1.8419493597725083
1.8429299416879337
1.843907461357838
1.8448819283249325
1.8458533521023754
1.846821742173811
1.8477871079934174
1.8487494589859648
1.8497088045468837
1.8506651540423447
1.8516185168093444
1.8525689021558023
1.853516319360659
1.8544607776739814
1.8554022863170685
1.85634085448256
1.8572764913345436
1.8582092060086668
1.8591390076122407
1.8600659052666924
1.8609899082586268
1.8619110258464342
1.8628292671944349
1.8637446413733922
1.8646571573776778
1.8655668241421193
1.866473650554656
1.8673776454649025
1.8682788176895921
1.8691771760158737
1.8700727292031973
1.8709654859843219
1.8718554550657882
1.8727426451280913
1.873627064825691
1.8745087227869512
1.8753876276140558
1.8762637878829305
1.8771372121431855
1.8780079089180828
1.8788758867045288
1.8797411539730917
1.8806037191680394
1.8814635907073938
1.882320776982999
1.8831752863606004
1.8840271271799323
1.8848763077548085
1.8857228363732201
1.886566721297432
1.8874079707640836
1.8882465929842882
1.8890825961437319
1.8899159884027708
1.8907467778965292
1.891574972898793
1.892400581704031
1.89322361252231
1.8940440734762265
1.8948619726199132
1.8956773179558455
1.8964901174463327
1.897300379020788
1.8981081105801438
1.8989133199994293
1.8997160151292054
1.900516203796306
1.9013138938041698
1.902109092932948
1.9029018089394922
1.903692049922731
1.9044798239134773
1.9052651388035102
1.9060480023686586
1.9068284223005352
1.9076064062306923
1.908381961746644
1.909155096401853
1.9099258177216776
1.9106941332067389
1.9114600503347028
1.9122235765611155
1.9129847193197047
1.913743486022393
1.914499884059181
1.9152539207979824
1.916005603584465
1.9167549397419155
1.9175019365711419
1.9182466013504156
1.9189889413354464
1.9197289637593913
1.9204666758328863
1.9212020847441003
1.9219351976588037
1.92266602172045
1.9233945640502643
1.9241208317473375
1.924844831888725
1.9255665715295451
1.9262860577030805
1.9270032974208748
1.9277182976728324
1.9284310654273136
1.929141607631228
1.9298499312101256
1.9305560430682858
1.9312599500888032
1.9319616591336721
1.9326611770438669
1.9333585106394204
1.9340536667195019
1.9347466520624903
1.9354374734260475
1.9361261375896408
1.9368126516482753
1.9374970225439025
1.938179257078764
1.9388593619642538
1.9395373438525476
1.9402132093549322
1.9408869650523044
1.941558617501096
1.9422281732365132
1.9428956387741978
1.9435610206109788
1.9442243252251197
1.9448855590762995
1.9455447286054728
1.9462018402346908
1.9468569003669238
1.9475099153859114
1.9481608916560456
1.9488098355222905
1.9494567533101366
1.9501016513255818
1.950744535855138
1.9513854131658588
1.9520242895053792
1.9526611711019706
1.9532960641646027
1.9539289748830113
1.9545599094277706
1.9551888765722187
1.9558158842324473
1.9564409394366598
1.9570640486764739
1.957685218142015
1.958304453858232
1.958921761761609
1.9595371477423396
1.9601506176665677
1.9607621773872186
1.9613718327484053
1.9619795895863708
1.9625854537286844
1.9631894309926865
1.963791527183733
1.9643917480935293
1.9649900994986902
1.9655865871595684
1.9661812168193553
1.9667739942034281
1.9673649250189056
1.9679540149543797
1.968541269679785
1.969126694846377
1.9697102960867905
1.9702920790151595
1.970872049227277
1.9714502123007855
1.9720265737953815
1.9726011392530318
1.9731739141981899
1.973744904138011
1.9743141145625633
1.974881550945028
1.9754472187418928
1.9760111233931346
1.9765732703223904
1.9771336649371185
1.9776923126287482
1.9782492187728196
1.9788043892127776
1.9793578297308063
1.9799095458300124
1.980459542882735
1.9810078261941941
1.9815544010306159
1.982099272633096
1.9826424462246774
1.9831839270138543
1.9837237201961317
1.984261830954543
1.9847982644596256
1.9853330258691497
1.9858661203277579
1.986397552966601
1.9869273289030132
1.9874554532402429
1.987981931067244
1.9885067674585206
1.9890299674740237
1.9895515361590859
1.9900714785443885
1.990589799645958
1.9911065044651777
1.9916215979888172
1.99213508518907
1.9926469710236
1.9931572604355914
1.9936659583538006
1.9941730696926117
1.9946785993520892
1.9951825522180318
1.995684933162023
1.9961857470414825
1.9966849986997137
1.9971826929659502
1.9976788346553995
1.9981734285692856
1.998666479494889
1.9991579922055853
1.9996479714608817
2.0001364220064524
2.0006233490188574
2.001108758471832
2.001592655388228
2.0020750445426736
2.0025559306066616
2.0030353182004776
2.003513211917037
2.003989616333417
2.0044645360161595
2.004937975523314
2.005409939404792
2.0058804322019115
2.0063494584466084
2.006817022660572
2.0072831293544344
2.007747783027072
2.0082109881650396
2.008672749242131
2.0091330707190522
2.0095919570431975
2.0100494126485007
2.0105054419553534
2.0109600493705733
2.0114132392874096
2.0118650160855753
2.0123153841313037
2.0127643477774155
2.0132119113633955
2.013658079215476
2.0141028556467218
2.014546244957118
2.014988251433651
2.015428879350395
2.0158681329685915
2.016306016536724
2.0167425342905942
2.0171776904533907
2.0176114892357546
2.0180439348358434
2.0184750314393884
2.018904783219753
2.0193331943379835
2.0197602689428593
2.0201860111709418
2.0206104251466153
2.021033514982133
2.0214552847776552
2.021875738621288
2.0222948805891194
2.0227127147452535
2.023129245141845
2.0235444758191297
2.0239584108054562
2.024371054117315
2.024782409759367
2.0251924817244715
2.0256012739937144
2.026008790536431
2.0264150353102366
2.026820012261047
2.0272237253231085
2.027626178419016
2.028027375459744
2.0284273203446643
2.0288260169615744
2.0292234691867175
2.0296196808848084
2.0300146559090546
2.030408398101182
2.030800911291455
2.0311921992987028
2.03158226593034
2.0319711149823916
2.0323587502395153
2.032745175475024
2.033130394450912
2.033514410917875
2.0338972286153365
2.0342788512714702
2.0346592826032244
2.035038526316345
2.0354165861054003
2.0357934656538057
2.0361691686338474
2.036543698706707
2.036917059522487
2.0372892547202337
2.0376602879279644
2.0380301627626913
2.038398882830447
2.0387664517263087
2.039132873034427
2.039498150328048
2.0398622871695404
2.0402252871104234
2.040587153691389
2.040947890442331
2.041307500882371
2.0416659885198833
2.0420233568525235
2.042379609367254
2.0427347495403705
2.04308878083753
2.043441706713777
2.04379353061357
2.0441442559708105
2.0444938862088677
2.0448424247406085
2.0451898749684227
2.0455362402842523
2.0458815240696175
2.0462257296956454
2.046568860523097
2.046910919902395
2.0472519111736527
2.0475918376666997
2.0479307027011115
2.0482685095862374
2.0486052616212267
2.048940962095059
2.0492756142865716
2.049609221464485
2.049941786887436
2.050273313804001
2.050603805452725
2.0509332650621537
2.051261695850856
2.051589101027456
2.05191548379066
2.052240847329284
2.0525651948222827
2.052888529438777
2.0532108543380834
2.053532172669741
2.053852487573538
2.0541718021795443
2.054490119608136
2.0548074429700236
2.055123775366282
2.055439119888376
2.055753479618191
2.056066857628059
2.0563792569807884
2.0566906807296883
2.0570011319186006
2.0573106135819264
2.057619128744652
2.0579266804223795
2.058233271621353
2.0585389053384855
2.058843584561389
2.0591473122683994
2.059450091428607
2.059751925001881
2.0600528159388993
2.060352767181174
2.060651781661081
2.060949862301886
2.0612470120177715
2.0615432337138646
2.061838530286265
2.06213290462207
2.0624263595994043
2.0627188980874434
2.0630105229464455
2.063301237027773
2.0635910431739246
2.063879944218557
2.0641679429865163
2.064455042293862
2.0647412449478924
2.065026553747176
2.0653109714815723
2.0655945009322623
2.0658771448717737
2.0661589060640053
2.066439787264257
2.0667197912192523
2.0669989206671673
2.0672771783376547
2.067554566951871
2.0678310892225022
2.068106747853789
2.0683815455415537
2.068655484973225
2.068928568827864
2.0692007997761905
2.069472180480607
2.0697427135952258
2.0700124017658927
2.0702812476302146
2.070549253817583
2.070816422949199
2.0710827576381003
2.0713482604891844
2.071612934099234
2.071876781056943
2.0721398039429406
2.0724020053298156
2.072663387782142
2.0729239538565025
2.0731837061015153
2.073442647057856
2.073700779258284
2.0739581052276668
2.0742146274830016
2.0744703485334433
2.074725270880327
2.074979397017192
2.075232729429805
2.075485270596187
2.075737022986633
2.0759879890637407
2.076238171282429
2.076487572089967
2.076736193925994
2.0769840392225425
2.077231110404066
2.077477409887459
2.0777229400820802
2.077967703389777
2.0782117022049102
2.0784549389143723
2.078697415897616
2.078939135526675
2.079180100166185
2.079420312173412
2.0796597738982676
2.079898487683338
2.0801364558639053
2.080373680767967
2.0806101647162625
2.080845910022293
2.0810809189923463
2.0813151939255166
2.081548737113728
2.081781550841757
2.082013637387254
2.082244999020766
2.082475638005758
2.0827055565986363
2.082934757048768
2.0831632415985046
2.083391012483205
2.083618071931253
2.0838444221640833
2.084070065396201
2.084295003835203
2.0845192396817995
2.0847427751298375
2.084965612366318
2.0851877535714216
2.085409200918526
2.08562995657423
2.0858500226983727
2.0860694014440555
2.0862880949576623
2.086506105378881
2.086723434840724
2.086940085469548
2.087156059385078
2.0873713587004232
2.0875859855221015
2.087799941950056
2.0880132300776815
2.088225851991838
2.0884378097728757
2.088649105494653
2.0888597412245584
2.0890697190235286
2.08927904094607
2.0894877090402786
2.0896957253478585
2.0899030919041444
2.090109810738119
2.090315883872433
2.0905213133234266
2.090726101101148
2.090930249209372
2.091133759645621
2.091336634401184
2.0915388754611355
2.0917404848043555
2.0919414644035483
2.0921418162252627
2.0923415422299088
2.0925406443717796
2.0927391245990696
2.092936984853893
2.093134227072302
2.0933308531843076
2.0935268651138967
2.093722264779052
2.0939170540917704
2.0941112349580804
2.094304809278063
2.0944977789458683
2.0946901458497345
2.0948819118720063
2.0950730788891545
2.095263648771792
2.0954536233846928
2.095643004586812
2.0958317942313016
2.0960199941655295
2.0962076062310975
2.0963946322638596
2.096581074093939
2.096766933545747
2.096952212438
2.097136912583738
2.09732103579034
2.097504583859546
2.09768755858747
2.0978699617646206
2.098051795175917
2.0982330606007067
2.0984137598127828
2.098593894580403
2.098773466666302
2.0989524778277158
2.0991309298163925
2.0993088243786127
2.099486163255206
2.0996629481815674
2.099839180887675
2.1000148630981057
2.100189996532054
2.1003645829033464
2.10053862392046
2.1007121212865383
2.100885076699408
2.1010574918515954
2.1012293684303436
2.101400708117628
2.1015715125901733
2.10174178351947
2.1019115225717893
2.1020807314082024
2.1022494116845936
2.1024175650516783
2.1025851931550177
2.1027522976350363
2.1029188801270378
2.1030849422612192
2.1032504856626892
2.103415511951483
2.103580022742577
2.103744019645907
2.103907504266381
2.1040704782038984
2.1042329430533617
2.1043949004046953
2.1045563518428594
2.1047172989478655
2.1048777432947925
2.1050376864538016
2.1051971299901524
2.1053560754642167
2.1055145244314946
2.1056724784426306
2.105829939043427
2.1059869077748603
2.106143386173095
2.1062993757695008
2.106454878090665
2.106609894658409
2.1067644269898023
2.106918476597178
2.1070720449881484
2.107225133665617
2.1073777441277954
2.1075298778682177
2.1076815363757544
2.1078327211346277
2.1079834336244248
2.1081336753201145
2.108283447692059
2.10843275220603
2.108581590323223
2.10872996350027
2.108877873189256
2.1090253208377323
2.1091723078887283
2.1093188357807704
2.1094649059478914
2.1096105198196473
2.1097556788211302
2.1099003843729833
2.1100446378914124
2.110188440788202
2.110331794470729
2.1104747003419755
2.1106171598005417
2.1107591742406626
2.110900745052218
2.1110418736207497
2.1111825613274715
2.1113228095492844
2.111462619658792
2.111601993024309
2.1117409310098796
2.1118794349752883
2.1120175062760733
2.1121551462635404
2.1122923562847755
2.1124291376826587
2.112565491795876
2.1127014199589347
2.1128369235021736
2.112972003751778
2.113106662029792
2.113240899654132
2.1133747179385973
2.1135081181928874
2.11364110172261
2.113773669829297
2.113905823810416
2.114037564959382
2.1141688945655726
2.114299813914338
2.114430324287016
2.1145604269609417
2.1146901232094626
2.11481941430195
2.1149483015038104
2.1150767860764996
2.1152048692775343
2.1153325523605044
2.115459836575085
2.1155867231670484
2.115713213378278
2.1158393084467777
2.1159650096066867
2.1160903180882897
2.11621523511803
2.11633976191852
2.116463899708555
2.116587649703125
2.1167110131134255
2.1168339911468683
2.1169565850070966
2.1170787958939945
2.117200625003699
2.117322073528611
2.1174431426574087
2.1175638335750593
2.1176841474628274
2.1178040854982907
2.117923648855349
2.118042838704235
2.118161656211529
2.118280102540167
2.118398178849454
2.1185158862950746
2.1186332260291048
2.1187501992000217
2.1188668069527172
2.118983050428507
2.1190989307651438
2.1192144490968263
2.1193296065542118
2.119444404264426
2.1195588433510757
2.119672924934259
2.1197866501305747
2.1199000200531364
2.1200130358115805
2.1201256985120787
2.120238009257348
2.1203499691466616
2.1204615792758603
2.1205728407373625
2.1206837546201753
2.120794322009905
2.1209045439887673
2.1210144216355986
2.1211239560258663
2.1212331482316795
2.1213419993217983
2.1214505103616457
2.121558682413318
2.121666516535594
2.1217740137839467
2.1218811752105524
2.1219880018643016
2.1220944947908094
2.122200655032426
2.122306483628245
2.122411981614117
2.1225171500226567
2.1226219898832537
2.1227265022220836
2.1228306880621166
2.1229345484231295
2.1230380843217125
2.123141296771283
2.123244186782093
2.1233467553612386
2.123449003512672
2.1235509322372095
2.1236525425325423
2.1237538353932455
2.123854811810788
2.123955472773544
2.124055819266798
2.1241558522727617
2.1242555727705756
2.124354981736324
2.1244540801430434
2.1245528689607305
2.124651349156353
2.1247495216938597
2.124847387534188
2.124944947635275
2.1250422029520655
2.1251391544365226
2.125235803037637
2.125332149701434
2.1254281953709864
2.1255239409864206
2.125619387484928
2.125714535800772
2.1258093868652987
2.1259039416069463
2.125998200951253
2.1260921658208667
2.1261858371355538
2.126279215812208
2.12637230276486
2.126465098904686
2.126557605140016
2.1266498223763444
2.126741751516337
2.126833393459841
2.1269247491038925
2.1270158193427267
2.127106605067787
2.127197107167731
2.1272873265284424
2.1273772640330386
2.1274669205618775
2.1275562969925685
2.127645394199981
2.127734213056251
2.1278227544307913
2.127911019190299
2.1279990081987648
2.1280867223174824
2.128174162405054
2.128261329317401
2.1283482239077713
2.128434847026749
2.128521199522261
2.1286072822395865
2.128693096021365
2.128778641707604
2.128863920135688
2.1289489321403865
2.129033678553861
2.1291181602056755
2.129202377922802
2.1292863325296314
2.129370024847978
2.129453455697091
2.129536625893661
2.1296195362518278
2.1297021875831876
2.129784580696804
2.129866716399212
2.1299485954944295
2.1300302187839613
2.130111587066811
2.1301927011394866
2.130273561796007
2.1303541698279127
2.1304345260242727
2.1305146311716903
2.1305944860543127
2.130674091453839
2.1307534481495263
2.1308325569181976
2.1309114185342506
2.1309900337696646
2.131068403394007
2.1311465281744435
2.131224408875742
2.131302046260283
2.131379441088066
2.1314565941167176
2.1315335061014964
2.1316101777953045
2.1316866099486913
2.131762803309862
2.1318387586246863
2.1319144766367035
2.1319899580871313
2.1320652037148724
2.132140214256522
2.1322149904463745
2.132289533016431
2.1323638426964076
2.13243792021374
2.132511766293593
2.132585381658866
2.1326587670302017
2.1327319231259914
2.132804850662383
2.1328775503532875
2.1329500229103866
2.1330222690431406
2.133094289458792
2.1331660848623755
2.133237655956724
2.1333090034424753
2.1333801280180795
2.1334510303798044
2.133521711221744
2.133592171235825
2.133662411111812
2.133732431537316
2.133802233197801
2.1338718167765895
2.1339411829548705
2.1340103324117052
2.134079265824034
2.134147983866684
2.1342164872123734
2.1342847765317208
2.134352852493249
2.1344207157633948
2.134488367006512
2.13455580688488
2.1346230360587097
2.134690055186151
2.134756864923298
2.134823465924195
2.1348898588408445
2.134956044323212
2.135022023019234
2.1350877955748224
2.1351533626338726
2.135218724838269
2.1352838828278915
2.135348837240621
2.135413588712346
2.1354781378769707
2.1355424853664178
2.1356066318106373
2.1356705778376117
2.135734324073362
2.1357978711419543
2.1358612196655056
2.1359243702641897
2.1359873235562445
2.1360500801579763
2.1361126406837663
2.136175005746078
2.1362371759554604
2.1362991519205576
2.136360934248112
2.1364225235429712
2.1364839204080934
2.1365451254445538
2.136606139251551
2.136666962426412
2.1367275955645972
2.1367880392597094
2.1368482941034954
2.136908360685855
2.1369682395948457
2.1370279314166885
2.1370874367357726
2.1371467561346633
2.1372058901941062
2.1372648394930325
2.137323604608566
2.137382186116028
2.137440584588943
2.1374988005990434
2.1375568347162774
2.1376146875088127
2.1376723595430422
2.1377298513835905
2.137787163593318
2.1378442967333275
2.1379012513629703
2.1379580280398494
2.1380146273198273
2.1380710497570297
2.138127295903853
2.1381833663109666
2.138239261527322
2.1382949821001547
2.1383505285749917
2.1384059014956565
2.138461101404274
2.1385161288412755
2.138570984345405
2.138625668453724
2.138680181701617
2.1387345246227945
2.1387886977493027
2.1388427016115252
2.1388965367381885
2.138950203656368
2.139003702891494
2.139057034967354
2.139110200406102
2.139163199728259
2.139216033452722
2.1392687020967665
2.139321206176052
2.139373546204629
2.1394257226949414
2.139477736157833
2.139529587102553
2.1395812760367576
2.139632803466521
2.139684169896334
2.139735375829113
2.1397864217662046
2.1398373082073876
2.1398880356508814
2.1399386045933486
2.1399890155299013
2.140039268954105
2.140089365357984
2.1401393052320254
2.1401890890651845
2.14023871734489
2.140288190557047
2.1403375091860455
2.1403866737147603
2.1404356846245594
2.1404845423953067
2.140533247505368
2.140581800431615
2.1406302016494294
2.140678451632709
2.140726550853871
2.1407744997838574
2.1408222988921395
2.1408699486467224
2.140917449514149
2.140964801959506
2.141012006446426
2.141059063437096
2.141105973392257
2.1411527367712133
2.1411993540318326
2.1412458256305538
2.1412921520223906
2.1413383336609346
2.1413843709983613
2.1414302644854337
2.141476014571508
2.141521621704535
2.1415670863310687
2.141612408896267
2.1416575898438976
2.141702629616343
2.1417475286546033
2.1417922873983017
2.141836906285688
2.1418813857536434
2.141925726237685
2.1419699281719695
2.1420139919892978
2.142057918121118
2.1421017069975323
2.142145359047299
2.142188874697837
2.1422322543752297
2.1422754985042314
2.142318607508269
2.1423615818094466
2.1424044218285503
2.142447127985052
2.142489700697114
2.1425321403815913
2.1425744474540385
2.142616622328711
2.1426586654185718
2.142700577135292
2.14274235788926
2.14278400808958
2.142825528144079
2.1428669184593114
2.14290817944056
2.1429493114918436
2.142990315015918
2.143031190414282
2.143071938087179
2.143112558433604
2.1431530518513053
2.143193418736789
2.1432336594853214
2.1432737744909365
2.143313764146437
2.143353628843397
2.1433933689721707
2.1434329849218905
2.143472477080475
2.143511845834631
2.1435510915698566
2.143590214670447
2.1436292155194963
2.143668094498903
2.143706851989372
2.14374548837042
2.1437840040203775
2.1438223993163943
2.1438606746344417
2.1438988303493165
2.1439368668346455
2.143974784462889
2.1440125836053423
2.144050264632143
2.1440878279122706
2.1441252738135548
2.1441626027026746
2.144199814945164
2.1442369109054162
2.144273890946685
2.1443107554310905
2.1443475047196223
2.1443841391721414
2.1444206591473858
2.144457065002972
2.144493357095401
2.14452953578006
2.1445656014112244
2.144601554342066
2.1446373949246507
2.1446731235099477
2.144708740447828
2.14474424608707
2.1447796407753636
2.1448149248593125
2.1448500986844374
2.1448851625951804
2.144920116934908
2.144954962045913
2.1449896982694208
2.1450243259455894
2.145058845413516
2.145093257011238
2.145127561075737
2.145161757942942
2.1451958479477327
2.1452298314239435
2.145263708704366
2.1452974801207514
2.1453311460038154
2.1453647066832415
2.145398162487683
2.145431513744766
2.145464760781094
2.1454979039222515
2.145530943492804
2.145563879816304
2.145596713215294
2.145629444011309
2.14566207252488
2.1456945990755356
2.145727023981808
2.1457593475612335
2.145791570130357
2.1458236920047344
2.145855713498937
2.1458876349265523
2.1459194566001893
2.1459511788314805
2.1459828019310847
2.1460143262086904
2.14604575197302
2.146077079531829
2.1461083091919155
2.1461394412591157
2.146170476038313
2.1462014138334378
2.1462322549474706
2.1462629996824463
2.146293648339457
2.1463242012186527
2.146354658619248
2.146385020839521
2.14641528817682
2.1464454609275623
2.146475539387242
2.1465055238504287
2.146535414610772
2.1465652119610055
2.1465949161929467
2.146624527597503
2.1466540464646733
2.146683473083549
2.146712807742321
2.1467420507282786
2.146771202327814
2.1468002628264244
2.1468292325087166
2.146858111658408
2.1468869005583286
2.146915599490427
2.14694420873577
2.146972728574547
2.1470011592860714
2.147029501148785
2.14705775444026
2.147085919437201
2.1471139964154498
2.1471419856499843
2.147169887414926
2.147197701983538
2.147225429628232
2.1472530706205673
2.1472806252312555
2.147308093730163
2.147335476386313
2.1473627734678886
2.147389985242235
2.1474171119758623
2.1474441539344484
2.147471111382842
2.1474979845850637
2.1475247738043097
2.147551479302954
2.147578101342552
2.147604640183841
2.147631096086744
2.1476574693103734
2.1476837601130305
2.1477099687522117
2.147736095484608
2.1477621405661083
2.1477881042518034
2.1478139867959865
2.147839788452157
2.147865509473022
2.1478911501105
2.147916710615722
2.1479421912390353
2.147967592230005
2.147992913837416
2.1480181563092766
2.1480433198928215
2.1480684048345116
2.1480934113800387
2.1481183397743275
2.1481431902615373
2.1481679630850654
2.1481926584875475
2.1482172767108625
2.1482418179961336
2.1482662825837315
2.148290670713275
2.1483149826236345
2.1483392185529357
2.148363378738559
2.1483874634171443
2.1484114728245918
2.1484354071960654
2.148459266765994
2.148483051768075
2.1485067624352747
2.1485303989998323
2.1485539616932625
2.1485774507463558
2.148600866389182
2.148624208851092
2.1486474783607212
2.1486706751459907
2.148693799434109
2.1487168514515753
2.1487398314241815
2.1487627395770144
2.148785576134457
2.1488083413201924
2.1488310353572047
2.148853658467781
2.1488762108735147
2.148898692795307
2.1489211044533683
2.1489434460672223
2.148965717855707
2.148987920036976
2.1490100528285017
2.1490321164470783
2.1490541111088213
2.149076037029172
2.149097894422899
2.1491196835040998
2.149141404486203
2.1491630575819705
2.1491846430034998
2.1492061609622257
2.1492276116689233
2.1492489953337093
2.149270312166043
2.1492915623747297
2.149312746167924
2.1493338637531285
2.149354915337199
2.1493759011263442
2.149396821326129
2.1494176761414767
2.14943846577667
2.149459190435354
2.1494798503205366
2.1495004456345934
2.149520976579266
2.1495414433556674
2.149561846164281
2.1495821852049657
2.149602460676954
2.1496226727788588
2.1496428217086696
2.14966290766376
2.149682930840885
2.1497028914361875
2.149722789645195
2.1497426256628267
2.149762399683391
2.1497821119005907
2.149801762507523
2.149821351696682
2.149840879659961
2.149860346588653
2.149879752673454
2.149899098104465
2.1499183830711917
2.1499376077625487
2.1499567723668616
2.1499758770718658
2.149994922064711
2.1500139075319638
2.1500328336596053
2.1500517006330377
2.150070508637084
2.150089257855989
2.150107948473422
2.1501265806724796
2.1501451546356862
2.150163670544995
2.1501821285817924
2.1502005289268964
2.150218871760562
2.1502371572624805
2.1502553856117816
2.150273556987036
2.1502916715662557
2.150309729526898
2.1503277310458646
2.1503456762995055
2.1503635654636195
2.150381398713457
2.1503991762237193
2.150416898168564
2.1504345647216025
2.1504521760559063
2.1504697323440047
2.1504872337578886
2.150504680469012
2.1505220726482923
2.1505394104661137
2.1505566940923284
2.1505739236962578
2.1505910994466944
2.1506082215119036
2.1506252900596246
2.1506423052570733
2.1506592672709437
2.1506761762674076
2.150693032412119
2.1507098358702144
2.150726586806314
2.150743285384523
2.1507599317684365
2.150776526121136
2.150793068605195
2.150809559382679
2.150825998615147
2.150842386463653
2.150858723088749
2.150875008650484
2.1508912433084086
2.150907427221574
2.150923560548535
2.1509396434473507
2.1509556760755872
2.1509716585903185
2.150987591148126
2.151003473905105
2.151019307016861
2.1510350906385143
2.1510508249247
2.1510665100295707
2.1510821461067984
2.151097733309573
2.1511132717906074
2.151128761702137
2.1511442031959214
2.151159596423247
2.151174941534927
2.1511902386813033
2.151205488012249
2.1512206896771677
2.151235843824998
2.151250950604212
2.151266010162818
2.1512810226483627
2.151295988207932
2.1513109069881517
2.151325779135189
2.1513406047947568
2.15135538411211
2.1513701172320516
2.1513848042989325
2.151399445456651
2.1514140408486577
2.1514285906179533
2.1514430949070937
2.151457553858188
2.1514719676129026
2.1514863363124603
2.151500660097643
2.151514939108794
2.151529173485816
2.1515433633681766
2.151557508894907
2.151571610204604
2.1515856674354317
2.1515996807251225
2.151613650210979
2.151627576029874
2.1516414583182537
2.151655297212137
2.151669092847119
2.1516828453583705
2.1516965548806404
2.1517102215482566
2.1517238454951273
2.151737426854743
2.1517509657601757
2.1517644623440835
2.151777916738709
2.1517913290758823
2.1518046994870206
2.1518180281031323
2.151831315054815
2.1518445604722594
2.151857764485249
2.1518709272231615
2.1518840488149715
2.15189712938925
2.1519101690741667
2.15192316799749
2.1519361262865906
2.1519490440684406
2.151961921469615
2.1519747586162943
2.151987555634264
2.1520003126489176
2.1520130297852558
2.15202570716789
2.1520383449210416
2.152050943168544
2.1520635020338443
2.152076021640003
2.152088502109696
2.152100943565218
2.1521133461284796
2.152125709921012
2.1521380350639654
2.152150321678113
2.1521625698838487
2.152174779801193
2.1521869515497887
2.1521990852489075
2.1522111810174467
2.1522232389739324
2.152235259236521
2.152247241922999
2.1522591871507863
2.1522710950369346
2.1522829656981313
2.1522947992506976
2.1523065958105927
2.1523183554934127
2.1523300784143933
2.15234176468841
2.1523534144299794
2.1523650277532598
2.1523766047720536
2.152388145599808
2.1523996503496146
2.1524111191342126
2.152422552065989
2.1524339492569795
2.15244531081887
2.1524566368629965
2.152467927500349
2.1524791828415695
2.1524904029969543
2.1525015880764564
2.1525127381896834
2.1525238534459024
2.152534933954038
2.1525459798226745
2.1525569911600577
2.152567968074095
2.152578910672356
2.1525898190620754
2.152600693350152
2.1526115336431513
2.1526223400473055
2.1526331126685148
2.152643851612349
2.1526545569840474
2.1526652288885217
2.152675867430355
2.1526864727138038
2.152697044842799
2.1527075839209475
2.152718090051531
2.1527285633375093
2.1527390038815213
2.152749411785884
2.152759787152596
2.152770130083337
2.1527804406794675
2.152790719042033
2.1528009652717635
2.152811179469073
2.152821361734063
2.152831512166522
2.1528416308659257
2.1528517179314406
2.1528617734619226
2.1528717975559193
2.1528817903116693
2.152891751827105
2.1529016821998535
2.152911581527236
2.15292144990627
2.15293128743367
2.152941094205848
2.152950870318915
2.152960615868682
2.1529703309506605
2.152980015660064
2.152989670091807
2.15299929434051
2.153008888500496
2.153018452665794
2.1530279869301383
2.1530374913869723
2.153046966129446
2.153056411250419
2.15306582684246
2.1530752129978494
2.153084569808579
2.1530938973663534
2.1531031957625903
2.153112465088422
2.1531217054346965
2.1531309168919774
2.153140099550545
2.1531492535003993
2.1531583788312574
2.1531674756325563
2.1531765439934545
2.153166849252556
2.1531415702851358
2.1531054116724846
2.1530622106935238
2.1530148152985764
2.152965280163251
2.152915068686017
2.1528652126446337
2.1528164305833517
2.152769213971038
2.1527238896307006
2.1526806650114825
2.152639661105619
2.1526009364575516
2.1525645047288333
2.1525303475817212
2.152498424147481
2.1524686779928013
2.1524410422465157
2.152415443369063
2.1523918039177508
2.1523700445673346
2.1523500855773876
2.1523318478482243
2.152315253670665
2.152300227248032
2.1522866950488684
2.152274586034118
2.1522638317914864
2.152254366601519
2.152246127453778
2.152239054026897
2.15223308864285
2.152228176203156
2.1522242641128084
2.1522213021962155
2.1522192426083677
2.15221803974358
2.152217650143547
2.152218032405965
2.1522191470946312
2.152220956651641
2.152223425312133
2.1522265190218555
2.15223020535773
2.1522344534515065
2.1522392339165317
2.1522445187776253
2.152250281404009
2.152256496445227
2.1522631397699667
2.1522701884076922
2.152277620492982
2.1522854152124755
2.1522935527543146
2.152302014259979
2.1523107817784135
2.152319838222341
2.1523291673266676
2.152338753608877
2.152348582331333
2.152358639465388
2.152368911657228
2.152379386195353
2.1523900509796343
2.1524008944918624
2.1524119057677167
2.1524230743700885
2.152434390363696
2.152445844290924
2.152457427148834
2.1524691303672845
2.1524809457881116
2.1524928656453155
2.152504882546207
2.152516989453468
2.1525291796680746
2.152541446813056
2.1525537848180316
2.152566187904501
2.152578650571846
2.152591167584009
2.1526037339568185
2.1526163449459252
2.1526289960353266
2.152641682926444
2.1526544015277276
2.15266714794477
2.1526799184708927
2.152692709578191
2.152705517909012
2.1527183402678456
2.1527311736136068
2.152744015052291
2.152756861829988
2.1527697113262287
2.1527825610476583
2.1527954086220116
2.152808251792383
2.152821088411771
2.1528339164378854
2.152846733928208
2.1528595390352905
2.152872330002279
2.1528851051586555
2.1528978629161806
2.1529106017650386
2.152923320270164
2.1529360170677445
2.1529486908618933
2.1529613404214825
2.152973964577128
2.152986562218318
2.15299913229068
2.1530116737933818
2.153024185776652
2.1530366673394234
2.1530491176270874
2.153061535829355
2.153073921178225
2.153086272946039
2.153098590443643
2.153110873018624
2.1531231200536367
2.153135330964812
2.153147505200233
2.153159642238493
2.153171741587315
2.153183802782238
2.153195825385367
2.153207808984183
2.153219753190404
2.153231657638905
2.1532435219866866
2.153255345911891
2.1532671291128658
2.153278871307272
2.153290572231231
2.153302231638514
2.1533138492997685
2.153325425001779
2.1533369585467637
2.1533484497517055
2.1533598984477087
2.1533713044793905
2.153382667704297
2.153393987992348
2.1534052652253064
2.153416499296272
2.1534276901091975
2.153438837578429
2.1534499416282613
2.1534610021925236
2.1534720192141723
2.15348299264491
2.1534939224448184
2.153504808582008
2.1535156510322833
2.1535264497788233
2.153537204811877
2.153547916128467
2.1535585837321163
2.1535692076325748
2.153579787845568
2.15359032439255
2.153600817300471
2.153611266601551
2.1536216723330694
2.126654435412273
2.078389220873793
2.0157897256542747
1.9437958355153409
1.8658071010845148
1.7841988775349442
1.7006508425667355
1.6163569933986277
1.5321662117131283
1.4486795399658547
1.3663184500850114
1.2853739904270627
1.2060420049992198
1.12844915014941
1.052671386699015
0.9787480787570391
0.9066922282935317
0.8364978996985932
0.7681456357133565
0.7016066261936343
0.6368454554041506
0.573822117822745
0.5124942270230938
0.4528181781551432
0.3947498113637996
0.3382451288567066
0.2832607212992002
0.22975399786902845
0.17768331145626062
0.12700819646866407
0.05332063092595668
-0.03791745995696094
-0.14031743852172274
-0.24944933362985078
-0.36232416672033146
-0.4768941971901902
-0.5917419331154391
-0.7058845304833841
-0.8186429017384266
-0.9295543768868532
-1.0612701000688118
-1.2081252234404745
-1.363810969293901
-1.5240176816797526
-1.6858840857765822
-1.847488262718513
-2.0075315319844393
-2.16514244572405
-2.3197482866014365
-2.47098267416122
-2.6186303055410036
-2.7625779727962687
-2.90278199524071
-3.0392528481068166
-3.172036269206476
-3.3012019252965654
-3.426832457524834
-3.5490184353230805
-3.6678534737839064
-3.7834361159604155
-3.8958680118839784
-4.00524689775848
-4.1116652318495515
-4.215212283455478
-4.315974802821129
-4.414037908658958
-4.509482456762917
-4.602385548146866
-4.692820693778356
-4.78085892932197
-4.86656947287001
-4.950018549730279
-5.031268328986644
-5.110377183075518
-5.187402128123908
-5.262398216715912
-5.33541812437215
-5.406511302422945
-5.475725366278616
-5.543105371958384
-5.608693948377873
-5.672531715729954
-5.734658465002251
-5.795114505957796
-5.853937764509639
-5.911166302961603
-5.96683578172338
-6.0209810785269084
-6.073636350455977
-6.124835412452619
-6.174610263652011
-6.222991115706064
-6.270007965114958
-6.315690693571195
-6.360067399794113
-6.403164776580449
-6.445008542281468
-6.485623694841809
-6.525034634349423
-6.5632654700741115
-6.600340311254642
-6.636282576435592
-6.671116103143476
-6.704863639145275
-6.737547200243854
-6.769188026407182
-6.799806888303886
-6.829424070030997
-6.858060535569684
-6.885736383540078
-6.9124706777793445
-6.938281709209863
-6.963187191504568
-6.9872043811955145
-7.0103501506709
-7.032641374337113
-7.054094760766898
-7.0747263691185855
-7.094551816083599
-7.113586378900067
-7.13184503808868
-7.1493424976463045
-7.166093195275956
-7.18211130791013
-7.197410755114216
-7.212005201674185
-7.225908306481874
-7.2391338993800325
-7.251695250114024
-7.263605123743153
-7.274875889794765
-7.28551960086835
-7.2955480426591
-7.304972764991047
-7.313805101007413
-7.322056179108221
-7.329736930509903
-7.336858094222222
-7.343430220559952
-7.349463673878454
-7.354968634950093
-7.359955103225903
-7.364432899117897
-7.368411666602869
-7.371900878534103
-7.374909836574255
-7.377447672429784
-7.379523350437039
-7.38114567069607
-7.382323272326393
-7.383064636690161
-7.383378090541648
-7.3832718091000435
-7.382753819052049
-7.381832001491013
-7.38051409479719
-7.378807697461712
-7.376720270855368
-7.3742591419423
-7.37143150593844
-7.368244428914287
-7.364704850341774
-7.360819585585079
-7.356595328335555
-7.3520388569902515
-7.347156837305675
-7.341955738301297
-7.336441843197328
-7.330621275608903
-7.324500021137977
-7.3180839427713025
-7.3113787915666
-7.304390214090042
-7.2971237576674355
-7.307978290201715
-7.351174704992358
-7.41790828023631
-7.500319690923427
-7.5930391864633116
-7.692377973059884
-7.795732804666494
-7.901226697908352
-8.007494959608199
-8.113543406758655
-8.21865519649486
-8.322306225172726
-8.424122330803007
-8.523837538348506
-8.621276308988877
-8.716323275861077
-8.808905679693307
-8.89898381090078
-8.986544428597291
-9.071602624717999
-9.154192571429942
-9.234351672941116
-9.312121144866268
-9.387546301960842
-9.460675849447496
-9.531562941599905
-9.60026457156592
-9.666837185673273
-9.731335825945418
-9.793815535707765
-9.854334812568094
-9.912947402800931
-9.969703794610128
-10.024653739728814
-10.077846180958513
-10.12932975550563
-10.179149623073304
-10.22734875531478
-10.273968263859484
-10.319047489866097
-10.362624188861592
-10.404734868667628
-10.445414949235243
-10.484698609997684
-10.522619324561894
-10.559211646737236
-10.59450788496665
-10.628538143976117
-10.66133113176713
-10.69291525035476
-10.723317741371824
-10.7525646412071
-10.780680948096771
-10.807690777428338
-10.83361748461233
-10.858483929460787
-10.882312509454705
-10.905124967889725
-10.926942341448
-10.94778499222059
-10.96767356843518
-10.98662816221141
-11.004667777356499
-11.021810912262923
-11.038076056522755
-11.053480276060737
-11.08321925362191
-11.123856741488856
-11.17168026629153
-11.224204658723933
-11.279756649122248
-11.337161784134317
-11.410394737334938
-11.495337889568187
-11.587804478341042
-11.684956344461364
-11.78485375415155
-11.886122075984282
-11.987761171223577
-12.089030174285368
-12.189392425842227
-12.288441761594678
-12.38587660977652
-12.48147839659435
-12.575084081982233
-12.666576136315342
-12.755873912111657
-12.84292709480703
-12.927715422347902
-13.010232564347097
-13.090481895834012
-13.168483629864728
-13.24426106611273
-13.31784322565737
-13.38926402030825
-13.458561737335536
-13.525777892188817
-13.590955329316296
-13.654145930709866
-13.715397158313632
-13.774754022665688
-13.832260052208797
-13.88795779157323
-13.94188896040854
-13.994094643754917
-14.044615422080502
-14.093495547597023
-14.14077284364904
-14.186483697188162
-14.230663602027342
-14.273347208882711
-14.314568291811598
-14.354359701314717
-14.392754997727977
-14.429787157972134
-14.465486782175946
-14.499882855093608
-14.5330031306528
-14.56487409033147
-14.59552127443938
-14.624969506667618
-14.653243239128843
-14.680366246535987
-14.706361692847333
-14.731253359939105
-14.755063342086311
-14.777812379719428
-14.799520199863277
-14.820205750868228
-14.839887352266109
-14.858582788271873
-14.876309365966913
-14.893083952076218
-14.908922996947119
-14.923842593793715
-14.937858481436159
-14.95098602515894
-14.963240206695804
-14.974635626613717
-14.98518651416429
-14.994906740358624
-15.003809831965063
-15.011909475129686
-15.019219191300438
-15.025751543744098
-15.031518637700255
-15.036532246950708
-15.040803871137738
-15.044344767684144
-15.047165970924448
-15.049278304649457
-15.050692391347054
-15.051418659798465
-15.051467351847869
-15.050848528751379
-15.049572077310616
-15.047647715895064
-15.045085000403587
-15.041893331492666
-15.038081967603524
-15.033660020167485
-15.028636456394311
-15.023020105750232
-15.016819667148996
-15.010043715858355
-15.00270070991786
-14.994798506674883
-14.986344848064409
-14.977347615747426
-14.967814476766412
-14.957753066273066
-14.94717099803863
-14.93607584814481
-14.924475145486223
-14.912376367486136
-14.899786938491195
-14.886714229621294
-14.873165559507736
-14.859148195623568
-14.844669356025996
-14.829736211387523
-14.814355887224838
-14.798535466255327
-14.782281990826316
-14.765602465373561
-14.748503858874201
-14.730993020833687
-14.713076686417667
-14.694761525100626
-14.676054163635154
-14.656961197875999
-14.63748920031547
-14.617644632157951
-14.59743206630944
-14.576856826931051
-14.555924798188967
-14.53464437835126
-14.513022744481404
-14.491066333372292
-14.46878125142301
-14.446174312304613
-14.42325338446669
-14.400025347684887
-14.376496383080623
-14.352672392234343
-14.328559190193733
-14.30416253435097
-14.279488139928505
-14.254541740160489
-14.229329181157919
-14.203856203474027
-14.178128439031909
-14.152149460310467
-14.12592316241768
-14.099454046125677
-14.072747018647597
-14.045807247792304
-14.018640085807546
-13.991251447498506
-13.963648456164826
-13.935839572375334
-13.907830950029714
-13.879628073194183
-13.85123614930186
-13.822660714709807
-13.793910062628152
-13.764990267434023
-13.735906789727455
-13.706664775449802
-13.67726724907156
-13.647717398610324
-13.618018771044625
-13.58817534087675
-13.558191359685607
-13.528071186154598
-13.497819199748877
-13.467439773522903
-13.436937270844881
-13.406316161582732
-13.375581381656492
-13.344737874230308
-13.31379040194013
-13.282743539507043
-13.251601715398824
-13.220369452601341
-13.189050987167592
-13.157650366093451
-13.126172733371126
-13.094623991158766
-13.063010281963699
-13.031337652323332
-12.99960979797994
-12.967829415118164
-12.936002214770125
-12.904130821600384
-12.872217149950862
-12.84026301448636
-12.808270423219628
-12.776241830414653
-12.744180205623346
-12.712088550169335
-12.679970101666902
-12.64782856560378
-12.615667047615213
-12.583488006478198
-12.551293457640869
-12.519085150451346
-12.486864698079179
-12.454633663314933
-12.422393608057842
-12.390146121246925
-12.35789283475736
-12.325635431935325
-12.293378478339736
-12.261125215228025
-12.228877670867185
-12.196638384483641
-12.16440917505073
-12.132191987576467
-12.09998994085688
-12.067805608462635
-12.0356408408845
-12.00349687780905
-11.971374512380036
-11.939276972650994
-11.907205334526642
-11.87515977900136
-11.843142698270245
-11.811155287902878
-11.779197946245455
-11.74727069543272
-11.715373779761713
-11.683508672533506
-11.651676070438421
-11.619876122269199
-11.588108729860748
-11.556374846971602
-11.524678862627118
-11.493022595561333
-11.461406929963488
-11.42983205188016
-11.398297628114989
-11.366803019162871
-11.335347454125335
-11.303930147910904
-11.272550487412886
-11.241208038262595
-11.209902499063473
-11.178636050548818
-11.147409782320766
-11.1162238923826
-11.085078096865216
-11.053971886013317
-11.0229046736707
-10.991876630869594
-10.960889459338865
-10.929945737525356
-10.899045853538443
-10.868189449508087
-10.837375836642279
-10.806604661813607
-10.775876838020622
-10.745193689090078
-10.714555070059804
-10.683961332356386
-10.653413897957407
-10.62291316308594
-10.592460293391696
-10.562055082017258
-10.531696454472932
-10.501382968303485
-10.471113179614719
-10.440885715196695
-10.41070038726231
-10.380557508355285
-10.350456981122568
-10.32039828497577
-10.307266946304775
-10.307707419950844
-10.317810459960269
-10.334862286681412
-10.356962686398033
-10.382654332806219
-10.410890766384416
-10.440868514022034
-10.47195550254522
-10.503648555612154
-10.535544690987177
-10.567320391050279
-10.598718108278302
-10.629532316303825
-10.659598691145764
-10.688787000112617
-10.71699541501152
-10.760417084084965
-10.815587835301885
-10.878595318396194
-10.946748104791936
-11.018184544208545
-11.091564075495079
-11.165890404251412
-11.240404336647455
-11.314522974371908
-11.387797248596886
-11.459884714130911
-11.530529778405779
-11.59953891987469
-11.666765002251514
-11.732099388207903
-11.79546519966219
-11.856811635457756
-11.916109613000227
-11.973348709910146
-12.028531578671705
-12.081673914599438
-12.132800408422954
-12.181943791595558
-12.229141364987658
-12.274433963571303
-12.317862257958149
-12.359467604354032
-12.39929183199423
-12.437377553107774
-12.47376815798485
-12.508506971017734
-12.541636963904859
-12.573200624083952
-12.603239935127377
-12.631796224032499
-12.658910021598217
-12.684621172624842
-12.708968490268884
-12.731989605162417
-12.753720940942234
-12.774197729922367
-12.793454037659295
-12.811522788820733
-12.82843579342176
-12.844223774422733
-12.858916400786807
-12.872542316207708
-12.885129179707732
-12.896703737586677
-12.9072915428875
-12.916917317439102
-12.925604985764034
-12.933377670865893
-12.940257708342351
-12.946266673231522
-12.951425412165385
-12.955754076833342
-12.959272196035688
-12.961998785050154
-12.963952078901306
-12.965149672174219
-12.965608595342362
-12.965345361582953
-12.964376001029345
-12.962716219338427
-12.960381360400287
-12.957386272618372
-12.953745367451932
-12.949472654873972
-12.944581632781727
-12.939085329668558
-12.932996471939285
-12.926327498619784
-12.919090565155615
-12.91129755064429
-12.902960067140194
-12.8940894697375
-12.884696866812272
-12.87479313013138
-12.864388904682118
-12.853494650351218
-12.842120667030837
-12.830277078716486
-12.817973812400393
-12.805220590107561
-12.79202693238711
-12.778402167548663
-12.764355442695726
-12.749895734615341
-12.735031859767439
-12.719772483194971
-12.70412612637785
-12.68810117718812
-12.671706060683508
-12.654949195890126
-12.63783883605135
-12.62038302262127
-12.602589596720787
-12.584466224034271
-12.566020418376786
-12.54725956077539
-12.528190900802661
-12.508821584617538
-12.489158931395767
-12.469209956395217
-12.448981336108021
-12.428479486191808
-12.407710634717116
-12.386680874456832
-12.36539620410307
-12.343862641035434
-12.322086119667134
-12.300072484673688
-12.277827505036619
-12.255356887295621
-12.232668040647868
-12.209767667467595
-12.186661534894974
-12.16335498011077
-12.139853129030481
-12.116160996911578
-12.092283556411317
-12.068226062782104
-12.043994335141907
-12.019593788904388
-11.995029869127084
-11.97030859745985
-11.945436910750875
-11.920421302926519
-11.895266849432483
-11.869977593441742
-11.844557003521057
-11.819008253991019
-11.793334389719993
-11.767538423689274
-11.741623393556686
-11.715592390660412
-11.68944857162612
-11.663195159278176
-11.636835437530639
-11.610372743101475
-11.58381080452932
-11.5571538798958
-11.530405690434215
-11.503569965813849
-11.476652140296578
-11.44965725361848
-11.422589628284202
-11.395452703690424
-11.36824920787121
-11.340981394107132
-11.313651283407234
-11.286260847937331
-11.258812020840349
-11.231306696708012
-11.203746749093169
-11.176134052881498
-11.148470502868566
-11.12075802603067
-11.09299945021919
-11.065198070073444
-11.037356420163935
-11.009476534434029
-10.981560164509906
-10.95361041087928
-10.941898355098767
-10.943151556883373
-10.953605435451482
-10.970666262613856
-10.9925284291828
-11.017872965198178
-11.045702861183944
-11.075246750296
-11.105897150484942
-11.13716982099747
-11.168676184182084
-11.20010335956941
-11.231199233037472
-11.261761032184912
-11.291626349122334
-11.320666023823135
-11.348778418987203
-11.375884754587158
-11.401925266997324
-11.426856138229322
-11.450647750647532
-11.473281387887301
-11.494747650984845
-11.515045637275232
-11.53417857857478
-11.552153643040263
-11.568981554047564
-11.58467609448513
-11.5992536029319
-11.612732502020194
-11.625132872975612
-11.636476079991445
-11.646784443519957
-11.656080959414028
-11.664389059891118
-11.67173241434277
-11.678134760686529
-11.683619764177735
-11.688210901775546
-11.69193136903581
-11.69480400623141
-11.696851240684001
-11.698095042706585
-11.69855689294845
-11.71371609145571
-11.740362470088114
-11.77487982040402
-11.814803340894928
-11.85843725073195
-11.904559058760128
-11.952257131400213
-12.000837386701873
-12.049762151859165
-12.098614991925796
-12.147068835845156
-12.194865985721593
-12.241804219128742
-12.287726151414022
-12.332507367893001
-12.376051283925417
-12.418284256036157
-12.459151827710725
-12.49861636613016
-12.536653290902988
-12.573248634805829
-12.608397376686039
-12.64210176262439
-12.674369944437466
-12.70521508592121
-12.734654448989268
-12.762708316445154
-12.78939923478198
-12.814751466988383
-12.83879055842193
-12.861542975872723
-12.883035805447937
-12.903296470903786
-12.922352023279615
-12.940229739033828
-12.95695693511198
-12.972561630665208
-12.987071338817282
-13.000512574586912
-13.012911015490376
-13.024292726405848
-13.034681975565697
-13.044102127189618
-13.052575851089905
-13.060125207101684
-13.06677168776525
-13.072536241953951
-13.077439289095686
-13.09577385146591
-13.1245197282298
-13.160350459780853
-13.201025864943567
-13.245017027321753
-13.291226762818967
-13.33883796415925
-13.387227508575767
-13.435914172888854
-13.484518796308524
-13.532740997410876
-13.580342456345154
-13.6271336108006
-13.6729639889821
-13.717714960725624
-13.761297123586969
-13.80364148305711
-13.844695127659135
-13.884419096250351
-13.92278475216835
-13.959773486349519
-13.995375921491066
-14.029590083809913
-14.062423227733579
-14.093884921956494
-14.123987314439093
-14.15274519231948
-14.180175790883773
-14.206298251087379
-14.231133168095392
-14.254702262590078
-14.277028105348856
-14.298133877380495
-14.318043161169784
-14.336779760859276
-14.35436754920694
-14.370830348290488
-14.386191913890839
-14.40047577712241
-14.413705115416272
-14.439127606991798
-14.473904001241863
-14.514963096345124
-14.560262323026434
-14.608416704646688
-14.658437605142408
-14.709592321020487
-14.761320505214186
-14.813185729578615
-14.864843976945403
-14.91602200093214
-14.966500118568124
-15.01610053628035
-15.064684702022467
-15.112146769929812
-15.158401847471799
-15.20338373851362
-15.247042298125793
-15.289342541039579
-15.330261118482643
-15.369782262491837
-15.407897264274851
-15.44460362009692
-15.479904150662218
-15.513804124712395
-15.54631257267386
-15.577442675641096
-15.607210772165471
-15.635635529039185
-15.662737332689865
-15.688537827473704
-15.713059419407532
-15.736325020262072
-15.758357950637949
-15.779181854455402
-15.79882044346357
-15.817297299857767
-15.834636554619053
-15.85086341415464
-15.866001542444854
-15.880073358335352
-15.893100381146514
-15.90510344213223
-15.91610280621816
-15.926118234282624
-15.935169016774118
-15.943273991836623
-15.950451555026717
-15.95671966484422
-15.962095846607474
-15.966597196151561
-15.97024038416705
-15.97304166158408
-15.97501686615238
-15.976181432177066
-15.976550399278993
-15.97613842050715
-15.974959771823189
-15.973028363095276
-15.970357750093099
-15.966961147028497
-15.962851439351681
-15.958041196631903
-15.952542685433178
-15.94636788210271
-15.939528485395494
-15.932035928899332
-15.92390139323769
-15.915135818033406
-15.90574991361243
-15.89575417242797
-15.897567988224614
-15.908596249692588
-15.92604522071245
-15.948063526927909
-15.97339505341348
-16.001134548473605
-16.030599398866332
-16.06126225933104
-16.092700876215414
-16.124573287195386
-16.156601168847494
-16.188553169605733
-16.220234658761715
-16.25148147273303
-16.282157368183693
-16.31214945462546
-16.341364394564096
-16.369724877091386
-16.39716720230568
-16.423639998097553
-16.449102474057366
-16.47352282600052
-16.496876911959678
-16.51914715040112
-16.54032159145356
-16.56039310536195
-16.57935868922915
-16.597218863899254
-16.613977150772673
-16.62963962547359
-16.64421451471035
-16.657711837012055
-16.670143090008256
-16.681520981036794
-16.691859249789594
-16.70117241407034
-16.70947557678015
-16.716784278093535
-16.723114375833354
-16.728481943771918
-16.732903182422188
-16.73639434115859
-16.738971651404757
-16.74065127021781
-16.741449233234754
-16.741381422099554
-16.740463538786706
-16.738711070850258
-16.736139262035184
-16.74466564057543
-16.761805648322508
-16.784901724095846
-16.812200815472213
-16.842516340379557
-16.874989423966856
-16.90897145819017
-16.943958303888536
-16.9795485820252
-17.015416012523943
-17.051300688753145
-17.086988036894414
-17.122295948930724
-17.15707126541344
-17.191185251483503
-17.224530008457677
-17.257015544426178
-17.28856733499758
-17.319124274220385
-17.348636845346658
-17.377065555662707
-17.404377816298002
-17.430547986266888
-17.455558201281427
-17.479396922355857
-17.502056744114153
-17.523534912287186
-17.543832798167365
-17.56295516538644
-17.580909568732014
-17.59770590430674
-17.61335592731699
-17.6278728303128
-17.64127093847822
-17.65356547096324
-17.664772347694733
-17.674908026180294
-17.68398935896852
-17.692033469217954
-17.699057643471296
-17.705079240291212
-17.71011561299557
-17.71418404467812
-17.717301693884895
-17.719485549494944
-17.720752393589244
-17.72111877122053
-17.72060096620596
-17.719214982182624
-17.71697652824877
-17.713901008590444
-17.710003515564164
-17.705298825769134
-17.69980139869771
-17.6935253776035
-17.686484592263483
-17.678692563354083
-17.670162508194903
-17.6609073476419
-17.650939713938502
-17.640271959360913
-17.628916165514394
-17.616884153131227
-17.604187492267787
-17.590837512808605
-17.576845315193303
-17.56222095453462
-17.54697246188545
-17.53110756678388
-17.514634555611007
-17.49756220216479
-17.479899571498848
-17.461655872333424
-17.44284035814164
-17.42346236785514
-17.403531183071568
-17.38305595953746
-17.36204570616619
-17.340509286855934
-17.318455431691497
-17.295892751215458
-17.27282975194288
-17.249274854121776
-17.225236414527952
-17.20072281787685
-17.175742458052923
-17.150303694101023
-17.12441482566778
-17.098084088710188
-17.07131493881766
-17.04411069124454
-17.01647604025078
-16.988419052626547
-16.9599494164443
-16.93107759095038
-16.901811305922365
-16.87215768390299
-16.842123641383658
-16.811716510130573
-16.780948167488226
-16.749828524614355
-16.718365832197463
-16.68656733989729
-16.6544397674192
-16.621989605799996
-16.589221616315776
-16.556135905234985
-16.522734164306208
-16.48902000785777
-16.45499854986471
-16.420675929947013
-16.386058957904257
-16.36366729916857
-16.351076035292284
-16.34562836372439
-16.34556805861655
-16.349698245676905
-16.357144179357338
-16.367231264333896
-16.379419145006946
-16.39326301281594
-16.408389313028767
-16.424479689926812
-16.441259936141982
-16.45849223416507
-16.475969202418515
-16.49350936488498
-16.510953651616017
-16.528162605943557
-16.545013659973698
-16.56139742684601
-16.577219397182052
-16.59239827630688
-16.606863675040806
-16.62055536070545
-16.63342240416709
-16.64542223448385
-16.656519690396703
-16.666686164114417
-16.67589885505834
-16.684140117840098
-16.691396885852303
-16.69766015660794
-16.70292452931362
-16.70718778795118
-16.71045052480237
-16.712715800359074
-16.713988836210927
-16.71427673795114
-16.713588245474405
-16.71193350830175
-16.70932388378179
-16.705771756200388
-16.701290374990524
-16.695893710376225
-16.689596324913627
-16.682413259509985
