-65.0
-65.02182546141991
-65.04256062268065
-65.06209139823555
-65.08042834436213
-65.09764416092817
-65.11383740434796
-65.12911266479381
-65.14357050297843
-65.15730292272525
-65.17039184753496
-65.18290913660007
-65.19491731980666
-65.20647060829162
-65.21761595223893
-65.22839403717846
-65.23884017447509
-65.24898507492746
-65.25885551038364
-65.26847487500679
-65.27786365977319
-65.28703985342527
-65.29601928175619
-65.30481589544948
-65.3134420150674
-65.32190854031549
-65.33022512945477
-65.33840035368453
-65.34644183045825
-65.35435633899387
-65.36214992067094
-65.36982796654591
-65.37739529384255
-65.38485621296994
-65.39221458637141
-65.39947388030394
-65.40663721047922
-65.41370738235854
-65.42068692677833
-65.42757813148613
-65.4343830690863
-65.44110362182647
-65.44774150359815
-65.45429827947592
-65.46077538307831
-65.46717413199754
-65.47349574151488
-65.47974133679227
-65.48591196370782
-65.4920085984834
-65.49803215623541
-65.50398349856479
-65.50986344028942
-65.51567275541065
-65.52141218239561
-65.52708242884825
-65.53268417563397
-65.53821808051633
-65.54368478135741
-65.54908489892892
-65.55441903937543
-65.55968779636729
-65.56489175297692
-65.57003148330844
-65.57510755390776
-65.58012052497737
-65.58507095141778
-65.58995938371486
-65.59478636869099
-65.59955245013552
-65.60425816932874
-65.60890406547215
-65.61349067603611
-65.61801853703533
-65.6224881832411
-65.62690014833849
-65.63125496503568
-65.63555316513211
-65.63979527955108
-65.64398183834199
-65.64811337065682
-65.65219040470498
-65.65621346769004
-65.66018308573149
-65.66409978377462
-65.66796408549057
-65.67177651316914
-65.67553758760602
-65.67924782798613
-65.68290775176463
-65.6865178745467
-65.69007870996734
-65.69359076957198
-65.69705456269871
-65.70047059636286
-65.70383937514445
-65.707161401079
-65.71043717355198
-65.71366718919732
-65.71685194180024
-65.71999192220439
-65.72308761822362
-65.72613951455843
-65.72914809271705
-65.73211383094126
-65.73503720413684
-65.73791868380883
-65.74075873800115
-65.74355783124092
-65.74631642448708
-65.74903497508336
-65.75171393671548
-65.75435375937228
-65.75695488931099
-65.75951776902609
-65.76204283722201
-65.76453052878924
-65.76698127478383
-65.76939550241023
-65.77177363500708
-65.77411609203607
-65.77642328907359
-65.77869563780506
-65.78093354602177
-65.78313741762024
-65.78530765260379
-65.78744464708635
-65.78954879329824
-65.79162089776838
-65.79366283189492
-65.79567815237814
-65.79767252188667
-65.79965387004685
-65.8016323119203
-65.80361989785028
-65.80563028721731
-65.80767842368184
-65.80978025882645
-65.811952547166
-65.81421271906498
-65.81657882523163
-65.8190695361292
-65.82170417296162
-65.82450274480719
-65.82748596877968
-65.83067525557767
-65.83409264982303
-65.83776072170096
-65.84170241253412
-65.84594084148043
-65.85049908338357
-65.85539992906568
-65.86066563933029
-65.86631770299701
-65.87237660776145
-65.87886163085597
-65.88579065460623
-65.8931800101927
-65.90104435133532
-65.90939655827484
-65.91824767134312
-65.92760685258953
-65.93748137333827
-65.94787662516339
-65.95879615154882
-65.97024169741854
-65.98221327374605
-65.99470923455466
-66.00772636377906
-66.02125996965393
-66.0353039845123
-66.04985106810307
-66.06489271276352
-66.08041934900368
-66.09642045026882
-66.11288463584292
-66.12979977103562
-66.14715306395847
-66.16493115834142
-66.18312022197216
-66.20170603045405
-66.2206740460777
-66.24000949168654
-66.2596974194891
-66.27972277483204
-66.30007045499836
-66.32072536313756
-66.34167245746735
-66.36289679591374
-66.38438357637604
-66.40611817281872
-66.42808616740206
-66.45027337886991
-66.47266588741647
-66.49525005625385
-66.51801255010069
-66.54094035080806
-66.56402077033344
-66.58724146126744
-66.61059042510982
-66.63405601848385
-66.65762695746889
-66.68129232022238
-66.7050415480532
-66.72886444509912
-66.75275117675243
-66.77669226696705
-66.80067859457304
-66.82470138871554
-66.84875222352667
-66.87282301213125
-66.89690600007884
-66.92099375828782
-66.94507917557978
-66.9691554508763
-66.99321608512345
-67.01725487300371
-67.04126589448941
-67.06524350628668
-67.08918233321386
-67.11307725955423
-67.13692342041804
-67.16071619314559
-67.18445118877911
-67.20812424362799
-67.23173141094885
-67.25526895275894
-67.27873333179893
-67.30212120365888
-67.32542940907858
-67.34865496643194
-67.37179506440323
-67.39484705486105
-67.41780844593477
-67.44067689529682
-67.46345020365277
-67.48612630844043
-67.50870327773801
-67.5311793043806
-67.55355270028367
-67.57582189097134
-67.59798541030669
-67.62004189542134
-67.64199008184058
-67.66382879879986
-67.6855569647483
-67.70717358303503
-67.72867773777354
-67.75006858987936
-67.771345373276
-67.79250739126421
-67.81355401304934
-67.83448467042179
-67.85529885458533
-67.87599611312818
-67.89657604713187
-67.91703830841266
-67.93738259689069
-67.957608658082
-67.9777162807084
-67.99770529442078
-68.01757556763094
-68.03732700544782
-68.05695954771353
-68.07647316713496
-68.09586786750693
-68.11514368202282
-68.13430067166891
-68.15333892369853
-68.1722585501825
-68.19105968663249
-68.20974249069367
-68.22830714090368
-68.24675383551465
-68.26508279137532
-68.28329424287044
-68.3013884409146
-68.31936565199791
-68.33722615728105
-68.35497025173709
-68.37259824333795
-68.39011045228321
-68.40750721026907
-68.42478885979563
-68.44195575351029
-68.45900825358567
-68.47594673113021
-68.49277156562968
-68.50948314441814
-68.52608186217668
-68.54256812045872
-68.55894232724026
-68.5752048964938
-68.59135624778494
-68.60739680589006
-68.62332700043432
-68.6391472655487
-68.65485803954519
-68.67045976460899
-68.68595288650704
-68.70133785431189
-68.71661512014003
-68.73178513890409
-68.74684836807789
-68.76180526747395
-68.7766562990325
-68.79140192662167
-68.806042615848
-68.82057883387678
-68.83501104926202
-68.849339731785
-68.8635653523011
-68.87768838259463
-68.891709295241
-68.90562856347599
-68.91944666107175
-68.9331640622191
-68.94678124141585
-68.96029867336068
-68.97371683285256
-68.98703619469511
-69.00025723360578
-69.01338042412966
-69.02640624055749
-69.03933515684778
-69.05216764655285
-69.06490418274838
-69.07754523796662
-69.09009128413273
-69.10254279250424
-69.11490023361355
-69.12716407721315
-69.13933479222348
-69.15141284668336
-69.16339870770277
-69.1752928414179
-69.18709571294836
-69.19880778635644
-69.21042952460826
-69.22196138953683
-69.23340384180682
-69.24475734088101
-69.25602234498837
-69.26719931109355
-69.27828869486791
-69.28929095066187
-69.30020653147852
-69.31103588894865
-69.32177947330672
-69.33243773336817
-69.34301111650768
-69.35350006863857
-69.36390503419308
-69.37422645610367
-69.3844647757852
-69.39462043311798
-69.40469386643159
-69.41468551248961
-69.42459580647503
-69.43442518197634
-69.44417407097444
-69.45384290383015
-69.46343210927236
-69.47294211438681
-69.48237334460549
-69.49172622369656
-69.50100117375484
-69.5101986151929
-69.51931896673253
-69.52836264539678
-69.53733006650252
-69.54622164365334
-69.55503778873296
-69.56377891189909
-69.57244542157763
-69.58103772445732
-69.58955622548476
-69.5980013278598
-69.60637343303128
-69.61467294069313
-69.6229002487808
-69.631055753468
-69.63913984916383
-69.64715292851007
-69.65509538237895
-69.66296759987104
-69.67076996831352
-69.6785028732587
-69.6861666984827
-69.69376182598455
-69.70128863598546
-69.70874750692826
-69.71613881547717
-69.72346293651775
-69.73072024315711
-69.73791110672425
-69.74503589677073
-69.7520949810714
-69.7590887256254
-69.76601749465743
-69.77288165061901
-69.77968155419008
-69.78641756428074
-69.7930900380331
-69.79969933082336
-69.80624579626401
-69.81272978620623
-69.8191516507424
-69.82551173820875
-69.83181039518817
-69.83804796651322
-69.84422479526911
-69.85034122279704
-69.85639758869746
-69.86239423083354
-69.86833148533483
-69.87420968660088
-69.88002916730508
-69.88579025839866
-69.89149328911459
-69.89713858697189
-69.90272647777971
-69.90825728564177
-69.91373133296075
-69.91914894044285
-69.92451042710238
-69.92981611026643
-69.93506630557977
-69.94026132700957
-69.94540148685044
-69.95048709572947
-69.95551846261124
-69.96049589480307
-69.96541969796023
-69.97029017609121
-69.97510763156316
-69.97987236510728
-69.98458467582432
-69.98924486119013
-69.99385321706129
-69.99841003768071
-70.00291561568346
-70.00737024210243
-70.01177420637417
-70.0161277963448
-70.02043129827588
-70.02468499685034
-70.02888917517852
-70.03304411480417
-70.03715009571053
-70.04120739632646
-70.0452162935325
-70.04917706266718
-70.05308997753309
-70.05695531040323
-70.06077333202718
-70.06454431163749
-70.06826851695594
-70.0719462141999
-70.0755776680887
-70.07916314185005
-70.08270289722638
-70.08619719448139
-70.08964629240637
-70.09305044832678
-70.09640991810868
-70.09972495616522
-70.10299581546322
-70.10622274752961
-70.10940600245806
-70.11254582891544
-70.11564247414847
-70.11869618399021
-70.12170720286667
-70.12467577380343
-70.12760213843217
-70.13048653699728
-70.13332920836251
-70.1361303900175
-70.13889031808444
-70.14160922732462
-70.1442873511451
-70.14692492160528
-70.1495221694235
-70.15207932398371
-70.15459661334198
-70.15707426423313
-70.15951250207739
-70.16191155098691
-70.1642716337724
-70.16659297194967
-70.16887578574622
-70.17112029410787
-70.1733267147052
-70.17549526394022
-70.17762615695284
-70.17971960762745
-70.18177582859941
-70.1837950312616
-70.18577742577087
-70.18772322105463
-70.18963262481722
-70.19150584354648
-70.19334308252013
-70.2239187358624
-70.2759799513037
-70.34432532204501
-70.42510192992309
-70.51536414723455
-70.61279579218613
-70.71553312326039
-70.82204999424737
-70.93108146059657
-71.04157133667863
-71.15263483091589
-71.26353082002433
-71.37364042049089
-71.48244979650156
-71.589535926266
-71.6945545265815
-71.7972296268551
-71.897344461157
-71.99473345470633
-72.08927514679979
-72.18088593232476
-72.26951452887566
-72.35513709233008
-72.437752914285
-72.51738064223468
-72.5940549690998
-72.6678237434422
-72.73874545584079
-72.8068870606815
-72.87232209614037
-72.93512906845908
-72.99539006974912
-73.05318960150974
-73.10861357880819
-73.16174849264074
-73.21268071037143
-73.26149589633118
-73.30827853665939
-73.35311155428738
-73.39607600160954
-73.43725081987056
-73.47671265562948
-73.51453572585247
-73.55079172424855
-73.58554976240744
-73.61887634013564
-73.65083534012798
-73.68148804276503
-73.710893157402
-73.73910686702024
-73.76618288355522
-73.7921725116024
-73.81712471854095
-73.84108620940994
-73.86410150512836
-73.88621302287292
-73.90746115762047
-73.92788436402876
-73.94751923797278
-73.96640059717848
-73.98456156050116
-74.00203362548778
-74.01884674393919
-74.03502939525525
-74.05060865740127
-74.06561027538194
-74.08005872714855
-74.09397728689848
-74.10738808575385
-74.12031216982884
-74.13276955571376
-74.14477928341938
-74.15635946683643
-74.1675273417754
-74.17829931165817
-74.18869099093914
-74.19871724633667
-74.20839223595834
-74.21772944640506
-74.22674172793919
-74.23544132780165
-74.24383992176219
-74.25194864398512
-74.25977811529162
-74.267338469897
-74.27463938069917
-74.28169008319222
-74.28849939807579
-74.29507575262876
-74.3014272009126
-74.30756144286694
-74.31348584235747
-74.31920744423293
-74.3247329904458
-74.33006893528827
-74.33522145979268
-74.34019648534307
-74.34499968654198
-74.34963650337443
-74.35411215270875
-74.35843163917183
-74.36259976543397
-74.36662114193729
-74.37050019609885
-74.37424118101876
-74.37784818372123
-74.38132513295517
-74.3846758065795
-74.38790383855668
-74.39101272557683
-74.39400583333334
-74.39688640246979
-74.39965755421677
-74.40232229573614
-74.40488352518922
-74.40734403654452
-74.40970652413948
-74.4119735870103
-74.41414773300245
-74.41623138267441
-74.41822687300592
-74.42013646092164
-74.42196232664047
-74.42370657685998
-74.42537124778516
-74.42695830800982
-74.42846966125875
-74.42990714899825
-74.43127255292197
-74.43256759731888
-74.43379395132969
-74.43495323109752
-74.43604700181866
-74.43707677969843
-74.43804403381735
-74.43895018791216
-74.43979662207626
-74.44058467438354
-74.44131564243978
-74.44199078486515
-74.44261132271144
-74.4431784408172
-74.44369328910415
-74.44415698381746
-74.44457060871312
-74.4449352161946
-74.44525182840164
-74.4455214382534
-74.44574501044801
-74.44592348242101
-74.44605776526436
-74.44614874460797
-74.44619728146566
-74.44620421304708
-74.44617035353728
-74.44609649484542
-74.44598340732405
-74.44583184046034
-74.44564252354054
-74.44541616628884
-74.44515345948186
-74.44485507553989
-74.44452166909578
-74.44415387754266
-74.44375232156132
-74.44331760562805
-74.44285031850409
-74.44235103370713
-74.4418203099659
-74.44125869165845
-74.4406667092348
-74.44004487962475
-74.43939370663126
-74.43871368131028
-74.43800528233724
-74.4372689763612
-74.4365052183466
-74.43571445190372
-74.43489710960782
-74.43405361330765
-74.43318437442376
-74.43228979423688
-74.4313702641669
-74.43042616604271
-74.42945787236336
-74.42846574655077
-74.42745014319438
-74.42641140828799
-74.42534987945923
-74.42426588619169
-74.42315975004021
-74.42203178483948
-74.42088229690619
-74.41971158523505
-74.4185199416888
-74.4173076511824
-74.41607499186185
-74.4148222352775
-74.4135496465523
-74.41225748454502
-74.41094600200873
-74.40961544574456
-74.4082660567511
-74.40689807036938
-74.40551171642372
-74.40410721935858
-74.40268479837147
-74.40124466754209
-74.3997870359579
-74.3983121078361
-74.39682008264228
-74.39531115520568
-74.39378551583137
-74.39224335040932
-74.39068484052044
-74.38911016353983
-74.38751949273713
-74.38591299737428
-74.38429084280054
-74.38265319054508
-74.38100019840707
-74.37933202054334
-74.37764880755383
-74.37595070656472
-74.37423786130944
-74.37251041220752
-74.3707684964415
-74.36901224803177
-74.36724179790946
-74.36545727398763
-74.36365880123049
-74.36184650172092
-74.3600204947263
-74.35818089676269
-74.35632782165737
-74.35446138060986
-74.35258168225138
-74.35068883270289
-74.34878293563165
-74.34686409230643
-74.34493240165138
-74.34298796029849
-74.34103086263892
-74.33906120087296
-74.33707906505889
-74.33508454316053
-74.33307772109384
-74.33105868277218
-74.32902751015068
-74.32698428326948
-74.3249290802959
-74.32286197756575
-74.3207830496235
-74.31869236926171
-74.31659000755933
-74.31447603391928
-74.31235051610508
-74.31021352027668
-74.30806511102537
-74.30590535140803
-74.3037343029805
-74.30155202583019
-74.299358578608
-74.29715401855945
-74.2949384015552
-74.29271178212076
-74.29047421346563
-74.28822574751173
-74.2859664349212
-74.28369632512363
-74.28141546634257
-74.27912390562159
-74.27682168884968
-74.27450886078607
-74.27218546508458
-74.26985154431732
-74.26750713999805
-74.26515229260478
-74.26278704160215
-74.26041142546308
-74.25802548169013
-74.25562924683626
-74.25322275652529
-74.25080604547176
-74.24837914750046
-74.24594209556552
-74.24349492176914
-74.24103765737976
-74.23857033285007
-74.23609297783445
-74.23360562120612
-74.23110829107398
-74.22860101479894
-74.22608381901006
-74.22355672962028
-74.22101977184187
-74.2184729702014
-74.21591634855467
-74.21334993010107
-74.21077373739782
-74.20818779237374
-74.20559211634297
-74.20298673001821
-74.20037165352375
-74.19774690640824
-74.19511250765724
-74.1924684757054
-74.18981482844848
-74.18715158325516
-74.18447875697849
-74.1817963659672
-74.17910442607675
-74.17640295268016
-74.17369196067862
-74.17097146451192
-74.1682414781686
-74.16550201519594
-74.1627530887098
-74.15999471140418
-74.15722689556058
-74.15444965305731
-74.15166299537844
-74.14886693362273
-74.14606147851222
-74.14324664040085
-74.1404224292827
-74.13758885480021
-74.13474592625228
-74.131893652602
-74.12903204248444
-74.1261611042142
-74.12328084579283
-74.12039127491607
-74.11749239898106
-74.11458422509321
-74.11166676007319
-74.10874001046358
-74.10580398253548
-74.10285868229504
-74.09990411548971
-74.09694028761459
-74.09396720391844
-74.09098486940974
-74.08799328886256
-74.08499246682236
-74.08198240761155
-74.07896311533523
-74.07593459388653
-74.07289684695203
-74.069849878017
-74.06679369037053
-74.0637282871106
-74.06065367114905
-74.05756984521645
-74.05447681186683
-74.05137457348246
-74.04826313227844
-74.04514249030714
-74.0420126494628
-74.03887361148578
-74.03572537796686
-74.03256795035148
-74.02940132994387
-74.02622551791109
-74.02304051528702
-74.0198463229763
-74.01664294175818
-74.0134303722902
-74.01020861511205
-74.00697767064908
-74.00373753921598
-74.00048822102023
-73.99722971616559
-73.99396202465547
-73.99068514639629
-73.98739908120073
-73.984103828791
-73.98079938880193
-73.97748576078412
-73.97416294420702
-73.97083093846187
-73.96748974286471
-73.96413935665927
-73.96077977901977
-73.9574110090538
-73.95403304580502
-73.95064588825589
-73.94724953533036
-73.94384398589645
-73.94042923876889
-73.93700529271156
-73.93357214644008
-73.93012979862418
-73.92667824789014
-73.92321749282311
-73.91974753196953
-73.91626836383931
-73.91277998690813
-73.90928239961968
-73.9057756003878
-73.9022595875986
-73.89873435961266
-73.895199914767
-73.89165625137719
-73.88810336773929
-73.88454126213193
-73.88096993281816
-73.87738937804741
-73.87379959605735
-73.87020058507579
-73.86659234332242
-73.8629748690107
-73.85934816034955
-73.85571221554517
-73.85206703280265
-73.84841261032774
-73.84474894632851
-73.84107603901691
-73.83739388661046
-73.8337024873338
-73.83000183942023
-73.8262919411133
-73.82257279066826
-73.81884438635362
-73.81510672645254
-73.81135980926435
-73.80760363310593
-73.8038381963131
-73.80006349724205
-73.79627953427067
-73.7924863057999
-73.78868381025502
-73.784872046087
-73.78105101177377
-73.77722070582145
-73.77338112676561
-73.76953227317256
-73.76567414364042
-73.76180673680048
-73.75793005131823
-73.75404408589459
-73.75014883926706
-73.74624431021077
-73.7423304975397
-73.73840740010765
-73.73447501680943
-73.73053334658182
-73.7265823884047
-73.72262214130201
-73.71865260434284
-73.71467377664237
-73.71068565736289
-73.70668824571476
-73.70268154095736
-73.69866554240006
-73.69464024940316
-73.69060566137881
-73.68656177779188
-73.68250859816091
-73.67844612205894
-73.67437434911447
-73.67029327901221
-73.66620291149401
-73.66210324635965
-73.65799428346769
-73.65387602273627
-73.64974846414393
-73.64561160773036
-73.64146545359725
-73.63731000190901
-73.63314525289353
-73.62897120684295
-73.62478786411438
-73.62059522513067
-73.61639329038107
-73.61218206042197
-73.60796153587764
-73.60373171744085
-73.59949260587359
-73.59524420200776
-73.59098650674578
-73.58671952106131
-73.58244324599984
-73.57815768267936
-73.57386283229098
-73.56955869609956
-73.56524527544427
-73.5609225717392
-73.55659058647397
-73.55224932121428
-73.5478987776024
-73.54353895735784
-73.53916986227779
-73.53479149423772
-73.5304038551919
-73.52600694717393
-73.52160077229725
-73.51718533275569
-73.51276063082402
-73.50832666885842
-73.50388344929702
-73.49943097466046
-73.49496924755232
-73.49049827065969
-73.48601804675366
-73.48152857868979
-73.47702986940864
-73.47252192193618
-73.46800473938433
-73.46347832495138
-73.4589426819225
-73.4543978136701
-73.44984372365435
-73.44528041542357
-73.44070789261467
-73.43612615895357
-73.4315352182556
-73.42693507442594
-73.42232573145995
-73.41770719344363
-73.41307946455399
-73.40844254905939
-73.40379645131996
-73.39914117578796
-73.3944767270081
-73.38980310961794
-73.38512032834824
-73.38042838802325
-73.37572729356114
-73.37101704997424
-73.36629766236943
-73.36156913594846
-73.35683147600821
-73.35208468794107
-73.34732877723523
-73.34256374947496
-73.33778961034093
-73.33300636561049
-73.32821402115796
-73.32341258295494
-73.31860205707056
-73.31378244967176
-73.30895376702355
-73.3041160154893
-73.29926920153099
-73.29441333170945
-73.28954841268464
-73.28467445121588
-73.2797914541621
-73.27489942848206
-73.2699983812346
-73.26508831957888
-73.26016925077458
-73.25524118218213
-73.25030412126296
-73.24535807557965
-73.24040305279621
-73.23543906067823
-73.23046610709312
-73.22548420001027
-73.22049334750126
-73.21549355774007
-73.21048483900324
-73.20546719967005
-73.20044064822271
-73.1954051932465
-73.19036084343
-73.18530760756518
-73.18024549454763
-73.17517451337669
-73.17009467315556
-73.16500598309153
-73.15990845249604
-73.1548020907849
-73.14968690747843
-73.14456291220161
-73.13943011468423
-73.13428852476102
-73.1291381523717
-73.12397900756116
-73.11881110047952
-73.11363444138225
-73.10844904063023
-73.10325490868996
-73.0980520561335
-73.09284049363869
-73.08762023198918
-73.08239128207452
-73.0771536548903
-73.07190736153814
-73.06665241322587
-73.06138882126754
-73.05611659708357
-73.05083575220075
-73.04554629825235
-73.04024824697814
-73.0349416102245
-73.02962639994439
-73.02430262819747
-73.01897030715013
-73.01362944907547
-73.00828006635341
-73.00292217147069
-72.99755577702089
-72.9921808957045
-72.98679754032887
-72.98140572380831
-72.97600545916409
-72.97059675952438
-72.96517963812438
-72.95975410830623
-72.95432018351906
-72.94887787731898
-72.94342720336908
-72.93796817543944
-72.93250080740707
-72.92702511325597
-72.92154110707705
-72.91604880306816
-72.91054821553406
-72.90503935888634
-72.89952224764346
-72.89399689643068
-72.88846331998005
-72.88292153313034
-72.87737155082704
-72.87181338812225
-72.86624706017471
-72.86067258224972
-72.85508996971903
-72.84949923806086
-72.84390040285979
-72.83829347980672
-72.8326784846988
-72.82705543343936
-72.82142434203779
-72.81578522660955
-72.810138103376
-72.8044829886644
-72.79881989890775
-72.79314885064474
-72.78746986051964
-72.7817829452822
-72.7760881217876
-72.77038540699625
-72.76467481797383
-72.75895637189099
-72.75323008602341
-72.7474959777516
-72.7417540645608
-72.73600436404084
-72.73024689388605
-72.7244816718951
-72.71870871597092
-72.71292804412047
-72.70713967445472
-72.70134362518841
-72.69553991463998
-72.68972856123138
-72.68390958348793
-72.67808300003821
-72.67224882961384
-72.66640709104934
-72.660557803282
-72.65470098535171
-72.64883665640075
-72.64296483567365
-72.63708554251704
-72.63119879637945
-72.6253046168111
-72.61940302346379
-72.61349403609064
-72.60757767454598
-72.60165395878508
-72.595722908864
-72.58978454493942
-72.58383888726839
-72.57788595620815
-72.57192577221596
-72.56595835584886
-72.55998372776347
-72.55400190871576
-72.54801291956089
-72.54201678125291
-72.53601351484464
-72.53000314148738
-72.52398568243072
-72.51796115902226
-72.51192959270745
-72.50589100502928
-72.49984541762814
-72.49379285224144
-72.48773333070349
-72.48166687494518
-72.47559350699372
-72.46951324897245
-72.46342612310053
-72.45733215169268
-72.45123135715893
-72.44512376200436
-72.43900938882881
-72.4328882603266
-72.4267603992863
-72.42062582859032
-72.41448457121471
-72.4083366502288
-72.4021820887949
-72.39602091016792
-72.38985313769511
-72.38367879481572
-72.37749790506065
-72.37131049205213
-72.36511657950348
-72.3589161912187
-72.35270935109222
-72.34649608310862
-72.34027641134227
-72.33405035995712
-72.3278179532063
-72.32157921543191
-72.31533417106469
-72.30908284462372
-72.30282526071613
-72.29656144403684
-72.29029141936819
-72.28401521157969
-72.27773284562767
-72.27144434655501
-72.26514973949081
-72.25884904965004
-72.25254230233324
-72.24622952292619
-72.23991073689956
-72.2335859698086
-72.22725524729276
-72.22091859507536
-72.21457603896326
-72.20822760484646
-72.2018733186978
-72.19551320657258
-72.18914729460815
-72.18277560902358
-72.1763981761193
-72.17001502227674
-72.1636261739579
-72.15723165770498
-72.15083150014009
-72.1444257279647
-72.13801436795943
-72.13159744698353
-72.12517499197456
-72.11874702994795
-72.11231358799665
-72.10587469329069
-72.0994303730768
-72.09298065467803
-72.08652556549329
-72.080065132997
-72.07359938473876
-72.06712834834289
-72.0606520515081
-72.05417052200698
-72.04768378768564
-72.0411918764632
-72.0346948163314
-72.02819263535416
-72.02168536166715
-72.01517302347735
-72.0086556490626
-72.00213326677121
-71.99560590502146
-71.98907359230127
-71.98253635716766
-71.97599422824644
-71.96944723423167
-71.96289540388528
-71.95633876603662
-71.94977734958199
-71.9432111834842
-71.93664029677211
-71.9300647185402
-71.92348447794807
-71.91689960422002
-71.9103101266446
-71.90371607457409
-71.8971174774241
-71.8905143646731
-71.88390676586188
-71.87729471059323
-71.87067822853133
-71.86405734940138
-71.85743210298905
-71.85080251914009
-71.8441686277598
-71.8375304588126
-71.83088804232148
-71.82424140836761
-71.81759058708982
-71.81093560868412
-71.80427650340322
-71.79761330155603
-71.79094603350723
-71.78427472967674
-71.77759942053925
-71.77092013662372
-71.76423690851291
-71.75754976684289
-71.75085874230251
-71.74416386563297
-71.73746516762726
-71.73076267912971
-71.72405643103546
-71.71734645429002
-71.7106327798887
-71.70391543887614
-71.6971944623458
-71.69046988143948
-71.6837417273468
-71.67701003130466
-71.67027482459679
-71.66353613855321
-71.65679400454974
-71.65004845400745
-71.64329951839217
-71.636547229214
-71.62979161802679
-71.62303271642756
-71.61627055605608
-71.6095051685943
-71.60273658576581
-71.59596483933538
-71.5891899611084
-71.58241198293037
-71.57563093668635
-71.56884685430049
-71.56205976773546
-71.55526970899196
-71.54847671010816
-71.5416808031592
-71.53488202025663
-71.52808039354794
-71.52127595521594
-71.51446873747832
-71.50765877258709
-71.50084609282801
-71.49403073052011
-71.48721271801512
-71.48039208769696
-71.47356887198121
-71.46674310331458
-71.45991481417433
-71.45308403706775
-71.44625080453172
-71.43941514913202
-71.43257710346292
-71.42573670014656
-71.41889397183245
-71.41204895119694
-71.40520167094266
-71.398352163798
-71.3915004625165
-71.38464659987643
-71.37779060868013
-71.37093252175353
-71.3640723719456
-71.35721019212778
-71.35034601519351
-71.34347987405759
-71.3366118016557
-71.32974183094383
-71.32286999489773
-71.31599632651233
-71.3091208588013
-71.30224362479633
-71.29536465754676
-71.28848399011888
-71.28160165559545
-71.27471768707518
-71.26783211767209
-71.260944980515
-71.25405630874704
-71.24716613552498
-71.24027449401878
-71.233381417411
-71.22648693889622
-71.21959109168053
-71.21269390898097
-71.20579542402497
-71.19889567004981
-71.19199468030206
-71.18509248803701
-71.17818912651816
-71.17128462901665
-71.1643790288107
-71.15747235918505
-71.15056465343045
-71.14365594484309
-71.13674626672403
-71.12983565237867
-71.12292413511621
-71.11601174824905
-71.10909852509232
-71.10218449896327
-71.09526970318072
-71.08835417106457
-71.08143793593517
-71.07452103111284
-71.06760348991729
-71.06068534566708
-71.05376663167907
-71.04684738126785
-71.03992762774527
-71.0330074044198
-71.02608674459604
-71.01916568157417
-71.01224424864937
-71.00532247911133
-70.99840040624366
-70.99147806332338
-70.98455548362035
-70.97763270039674
-70.9707097469065
-70.96378665639477
-70.95686346209743
-70.94994019724045
-70.94301689503946
-70.93609358869911
-70.9291703114126
-70.92224709636113
-70.9153239767134
-70.90840098562515
-70.90147815623861
-70.89455552168192
-70.88763311506857
-70.88071096949676
-70.87378911804886
-70.86686759379077
-70.85994642977136
-70.85302565902182
-70.84610531455519
-70.83918542936564
-70.83226603642807
-70.82534716869742
-70.81842885910824
-70.8115111405741
-70.8045940459871
-70.79767760821736
-70.79076186011247
-70.7838468344971
-70.77693256417238
-70.77001908191555
-70.76310642047936
-70.7561946125917
-70.74928369095505
-70.74237368824608
-70.73546463711509
-70.72855657018559
-70.7216495200538
-70.71474351928818
-70.70783860042889
-70.70093479598734
-70.69403213844572
-70.6871306602565
-70.68023039384188
-70.67333137159339
-70.66643362587132
-70.6595371890043
-70.65264209328873
-70.64574837098839
-70.6388560543338
-70.63196517552188
-70.62507576671538
-70.6181878600424
-70.61130148759588
-70.60441668143315
-70.59753347357542
-70.5906518960073
-70.58377198067629
-70.5768937594923
-70.57001726432718
-70.56314252701422
-70.55626957934768
-70.5493984530823
-70.5425291799328
-70.53566179157342
-70.52879631963745
-70.52193279571674
-70.51507125136119
-70.50821171807836
-70.50135422733288
-70.49449881054613
-70.48764549909562
-70.48079432431459
-70.47394531749156
-70.46709850986983
-70.46025393264705
-70.4534116169747
-70.44657159395773
-70.43973389465397
-70.43289855007377
-70.42606559117955
-70.41923504888527
-70.41240695405604
-70.40558133750766
-70.39875823000617
-70.3919376622674
-70.3851196649565
-70.37830426868757
-70.37149150402315
-70.3646814014738
-70.35787399149768
-70.35106930450011
-70.34426737083312
-70.33746822079505
-70.33067188463006
-70.3238783925278
-70.3170877746229
-70.31030006099459
-70.30351528166624
-70.29673346660499
-70.28995464572131
-70.28317884886857
-70.27640610584265
-70.26963644638153
-70.26286990016484
-70.25610649681352
-70.24934626588933
-70.24258923689453
-70.23583543927144
-70.22908490240202
-70.22233765560752
-70.21559372814804
-70.20885314922218
-70.2021159479666
-70.19538215345571
-70.18865179470119
-70.18192490065167
-70.17520150019232
-70.1684816221445
-70.16176529526534
-70.15505254824741
-70.14834340971831
-70.1416379082403
-70.13493607230997
-70.12823793035783
-70.12154351074795
-70.11485284177765
-70.10816595167701
-70.10148286860867
-70.09480362066735
-70.08812823587955
-70.0814567422032
-70.07478916752729
-70.06812553967153
-70.06146588638603
-70.05481023535093
-70.04815861417605
-70.04151105040056
-70.03486757149267
-70.02822820484927
-70.0215929777956
-70.01496191758493
-70.00833505139822
-70.00171240634381
-69.99509400945712
-69.98847988770028
-69.98187006796182
-69.9752645770564
-69.9686634417244
-69.96206668863174
-69.95547434436942
-69.94888643545332
-69.94230298832382
-69.93572402934555
-69.92914958480704
-69.92257968092044
-69.9160143438212
-69.90945359956785
-69.9028974741416
-69.89634599344609
-69.88979918330713
-69.8832570694724
-69.87671967761113
-69.87018703331387
-69.86365916209216
-69.8571360893783
-69.85061784052506
-69.84410444080538
-69.83759591541214
-69.83109228945789
-69.82459358797453
-69.81809983591316
-69.81161105814368
-69.80512727945467
-69.798648524553
-69.79217481806373
-69.78570618452972
-69.77924264841144
-69.77278423408677
-69.76633096585068
-69.75988286791504
-69.75343996440836
-69.74700227937555
-69.74056983677772
-69.73414266049191
-69.72772077431091
-69.72130420194296
-69.71489296701161
-69.70848709305545
-69.7020866035279
-69.69569152179707
-69.68930187114562
-69.68291767477051
-69.67653895578282
-69.67016573720754
-69.66379804198328
-69.65743589296213
-69.65107931290935
-69.64472832450326
-69.63838295033496
-69.63204321290817
-69.62570913463902
-69.61938073785586
-69.61305804479906
-69.60674107762085
-69.60042985838514
-69.5941244090673
-69.58782475155404
-69.58153090764318
-69.57524289904354
-69.56896074737475
-69.56268447416701
-69.55641410086109
-69.55014964880802
-69.54389113926898
-69.53763859341517
-69.53139203232766
-69.52515147699718
-69.51891694832405
-69.51268846711798
-69.50646605409796
-69.50024972989206
-69.4940395150374
-69.48783542997991
-69.48163749507424
-69.47544573058366
-69.46926015667985
-69.46308079344288
-69.45690766086099
-69.45074077883052
-69.44458016715578
-69.43842584554893
-69.43227783362991
-69.42613615092628
-69.42000081687318
-69.41387185081322
-69.40774927199635
-69.40163309957978
-69.3955233526279
-69.38942005011214
-69.38332321091087
-69.37723285380935
-69.37114899749956
-69.36507166058018
-69.35900086155647
-69.35293661884018
-69.34687895074944
-69.34082787550875
-69.33478341124884
-69.32874557600658
-69.322714387725
-69.31668986425312
-69.31067202334592
-69.30466088266427
-69.29865645977489
-69.29265877215026
-69.28666783716858
-69.28068367211368
-69.27470629417502
-69.26873572044758
-69.26277196793187
-69.25681505353384
-69.25086499406486
-69.24492180624165
-69.23898550668628
-69.23305611192609
-69.2271336383937
-69.22121810242692
-69.21530952026879
-69.20940790806749
-69.20351328187633
-69.19762565765376
-69.1917450512633
-69.18587147847354
-69.18000495495815
-69.1741454962958
-69.16829311797021
-69.16244783537012
-69.15660966378925
-69.15077861842637
-69.1449547143852
-69.13913796667443
-69.13332839020781
-69.12752599980404
-69.12173081018682
-69.11594283598487
-69.11016209173192
-69.10438859186672
-69.09862235073305
-69.09286338257975
-69.08711170156072
-69.08136732173493
-69.07563025706646
-69.0699005214245
-69.06417812858338
-69.0584630922226
-69.05275542592686
-69.04705514318613
-69.0413622573956
-69.03567678185581
-69.02999872977263
-69.0243281142573
-69.0186649483265
-69.01300924490235
-69.00736101681241
-69.00172027678977
-68.99608703747298
-68.99046131140608
-68.98484311103861
-68.97923244872563
-68.97362933672765
-68.96803378721079
-68.96244581224663
-68.95686542381239
-68.95129263379089
-68.94572745397063
-68.94016989604587
-68.93461997161671
-68.92907769218914
-68.92354306917517
-68.91801611389292
-68.91249683756672
-68.90698525132723
-68.90148136621154
-68.89598519316333
-68.89049674303293
-68.88501602657749
-68.87954305446108
-68.87407783725482
-68.86862038543698
-68.86317070939317
-68.8577288194164
-68.8522947257072
-68.84686843837379
-68.84144996743215
-68.83603932280622
-68.83063651432789
-68.82524155173726
-68.81985444468269
-68.81447520272091
-68.80910383531719
-68.80374035184539
-68.79838476158817
-68.79303707373704
-68.78769729739251
-68.78236544156421
-68.777041515171
-68.77172552704113
-68.7664174859123
-68.76111740043186
-68.75582527915688
-68.7505411305543
-68.74526496300105
-68.73999678478421
-68.73473660410109
-68.72948442905938
-68.72424026767733
-68.71900412788382
-68.71377601751853
-68.70855594433208
-68.70334391598614
-68.69813994005362
-68.69294402401879
-68.68775617527739
-68.6825764011368
-68.67740470881621
-68.67224110544676
-68.66708559807162
-68.66193819364624
-68.65679889903842
-68.65166772102852
-68.64654466630958
-68.64142974148749
-68.63632295308112
-68.63122430752252
-68.62613381115705
-68.62105147024356
-68.6159772909545
-68.61091127937618
-68.60585344150884
-68.60080378326685
-68.5957623104789
-68.59072902888815
-68.58570394415239
-68.58068706184422
-68.57567838745123
-68.57067792637616
-68.56568568393709
-68.5607016653676
-68.55572587581698
-68.55075832035033
-68.54579900394886
-68.54084793150996
-68.53590510784746
-68.53097053769176
-68.52604422569007
-68.52112617640654
-68.5162163943225
-68.51131488383663
-68.50642164926515
-68.50153669484202
-68.49666002471913
-68.49179164296652
-68.48693155357249
-68.4820797604439
-68.47723626740628
-68.4724010782041
-68.46757419650089
-68.4627556258795
-68.45794536984222
-68.45314343181109
-68.448349815128
-68.44356452305493
-68.43878755877418
-68.43401892538853
-68.42925862592153
-68.4245066633178
-68.41976304044314
-68.41502776008481
-68.41030082495165
-68.40558223767431
-68.40087200080542
-68.39617011681982
-68.39147658811471
-68.38679141700993
-68.38211460574809
-68.37744615649481
-68.37278607133895
-68.3681343522928
-68.36349100129229
-68.35885602019724
-68.35422941079152
-68.34961117478333
-68.34500131380541
-68.34039982941519
-68.33580672309512
-68.3312219962528
-68.32664565022124
-68.3220776862591
-68.31751810555092
-68.31296690920726
-68.30842409826505
-68.30388967368772
-68.29936363636548
-68.29484598711554
-68.2903367266823
-68.28583585573763
-68.28134337488108
-68.27685928464008
-68.27238358547027
-68.26791627775557
-68.26345736180859
-68.25900683787073
-68.25456470611245
-68.25013096663355
-68.24570561946335
-68.24128866456094
-68.23688010181542
-68.23247993104613
-68.22808815200291
-68.22370476436629
-68.21932976774777
-68.21496316169001
-68.21060494566711
-68.20625511908486
-68.20191368128091
-68.1975806315251
-68.19325596901963
-68.18893969289932
-68.18463180223186
-68.18033229601807
-68.17604117319209
-68.17175843262169
-68.16748407310843
-68.16321809338795
-68.15896049213028
-68.15471126793992
-68.15047041935622
-68.14623794485361
-68.14201384284175
-68.1377981116659
-68.13359074960707
-68.12939175488229
-68.1252011256449
-68.12101885998476
-68.11684495592844
-68.11267941143959
-68.10852222441906
-68.10437339270524
-68.10023291407427
-68.09610078624027
-68.09197700685563
-68.0878615735112
-68.0837544837366
-68.0796557350004
-68.07556532471045
-68.07148325021406
-68.06740950879825
-68.06334409769006
-68.05928701405674
-68.055238255006
-68.0511978175863
-68.04716569878705
-68.04314189553892
-68.03912640471401
-68.03511922312616
-68.03112034753117
-68.02712977462708
-68.02314750105438
-68.01917352339628
-68.01520783817895
-68.01125044187181
-68.0073013308877
-68.00336050158323
-67.99942795025899
-67.9955036731598
-67.99158766647501
-67.9876799263387
-67.98378044882995
-67.9798892299731
-67.97600626573796
-67.97213155204012
-67.96826508474112
-67.96440685964873
-67.96055687251723
-67.95671511904759
-67.95288159488777
-67.94905629563293
-67.94523921682573
-67.94143035395649
-67.93762970246354
-67.9338372577334
-67.93005301510105
-67.92627696985015
-67.92250911721335
-67.91874945237248
-67.91499797045881
-67.91125466655333
-67.90751953568696
-67.90379257284079
-67.9000737729464
-67.89636313088602
-67.89266064149281
-67.88896629955116
-67.88528009979683
-67.88160203691729
-67.87793210555193
-67.87427030029231
-67.8706166156824
-67.86697104621882
-67.86333358635115
-67.85970423048207
-67.85608297296768
-67.85246980811776
-67.84886473019593
-67.84526773341997
-67.84167881196205
-67.83809795994898
-67.8345251714624
-67.8309604405391
-67.82740376117121
-67.82385512730649
-67.82031453284851
-67.81678197165697
-67.81325743754788
-67.80974092429382
-67.80623242562422
-67.80273193522554
-67.79923944674157
-67.7957549537736
-67.79227844988074
-67.78880992858012
-67.78534938334714
-67.78189680761568
-67.7784521947784
-67.77501553818692
-67.7715868311521
-67.76816606694427
-67.76475323879345
-67.76134833988958
-67.75795136338283
-67.75456230238373
-67.7511811499635
-67.74780789915422
-67.74444254294914
-67.74108507430283
-67.73773548613147
-67.73439377131307
-67.7310599226877
-67.72773393305776
-67.72441579518815
-67.72110550180656
-67.71780304560369
-67.71450841923344
-67.7112216153132
-67.70794262642407
-67.70467144511106
-67.70140806388333
-67.69815247521448
-67.69490467154269
-67.69166464527099
-67.68843238876752
-67.68520789436572
-67.68199115436454
-67.67878216102874
-67.67558090658903
-67.6723873832424
-67.66920158315223
-67.6660234984486
-67.66285312122847
-67.65969044355595
-67.65653545746248
-67.6533881549471
-67.6502485279766
-67.64711656848583
-67.64399226837786
-67.64087561952425
-67.63776661376522
-67.63466524290992
-67.6315714987366
-67.62848537299291
-67.625406857396
-67.62233594363288
-67.6192726233605
-67.61621688820608
-67.61316872976727
-67.61012813961239
-67.6070951092806
-67.60406963028223
-67.60105169409881
-67.5980412921835
-67.59503841596111
-67.59204305682847
-67.58905520615454
-67.58607485528067
-67.58310199552079
-67.58013661816166
-67.57717871446302
-67.57422827565784
-67.57128529295257
-67.56834975752723
-67.56542166053575
-67.56250099310611
-67.55958774634055
-67.5566819113158
-67.55378347908328
-67.55089244066927
-67.54800878707519
-67.54513250927772
-67.54226359822907
-67.53940204485714
-67.53654784006578
-67.53370097473493
-67.53086143972085
-67.52802922585633
-67.52520432395087
-67.5223867247909
-67.51957641913998
-67.51677339773897
-67.51397765130628
-67.51118917053799
-67.50840794610815
-67.5056339686689
-67.50286722885069
-67.50010771726245
-67.49735542449186
-67.49461034110546
-67.49187245764888
-67.48914176464706
-67.4864182526044
-67.48370191200493
-67.4809927333126
-67.47829070697138
-67.47559582340547
-67.47290807301952
-67.4702274461988
-67.46755393330938
-67.46488752469831
-67.46222821069387
-67.45957598160567
-67.45693082772488
-67.45429273932442
-67.45166170665914
-67.449037719966
-67.44642076946425
-67.44381084535563
-67.44120793782452
-67.43861203703815
-67.43602313314679
-67.43344121628388
-67.43086627656626
-67.42829830409435
-67.4257372889523
-67.42318322120818
-67.42063609091413
-67.4180958881066
-67.41556260280649
-67.41303622501928
-67.41051674473532
-67.40800415192987
-67.40549843656339
-67.40299958858162
-67.40050759791582
-67.39802245448291
-67.39554414818565
-67.39307266891278
-67.39060800653925
-67.38815015092636
-67.3856990919219
-67.38325481936035
-67.38081732306304
-67.37838659283832
-67.37596261848174
-67.37354538977617
-67.371134896492
-67.36873112838731
-67.36633407520802
-67.36394372668805
-67.36156007254948
-67.35918310250273
-67.35681280624671
-67.35444917346895
-67.35209219384583
-67.34974185704269
-67.34739815271396
-67.34506107050342
-67.34273060004423
-67.34040673095919
-67.33808945286083
-67.33577875535161
-67.33347462802404
-67.33117706046086
-67.32888604223518
-67.32660156291064
-67.32432361204155
-67.32205217917306
-67.31978725384128
-67.31752882557348
-67.31527688388819
-67.31303141829535
-67.31079241829651
-67.30855987338491
-67.30633377304565
-67.30411410675589
-67.30190086398491
-67.29969403419433
-67.29749360683822
-67.29529957136323
-67.29311191720879
-67.29093063380718
-67.28875571058374
-67.28658713695697
-67.28442490233866
-67.28226899613409
-67.28011940774212
-67.27797612655533
-67.27583914196018
-67.27370844333713
-67.2715840200608
-67.2694658615001
-67.26735395701832
-67.26524829597332
-67.26314886771767
-67.26105566159875
-67.25896866695888
-67.25688787313548
-67.25481326946121
-67.25274484526405
-67.25068258986747
-67.24862649259057
-67.2465765427482
-67.24453272965107
-67.24249504260588
-67.24046347091547
-67.23843800387895
-67.23641863079182
-67.23440534094605
-67.2323981236303
-67.23039696812997
-67.22840186372731
-67.22641279970165
-67.22442976532939
-67.22245274988423
-67.22048174263723
-67.21851673285694
-67.21655770980955
-67.21460466275899
-67.21265758096703
-67.21071645369345
-67.2087812701961
-67.20685201973106
-67.20492869155274
-67.203011274914
-67.20109975906628
-67.19919413325968
-67.19729438674311
-67.19540050876438
-67.19351248857035
-67.19163031540698
-67.18975397851953
-67.18788346715259
-67.18601877055022
-67.18415987795608
-67.18230677861352
-67.18045946176572
-67.17861791665574
-67.17678213252667
-67.17495209862174
-67.17312780418443
-67.17130923845856
-67.16949639068838
-67.16768925011873
-67.1658878059951
-67.16409204756373
-67.16230196407177
-67.16051754476733
-67.15873877889958
-67.15696565571889
-67.15519816447693
-67.15343629442673
-67.1516800348228
-67.14992937492126
-67.1481843039799
-67.1464448112583
-67.14471088601795
-67.14298251752226
-67.14125969503678
-67.1395424078292
-67.1378306451695
-67.13612439633003
-67.13442365058562
-67.1327283972136
-67.13103862549401
-67.12935432470964
-67.12767548414608
-67.12600209309188
-67.12433414083863
-67.12267161668099
-67.12101450991686
-67.11936280984744
-67.11771650577734
-67.11607558701459
-67.11444004287084
-67.11280986266136
-67.1111850357052
-67.10956555132522
-67.10795139884819
-67.10634256760491
-67.10473904693026
-67.10314082616328
-67.10154789464731
-67.09996024173
-67.09837785676353
-67.0968007291046
-67.09522884811454
-67.09366220315943
-67.09210078361008
-67.09054457884221
-67.08899357823647
-67.08744777117849
-67.08590714705902
-67.08437169527397
-67.0828414052245
-67.08131626631707
-67.07979626796357
-67.07828139958134
-67.07677165059327
-67.07526701042786
-67.07376746851936
-67.07227301430777
-67.07078363723892
-67.0692993267646
-67.06782007234256
-67.06634586343667
-67.06487668951692
-67.06341254005953
-67.06195340454701
-67.06049927246822
-67.05905013331846
-67.05760597659955
-67.05616679181985
-67.05473256849442
-67.05330329614497
-67.05187896430004
-67.05045956249502
-67.04904508027221
-67.04763550718089
-67.04623083277738
-67.04483104662518
-67.04343613829492
-67.04204609736453
-67.04066091341922
-67.0392805760516
-67.03790507486173
-67.03653439945718
-67.03516853945311
-67.0338074844723
-67.03245122414525
-67.0310997481102
-67.02975304601323
-67.02841110750833
-67.02707392225742
-67.02574147993039
-67.02441377020527
-67.0230907827682
-67.02177250731346
-67.02045893354364
-67.0191500511696
-67.01784584991059
-67.01654631949425
-67.01525144965673
-67.0139612301427
-67.01267565070542
-67.01139470110681
-67.0101183711175
-67.00884665051687
-67.00757952909312
-67.0063169966433
-67.00505904297341
-67.00380565789843
-67.00255683124233
-67.0013125528382
-67.00007281252826
-66.9988376001639
-66.99760690560576
-66.99638071872378
-66.99515902939723
-66.99394182751476
-66.99272910297448
-66.99152084568397
-66.99031704556035
-66.98911769253034
-66.9879227765303
-66.98673228750626
-66.98554621541399
-66.98436455021903
-66.98318728189676
-66.98201440043242
-66.98084589582116
-66.97968175806811
-66.97852197718841
-66.97736654320724
-66.9762154461599
-66.97506867609181
-66.97392622305858
-66.97278807712607
-66.97165422837038
-66.97052466687796
-66.9693993827456
-66.96827836608051
-66.9671616070003
-66.96604909563311
-66.96494082211758
-66.96383677660293
-66.96273694924896
-66.96164133022616
-66.96054990971565
-66.95946267790933
-66.95837962500981
-66.95730074123055
-66.95622601679584
-66.95515544194082
-66.95408900691156
-66.9530267019651
-66.95196851736947
-66.95091444340369
-66.9498644703579
-66.94881858853327
-66.94777678824218
-66.94673905980812
-66.94570539356583
-66.94467577986126
-66.94365020905163
-66.94262867150549
-66.94161115760271
-66.94059765773456
-66.9395881623037
-66.93858266172425
-66.93758114642176
-66.93658360683334
-66.93559003340759
-66.93460041660472
-66.93361474689651
-66.93263301476637
-66.9316552107094
-66.93068132523236
-66.92971134885374
-66.92874527210381
-66.92778308552457
-66.92682477966986
-66.92587034510535
-66.9249197724086
-66.92397305216903
-66.923030174988
-66.92209113147881
-66.92115591226676
-66.92022450798913
-66.91929690929524
-66.91837310684647
-66.9174530913163
-66.91653685339028
-66.91562438376613
-66.91471567315371
-66.91381071227508
-66.91290949186451
-66.91201200266849
-66.91111823544578
-66.91022818096744
-66.90934183001679
-66.90845917338952
-66.90758020189367
-66.90670490634963
-66.90583327759022
-66.90496530646067
-66.90410098381864
-66.90324030053426
-66.90238324749016
-66.90152981558147
-66.90067999571583
-66.89983377881347
-66.89899115580715
-66.89815211764223
-66.89731665527668
-66.89648475968113
-66.89565642183882
-66.89483163274566
-66.89401038341028
-66.89319266485397
-66.89237846811079
-66.89156778422752
-66.89076060426369
-66.88995691929162
-66.88915672039644
-66.88835999867607
-66.88756674524126
-66.88677695121564
-66.88599060773565
-66.88520770595066
-66.88442823702292
-66.88365219212756
-66.88287956245269
-66.88211033919931
-66.88134451358142
-66.88058207682599
-66.87982302017294
-66.87906733487523
-66.87831501219881
-66.87756604342269
-66.87682041983888
-66.87607813275248
-66.87533917348168
-66.87460353335769
-66.87387120372487
-66.87314217594069
-66.87241644137569
-66.87169399141361
-66.8709748174513
-66.87025891089877
-66.8695462631792
-66.86883686572897
-66.86813070999762
-66.86742778744791
-66.86672808955582
-66.86603160781056
-66.86533833371455
-66.86464825878348
-66.86396137454628
-66.86327767254515
-66.86259714433558
-66.86191978148632
-66.86124557557942
-66.86057451821023
-66.85990660098743
-66.85924181553298
-66.85858015348222
-66.8579216064838
-66.8572661661997
-66.85661382430526
-66.8559645724892
-66.8553184024536
-66.8546753059139
-66.85403527459893
-66.8533983002509
-66.85276437462544
-66.85213348949155
-66.85150563663166
-66.8508808078416
-66.85025899493064
-66.84964018972146
-66.84902438405017
-66.84841156976633
-66.84780173873293
-66.84719488282641
-66.84659099393669
-66.8459900639671
-66.84539208483444
-66.84479704846902
-66.84420494681457
-66.84361577182834
-66.84302951548102
-66.8424461697568
-66.84186572665335
-66.84128817818184
-66.84071351636693
-66.84014173324677
-66.83957282087299
-66.83900677131076
-66.83844357663874
-66.83788322894907
-66.83732572034744
-66.83677104295303
-66.83621918889854
-66.83567015033016
-66.83512391940764
-66.8345804883042
-66.83403984920662
-66.83350199431518
-66.8329669158437
-66.83243460601949
-66.83190505708342
-66.83137826128984
-66.83085421090668
-66.83033289821536
-66.82981431551082
-66.82929845510154
-66.82878530930952
-66.8282748704703
-66.8277671309329
-66.82726208305992
-66.82675971922745
-66.82626003182511
-66.82576301325605
-66.82526865593694
-66.82477695229794
-66.82428789478276
-66.8238014758486
-66.82331768796621
-66.82283652361983
-66.82235797530721
-66.82188203553963
-66.82140869684184
-66.82093795175213
-66.82046979282227
-66.82000421261755
-66.81954120371672
-66.81908075871209
-66.8186228702094
-66.81816753082789
-66.81771473320032
-66.8172644699729
-66.81681673380533
-66.81637151737077
-66.81592881335587
-66.81548861446075
-66.81505091339898
-66.81461570289758
-66.81418297569707
-66.81375272455138
-66.81332494222791
-66.81289962150748
-66.81247675518438
-66.8120563360663
-66.8116383569744
-66.8112228107432
-66.81080969022072
-66.81039898826833
-66.80999069776084
-66.80958481158645
-66.80918132264675
-66.80878022385676
-66.80838150814483
-66.80798516845276
-66.80759119773566
-66.80719958896204
-66.80681033511377
-66.80642342918608
-66.80603886418754
-66.80565663314009
-66.80527672907897
-66.80489914505277
-66.8045238741234
-66.80415090936611
-66.80378024386943
-66.80341187073519
-66.80304578307856
-66.80268197402795
-66.80232043672508
-66.80196116432495
-66.80160414999581
-66.80124938691917
-66.8008968682898
-66.80054658731571
-66.80019853721814
-66.79985271123158
-66.79950910260374
-66.7991677045955
-66.798828510481
-66.79849151354753
-66.7981567070956
-66.7978240844389
-66.79749363890426
-66.7971653638317
-66.79683925257437
-66.79651529849859
-66.79619349498381
-66.7958738354226
-66.79555631322063
-66.79524092179672
-66.79492765458275
-66.79461650502373
-66.7943074665777
-66.79400053271583
-66.79369569692228
-66.79339295269433
-66.79309229354229
-66.79279371298945
-66.79249720457219
-66.79220276183986
-66.79191037835484
-66.79162004769249
-66.79133176344115
-66.79104551920213
-66.79076130858971
-66.79047912523113
-66.79019896276655
-66.78992081484908
-66.78964467514476
-66.7893705373325
-66.78909839510415
-66.78882824216441
-66.78856007223091
-66.78829387903409
-66.78802965631728
-66.78776739783665
-66.7875070973612
-66.78724874867275
-66.78699234556595
-66.78673788184823
-66.78648535133979
-66.78623474787365
-66.78598606529557
-66.83482791982408
-66.92035451657355
-67.03368680148176
-67.16825814428353
-67.31905378178173
-67.48213305000536
-67.65432584634247
-67.83303624383217
-68.01611221235036
-68.20175639668437
-68.38846266012908
-68.57496904655267
-68.76022143549493
-68.94334437202666
-69.12361689781822
-69.30045202818367
-69.47337901688789
-69.64202785168384
-69.80611560571518
-69.9654343801162
-70.119840640115
-70.26924578819246
-70.4136078439753
-70.55292411788066
-70.68722477785047
-70.81656721799921
-70.94103114589417
-71.06071431216674
-71.1757288125729
-71.28619789864878
-71.39225323881075
-71.49403257714339
-71.5916777422065
-71.6853329629587
-71.77514345333023
-71.86125423107961
-71.94380914033636
-72.02295005067516
-72.09881620869415
-72.17154372089821
-72.24126514923432
-72.30810920290811
-72.37220051215147
-72.43365947142709
-72.49260214116819
-72.54914019857905
-72.60338092928426
-72.65542725272572
-72.70537777518298
-72.75332686514997
-72.799364746551
-72.84357760593525
-72.88604771036017
-72.9268535331726
-72.96606988532832
-73.00376805026626
-73.0400159206779
-73.07487813579263
-73.10841621804161
-73.14068870816999
-73.17175129804576
-73.20165696056566
-73.23045607618835
-73.25819655573594
-73.28492395919776
-73.31068161034979
-73.33551055548892
-73.35944941445001
-73.38253423486759
-73.40479843115563
-73.42627283881058
-73.4469858753413
-73.46696377849965
-73.48623088691544
-73.50480993173807
-73.52272231542283
-73.5399883620919
-73.55662753120227
-73.57265859187851
-73.58809975915175
-73.60296879572068
-73.61728308406137
-73.6310596740971
-73.64431531148885
-73.65706645114291
-73.66932925991658
-73.68111961184194
-73.69245307854828
-73.70334491698456
-73.71381005603908
-73.72386308323192
-73.7335182323099
-73.7427893722995
-73.7516899983586
-73.76023322460529
-73.76843177898026
-73.77629800011248
-73.78384383609689
-73.79108084505287
-73.79802019730786
-73.80467267903853
-73.81104869719748
-73.8171582855566
-73.82301111170432
-73.82861648484378
-73.8339833642502
-73.83912036825754
-73.84403578365709
-73.84873757540274
-73.85323339652955
-73.85753059820316
-73.86163623982826
-73.86555709915368
-73.86929968232052
-73.8728702338078
-73.87627474623694
-73.87951897000322
-73.88260842270755
-73.88554839836746
-73.88834397639012
-73.89100003029452
-73.89352123617309
-73.89591208088599
-73.89817686998406
-73.90031973535812
-73.90234464261498
-73.90425539818102
-73.90605565613667
-73.90774892478525
-73.90933857296125
-73.91082783608343
-73.91221982195903
-73.91351751634558
-73.91472378827731
-73.9158413951635
-73.91687298766601
-73.9178211143637
-73.91868822621109
-73.91947668079902
-73.92018874642477
-73.92082660597892
-73.92139236065644
-73.92188803349916
-73.92231557277651
-73.92267685521152
-73.92297368905854
-73.92320781703938
-73.92338091914387
-73.92349461530104
-73.92355046792667
-73.92354998435287
-73.923494619145
-73.92338577631132
-73.92322481141005
-73.92301303355903
-73.92275170735212
-73.9224420546871
-73.92208525650902
-73.92168245447321
-73.92123475253166
-73.92074321844636
-73.92020888523344
-73.91963275254096
-73.91901578796404
-73.9183589282999
-73.91766308074601
-73.91692912404412
-73.91615790957243
-73.91535026238893
-73.9145069822278
-73.9136288444515
-73.91271660096032
-73.91177098106199
-73.91079269230265
-73.9097824212615
-73.90874083431072
-73.90766857834235
-73.90656628146365
-73.9054345536626
-73.90427398744485
-73.90308515844352
-73.90186862600314
-73.90062493373908
-73.89935461007336
-73.89805816874826
-73.89673610931858
-73.89538891762368
-73.89401706624012
-73.89262101491599
-73.89120121098757
-73.88975808977938
-73.8882920749881
-73.88680357905147
-73.8852930035025
-73.88376073930988
-73.88220716720525
-73.88063265799774
-73.87903757287648
-73.87742226370175
-73.8757870732849
-73.87413233565799
-73.87245837633334
-73.87076551255346
-73.86905405353188
-73.86732430068518
-73.86557654785672
-73.86381108153229
-73.86202818104812
-73.8602281187916
-73.85841116039492
-73.85657756492209
-73.85472758504937
-73.85286146723973
-73.85097945191126
-73.84908177359995
-73.84716866111715
-73.84524033770167
-73.84329702116703
-73.84133892404382
-73.83936625371757
-73.83737921256211
-73.83537799806876
-73.83336280297146
-73.83133381536794
-73.82929121883723
-73.82723519255345
-73.82516591139621
-73.82308354605769
-73.8209882631464
-73.81888022528801
-73.81675959122306
-73.81462651590194
-73.81248115057694
-73.81032364289192
-73.80815413696905
-73.80597277349348
-73.80377968979529
-73.8015750199294
-73.7993588947531
-73.79713144200153
-73.79489278636107
-73.79264304954074
-73.7903823503417
-73.78811080472485
-73.78582852587668
-73.78353562427336
-73.78123220774312
-73.77891838152712
-73.77659424833863
-73.77425990842073
-73.77191545960257
-73.76956099735419
-73.76719661483992
-73.7648224029705
-73.76243845045387
-73.76004484384475
-73.7576416675929
-73.75522900409035
-73.75280693371735
-73.75037553488727
-73.74793488409045
-73.74548505593697
-73.74302612319836
-73.74055815684845
-73.73808122610312
-73.73559539845924
-73.7331007397326
-73.73059731409509
-73.72808518411087
-73.72556441077182
-73.72303505353221
-73.72049717034244
-73.71795081768215
-73.71539605059255
-73.71283292270799
-73.71026148628687
-73.70768179224184
-73.70509389016934
-73.70249782837847
-73.69989365391928
-73.69728141261034
-73.69466114906585
-73.69203290672205
-73.68939672786304
-73.6867526536462
-73.68410072412685
-73.68144097828261
-73.67877345403701
-73.67609818828275
-73.67341521690443
-73.6707245748008
-73.6680262959065
-73.66532041321338
-73.66260695879137
-73.65988596380896
-73.6571574585531
-73.65442147244886
-73.65167803407859
-73.64892717120067
-73.64616891076795
-73.64340327894574
-73.64063030112943
-73.6378500019618
-73.6350624053499
-73.63226753448168
-73.6294654118422
-73.62665605922953
-73.62383949777033
-73.62101574793515
-73.61818482955333
-73.6153467618277
-73.6125015633489
-73.6096492521095
-73.60678984551775
-73.60392336041104
-73.60104981306924
-73.59816921922756
-73.59528159408931
-73.5923869523384
-73.58948530815145
-73.58657667520983
-73.58366106671131
-73.58073849538164
-73.57780897348572
-73.57487251283871
-73.5719291248168
-73.56897882036786
-73.56602161002176
-73.56305750390065
-73.56008651172888
-73.55710864284283
-73.55412390620047
-73.55113231039081
-73.54813386364307
-73.5451285738358
-73.54211644850564
-73.5390974948561
-73.53607171976601
-73.53303912979794
-73.52999973120632
-73.52695352994549
-73.52390053167758
-73.52084074178022
-73.5177741653541
-73.51470080723037
-73.51162067197794
-73.50853376391059
-73.50544008709399
-73.50233964535249
-73.49923244227591
-73.49611848122608
-73.49299776534333
-73.48987029755283
-73.48673608057074
-73.48359511691038
-73.48044740888818
-73.47729295862952
-73.47413176807446
-73.4709638389834
-73.46778917294259
-73.46460777136956
-73.46141963551841
-73.45822476648502
-73.45502316521215
-73.45181483249448
-73.44859976898347
-73.4453779751922
-73.44214945150013
-73.43891419815765
-73.43567221529067
-73.43242350290504
-73.42916806089093
-73.42590588902706
-73.42263698698487
-73.41936135433257
-73.41607899053913
-73.41278989497825
-73.40949406693207
-73.40619150559505
-73.4028822100776
-73.39956617940976
-73.39624341254469
-73.39291390836229
-73.38957766567258
-73.3862346832191
-73.38288495968233
-73.37952849368288
-73.37616528378477
-73.37279532849861
-73.36941862628467
-73.36603517555596
-73.36264497468125
-73.35924802198794
-73.35584431576501
-73.35243385426584
-73.34901663571094
-73.3455926582907
-73.34216192016804
-73.33872441948103
-73.33528015434538
-73.33182912285707
-73.32837132309464
-73.32490675312174
-73.32143541098935
-73.31795729473819
-73.31447240240092
-73.31098073200438
-73.30748228157172
-73.30397704912457
-73.30046503268507
-73.29694623027794
-73.29342063993249
-73.28988825968456
-73.28634908757842
-73.28280312166866
-73.2792503600221
-73.27569080071949
-73.27212444185733
-73.26855128154963
-73.26497131792961
-73.2613845491513
-73.25779097339125
-73.25419058885011
-73.25058339375418
-73.246969386357
-73.24334856494079
-73.23972092781801
-73.23608647333275
-73.23244519986218
-73.22879710581795
-73.22514218964753
-73.22148044983558
-73.21781188490525
-73.21413649341946
-73.21045427398221
-73.20676522523972
-73.20306934588176
-73.19936663464276
-73.19565709030299
-73.19194071168972
-73.18821749767835
-73.18448744719345
-73.1807505592099
-73.1770068327539
-73.17325626690403
-73.16949886079226
-73.1657346136049
-73.16196352458363
-73.15818559302643
-73.15440081828848
-73.15060919978313
-73.14681073698274
-73.14300542941962
-73.1391932766868
-73.13537427843896
-73.13154843439321
-73.12771574432989
-73.12387620809338
-73.12002982559288
-73.11617659680314
-73.11231652176524
-73.10844960058724
-73.104575833445
-73.1006952205828
-73.09680776231401
-73.09291345902186
-73.08901231115993
-73.08510431925295
-73.08118948389729
-73.07726780576168
-73.07333928558772
-73.06940392419054
-73.06546172245929
-73.06151268135778
-73.05755680192497
-73.05359408527553
-73.04962453260038
-73.0456481451671
-73.0416649243206
-73.03767487148343
-73.03367798815641
-73.02967427591898
-73.0256637364297
-73.02164637142671
-73.01762218272815
-73.01359117223254
-73.00955334191927
-73.00550869384897
-73.00145723016387
-72.99739895308822
-72.99333386492867
-72.98926196807463
-72.98518326499857
-72.98109775825644
-72.977005450488
-72.97290634441707
-72.96880044285196
-72.9646877486857
-72.96056826489641
-72.95644199454753
-72.95230894078816
-72.9481691068533
-72.94402249606416
-72.9398691118284
-72.93570895764037
-72.93154203708141
-72.92736835382006
-72.92318791161227
-72.9190007143017
-72.91480676581985
-72.91060607018632
-72.90639863150905
-72.90218445398445
-72.89796354189765
-72.89373589962265
-72.88950153162253
-72.88526044244958
-72.88101263674551
-72.87675811924161
-72.8724968947589
-72.86822896820824
-72.86395434459054
-72.85967302899682
-72.85538502660845
-72.85109034269716
-72.84678898262524
-72.84248095184563
-72.83816625590202
-72.833844900429
-72.82951689115207
-72.82518223388782
-72.82084093454398
-72.81649299911955
-72.81213843370479
-72.8077772444814
-72.8034094377225
-72.79903501979273
-72.79465399714833
-72.79026637633719
-72.78587216399887
-72.78147136686468
-72.77706399175767
-72.77265004559275
-72.76822953537668
-72.76380246820804
-72.75936885127737
-72.7549286918671
-72.75048199735159
-72.74602877519717
-72.74156903296215
-72.73710277829672
-72.7326300189431
-72.72815076273544
-72.72366501759984
-72.71917279155434
-72.71467409270889
-72.71016892926536
-72.70565730951748
-72.70113924185083
-72.69661473474281
-72.69208379676262
-72.6875464365712
-72.68300266292121
-72.67845248465696
-72.67389591071436
-72.66933295012093
-72.66476361199565
-72.66018790554898
-72.65560584008277
-72.65101742499019
-72.64642266975565
-72.64182158395478
-72.6372141772543
-72.63260045941196
-72.62798044027649
-72.62335412978747
-72.61872153797529
-72.614082674961
-72.60943755095629
-72.60478617626339
-72.600128561275
-72.59546471647417
-72.59079465243418
-72.58611837981846
-72.58143590938042
-72.57674725196337
-72.57205241850039
-72.5673514200142
-72.56264426761706
-72.5579309725106
-72.55321154598573
-72.54848599942248
-72.54375434428991
-72.53901659214593
-72.53427275463719
-72.52952284349894
-72.52476687055487
-72.52000484771698
-72.51523678698543
-72.51046270044837
-72.50568260028186
-72.50089649874961
-72.4961044082029
-72.49130634108039
-72.48650230990796
-72.48169232729859
-72.4768764059521
-72.47205455865506
-72.4672267982806
-72.46239313778825
-72.45755359022372
-72.45270816871876
-72.44785688649095
-72.44299975684358
-72.43813679316536
-72.43326800893034
-72.42839341769768
-72.42351303311143
-72.41862686890038
-72.41373493887781
-72.40883725694137
-72.40393383707281
-72.39902469333785
-72.39410983988587
-72.38918929094982
-72.38426306084591
-72.37933116397349
-72.37439361481476
-72.36945042793464
-72.36450161798044
-72.35954719968176
-72.35458718785019
-72.34962159737911
-72.3446504432435
-72.33967374049963
-72.33469150428495
-72.32970374981774
-72.32471049239697
-72.31971174740202
-72.31470753029244
-72.30969785660773
-72.3046827419671
-72.29966220206923
-72.29463625269202
-72.28960490969234
-72.28456818900581
-72.2795261066465
-72.27447867870671
-72.26942592135677
-72.26436785084468
-72.25930448349594
-72.25423583571323
-72.24916192397623
-72.24408276484127
-72.23899837494112
-72.23390877098471
-72.2288139697569
-72.22371398811812
-72.21860884300422
-72.2134985514261
-72.2083831304695
-72.20326259729468
-72.1981369691362
-72.19300626330258
-72.18787049717605
-72.18272968821228
-72.17758385394008
-72.17243301196113
-72.16727717994969
-72.16211637565229
-72.15695061688746
-72.15177992154545
-72.14660430758795
-72.14142379304772
-72.1362383960284
-72.13104813470414
-72.12585302731935
-72.12065309218833
-72.11544834769506
-72.11023881229283
-72.10502450450396
-72.0998054429195
-72.09458164619892
-72.08935313306979
-72.0841199223275
-72.0788820328349
-72.07363948352203
-72.06839229338581
-72.06314048148968
-72.05788406696334
-72.05262306900237
-72.04735750686795
-72.04208739988658
-72.03681276744966
-72.03153362901325
-72.02625000409769
-72.02096191228732
-72.01566937323012
-72.01037240663742
-72.0050710322835
-71.99976527000533
-71.9944551397022
-71.98914066133543
-71.98382185492795
-71.97849874056408
-71.97317133838906
-71.96783966860885
-71.96250375148968
-71.95716360735777
-71.95181925659897
-71.9464707196584
-71.94111801704014
-71.93576116930687
-71.93040019707952
-71.92503512103693
-71.91966596191547
-71.91429274050874
-71.90891547766721
-71.9035341942978
-71.89814891136363
-71.8927596498836
-71.88736643093205
-71.8819692756384
-71.8765682051868
-71.87116324081578
-71.86575440381786
-71.86034171553923
-71.85492519737937
-71.84950487079067
-71.84408075727808
-71.83865287839876
-71.83322125576171
-71.82778591102738
-71.82234686590732
-71.81690414216382
-71.81145776160955
-71.80600774610711
-71.80055411756881
-71.79509689795613
-71.78963610927947
-71.78417177359773
-71.77870391301795
-71.7732325496949
-71.76775770583072
-71.7622794036746
-71.75679766552231
-71.75131251371589
-71.74582397064324
-71.74033205873775
-71.73483680047791
-71.72933804144405
-71.72383513382093
-71.71832659962536
-71.71280987342517
-71.70728117400583
-71.70173551020007
-71.69616679879847
-71.69056806084816
-71.68493166176775
-71.67924956568606
-71.6735135816815
-71.66771558697619
-71.66184771850878
-71.65590252926489
-71.64987310927559
-71.64375317349732
-71.63753712011624
-71.63122006343761
-71.62479784564675
-71.618267031541
-71.61162488996388
-71.60486936521619
-71.59799904123776
-71.59101310088677
-71.58391128221412
-71.57669383324863
-71.56936146648003
-71.56191531394802
-71.55435688361474
-71.54668801750914
-71.53891085197937
-71.53102778026856
-71.52304141753419
-71.51495456835816
-71.50677019673914
-71.49849139851716
-71.49012137615078
-71.48166341574613
-71.4731208662231
-71.46449712049629
-71.45579559854353
-71.44701973223461
-71.43817295179399
-71.42925867377484
-71.42028029042619
-71.41124116034032
-71.40214460027364
-71.39299387804006
-71.38379220638237
-71.37454273773353
-71.36524855978585
-71.35591269179172
-71.34653808152575
-71.33712760284325
-71.3276840537749
-71.31821015510297
-71.30870854936833
-71.29918180026196
-71.28963239235874
-71.28006273115476
-71.27047514337283
-71.2608718775042
-71.25125510455692
-71.2416269189846
-71.23198933977113
-71.22234431164975
-71.21269370643647
-71.2030393244601
-71.19338289607265
-71.18372608322571
-71.1740704810995
-71.16441761977325
-71.15476896592587
-71.14512592455813
-71.13548984072747
-71.12586200128835
-71.1162436366314
-71.10663592241552
-71.09703998128806
-71.08745688458822
-71.07788765403015
-71.06833326336208
-71.05879463999885
-71.04927266662507
-71.03976818276715
-71.0302819863321
-71.02081483511209
-71.01136744825328
-71.00194050768822
-70.99253465953112
-70.98315051543554
-70.97378865391424
-70.964449621621
-70.9551339345946
-70.94584207946494
-70.9365745146217
-70.9273316713458
-70.9181139549042
-70.90892174560854
-70.8997553998381
-70.89061525102791
-70.88150161062251
-70.87241476899617
-70.86335499634033
-70.85432254351907
-70.84531764289319
-70.83634050911402
-70.82739133988758
-70.81847031670996
-70.80957760557475
-70.80071335765332
-70.79187770994896
-70.78307078592533
-70.77429269611036
-70.76554353867631
-70.75682339999675
-70.74813235518114
-70.73947046858802
-70.73083779431724
-70.72223437668225
-70.713660250663
-70.70511544234014
-70.69659996931138
-70.6881138410904
-70.67965705948927
-70.6712296189847
-70.66283150706893
-70.65446270458588
-70.6461231860529
-70.63781291996894
-70.62953186910948
-70.62127999080897
-70.61305723723096
-70.60486355562672
-70.59669888858261
-70.58856317425678
-70.58045634660556
-70.5723783356
-70.56432906743298
-70.55630846471719
-70.54831644667453
-70.54035292931708
-70.53241782562019
-70.52451104568787
-70.51663249691094
-70.50878208411814
-70.50095970972046
-70.49316527384923
-70.48539867448795
-70.47765980759826
-70.4699485672403
-70.4622648456877
-70.45460853353745
-70.44697951981483
-70.43937769207355
-70.43180293649158
-70.42425513796252
-70.4167341801829
-70.40923994573559
-70.40177231616944
-70.39433117207524
-70.38691639315839
-70.3795278583082
-70.37216544566407
-70.3648290326787
-70.3575184961784
-70.35023371242069
-70.34297455714929
-70.33574090564662
-70.32853263278388
-70.32134961306889
-70.31419172069177
-70.30705882956848
-70.2999508133824
-70.29286754562408
-70.28580889962906
-70.2787747486141
-70.27176496571171
-70.26477942400314
-70.25781799654972
-70.25088055642291
-70.24396697673285
-70.23707713065558
-70.23021089145911
-70.22336813252825
-70.21654872738824
-70.20975254972737
-70.20297947341851
-70.19622937253968
-70.18950212139359
-70.18279759452639
-70.17611566674545
-70.16945621313629
-70.16281910907885
-70.15620423026287
-70.14961145270259
-70.14304065275074
-70.13649170711192
-70.12996449285522
-70.12345888742642
-70.11697476865942
-70.1105120147872
-70.10407050445232
-70.09765011671678
-70.09125073107141
-70.08487222744493
-70.07851448621241
-70.07217738820337
-70.06586081470945
-70.05956464749173
-70.05328876878762
-70.04703306131748
-70.04079740829073
-70.03458169341184
-70.02838580088581
-70.02220961542353
-70.01605302224668
-70.00991590709245
-70.00379815621801
-69.99769965640466
-69.99162029496176
-69.98555995973042
-69.97951853908698
-69.9734959219463
-69.96749199776471
-69.961506656543
-69.95553978882891
-69.94959128571978
-69.94366103886463
-69.9377489404665
-69.93185488328427
-69.92597876063448
-69.92012046639302
-69.91427989499661
-69.90845694144419
-69.90265150129808
-69.89686347068518
-69.89109274629784
-69.88533922539482
-69.87960280580192
-69.87388338591272
-69.86818086468898
-69.86249514166116
-69.85682611692867
-69.85117369116014
-69.8455377655935
-69.83991824203603
-69.83431502286435
-69.82872801102421
-69.82315711003035
-69.81760222396619
-69.81206325748344
-69.80654011580168
-69.80103270470785
-69.79554093055569
-69.79006470026508
-69.78460392132132
-69.77915850177443
-69.77372835023826
-69.76831337588963
-69.76291348846743
-69.75752859827159
-69.75215861616205
-69.74680345355769
-69.74146302243517
-69.73613723532779
-69.7308260053242
-69.7255292460672
-69.72024687175235
-69.71497879712669
-69.70972493748731
-69.70448520867993
-69.69925952709742
-69.69404780967834
-69.68884997390533
-69.68366593780364
-69.67849561993944
-69.67333893941824
-69.66819581588322
-69.66306616951351
-69.65794992102254
-69.65284699165619
-69.64775730319114
-69.642680777933
-69.63761733871448
-69.6325669088936
-69.62752941235178
-69.62250477349197
-69.61749291723676
-69.61249376902641
-69.60750725481692
-69.60253330107807
-69.59757183479144
-69.59262278344836
-69.58768607504798
-69.58276163809514
-69.57784940159837
-69.57294929506782
-69.56806124851313
-69.56318519244144
-69.55832105785518
-69.55346877625
-69.54862827961261
-69.54379950041869
-69.53898237163062
-69.53417682669549
-69.52938279954274
-69.52460022458212
-69.51982903670138
-69.51506917126416
-69.51032056410773
-69.50558315154076
-69.50085687034112
-69.49614165775365
-69.4914374514879
-69.48674418971586
-69.48206181106978
-69.47739025463986
-69.47272945997194
-69.46807936706537
-69.46343991637059
-69.45881104878693
-69.4541927056603
-69.44958482878097
-69.44498736038118
-69.44040024313293
-69.43582342014567
-69.43125683496396
-69.42670043156524
-69.42215415435749
-69.41761794817693
-69.41309175828574
-69.40857553036977
-69.40406921053615
-69.39957274531109
-69.39508608163753
-69.39060916687284
-69.38614194878654
-69.381684375558
-69.37723639577409
-69.37279795842696
-69.36836901291167
-69.36394950902397
-69.35953939695791
-69.35513862730366
-69.35074715104511
-69.34636491955766
-69.3419918846059
-69.33762799834135
-69.33327321330013
-69.32892748240077
-69.32459075894187
-69.32026299659982
-69.3159441494266
-69.31163417184746
-69.30733301865867
-69.30304064502529
-69.29875700647892
-69.29448205891542
-69.29021575859268
-69.28595806212842
-69.2817089264979
-69.27746830903175
-69.2732361674137
-69.2690124596784
-69.26479714420917
-69.26059017973584
-69.25639152533252
-69.2522011404154
-69.24801898474057
-69.24384501840186
-69.23967920182861
-69.23552149578354
-69.2313718613606
-69.22723025998273
-69.22309665339982
-69.21897100368646
-69.21485327323987
-69.21074342477773
-69.20664142133607
-69.20254722626716
-69.19846080323735
-69.19438211622503
-69.19031112951848
-69.1862478077138
-69.18219211571281
-69.17814401872101
-69.17410348224547
-69.17007047209277
-69.16604495436697
-69.16202689546753
-69.1580162620873
-69.15401302121047
-69.15001714011056
-69.14602858634836
-69.14204732776999
-69.1380733325048
-69.13410656896349
-69.13014700583602
-69.12619461208973
-69.12224935696727
-69.11831120998471
-69.11438014092954
-69.11045611985877
-69.10653911709693
-69.1026291032342
-69.09872604912444
-69.09482992588332
-69.09094070488638
-69.08705835776715
-69.08318285641523
-69.07931417297448
-69.07545227984103
-69.07159714966156
-69.06774875533132
-69.06390706999237
-69.06007206703165
-69.05624372007927
-69.05242200300655
-69.04860688992433
-69.04479835518109
-69.04099637336115
-69.03720091928297
-69.03341196799722
-69.02962949478517
-69.0258534751568
-69.0220838848491
-69.01832069982434
-69.01456389626833
-69.01081345058861
-69.00706933941288
-69.00333153958712
-68.99960002817403
-68.99587478245122
-68.99215577990965
-68.98844299825181
-68.98473641539017
-68.98103600944545
-68.977341758745
-68.97365364182113
-68.96997163740953
-68.96629572444758
-68.96262588207276
-68.95896208962104
-68.9553043266253
-68.95165257281369
-68.94800680810809
-68.94436701262252
-68.94073316666159
-68.93710525071889
-68.93348324547549
-68.9298671317984
-68.92625689073901
-68.9226525035316
-68.91905395159176
-68.91546121651498
-68.91187428007505
-68.90829312422265
-68.9047177310838
-68.90114808295847
-68.89758416231902
-68.89402595180883
-68.89047343424077
-68.88692659259583
-68.88338541002163
-68.87984986983106
-68.87631995550082
-68.87279565066999
-68.86927693913869
-68.86576380486665
-68.86225623197186
-68.85875420472914
-68.85525770756882
-68.8517667250754
-68.84828124198611
-68.84480124318969
-68.84132671372494
-68.83785763877945
-68.83439400368833
-68.83093579393278
-68.8274829951389
-68.82403559307633
-68.82059357365699
-68.8171569229338
-68.81372562709942
-68.81029967248492
-68.80687904555863
-68.80346373292481
-68.80005372132247
-68.79664899762408
-68.79324954883437
-68.78985536208916
-68.78646642465405
-68.78308272392334
-68.77970424741875
-68.77633098278824
-68.77296291780486
-68.7696000403656
-68.76624233849016
-68.76288980031985
-68.75954241411641
-68.7562001682609
-68.75286305125253
-68.74953105170758
-68.74620415835821
-68.74288236005142
-68.73956564574794
-68.73625400452106
-68.73294742555562
-68.7296458981469
-68.72634941169954
-68.72305795572647
-68.71977151984787
-68.71649009379007
-68.71321366738455
-68.7099422305669
-68.70667577337575
-68.70341428595177
-68.70015775853665
-68.69690618147207
-68.69365954519873
-68.69041784025531
-68.6871810572775
-68.68394918699704
-68.6807222202407
-68.67750014792931
-68.67428296107683
-68.67107065078937
-68.66786320826424
-68.66466062478901
-68.66146289174056
-68.65827000058417
-68.6550819428726
-68.65189871024512
-68.64872029442665
-68.64554668722685
-68.6423778805392
-68.63921386634013
-68.63605463668809
-68.63290018372273
-68.629750499664
-68.62660557681126
-68.62346540754247
-68.62032998431329
-68.61719929965624
-68.61407334617986
-68.61095211656792
-68.6078356035785
-68.60472380004325
-68.60161669886652
-68.59851429302458
-68.59541657556477
-68.59232353960476
-68.5892351783317
-68.5861514850015
-68.58307245293794
-68.57999807553202
-68.57692834624109
-68.57386325858813
-68.57080280616101
-68.56774698261168
-68.56469578165544
-68.56164919707027
-68.55860722269597
-68.55556985243354
-68.55253708024438
-68.5495089001496
-68.54648530622934
-68.54346629262199
-68.54045185352352
-68.53744198318682
-68.53443667592096
-68.5314359260905
-68.52843972811482
-68.52544807646747
-68.5224609656755
-68.51947839031881
-68.51650034502951
-68.51352682449127
-68.51055782343863
-68.50759333665641
-68.504633358979
-68.50167788528975
-68.49872691052032
-68.49578042965004
-68.49283843770533
