-65.0
-64.99414185296477
-64.98922619176366
-64.98421606917786
-64.97882207801172
-64.97298281985113
-64.9667114840198
-64.96004576548307
-64.95303007338087
-64.94570882854298
-64.93812391083101
-64.93031376756305
-64.92231321655993
-64.91415354425943
-64.90586272581717
-64.8974656896168
-64.8889845905956
-64.88043907589176
-64.87184653529077
-64.86322233330587
-64.85458002191668
-64.84593153412955
-64.83728735912734
-64.82865670009497
-64.82004761596328
-64.81146714837165
-64.80292143514929
-64.79441581157496
-64.78595490061059
-64.77754269322651
-64.76918261985129
-64.7608776138915
-64.75263016818045
-64.74444238513748
-64.73631602132292
-64.72825252702168
-64.72025308141396
-64.71231862383522
-64.70444988155545
-64.69664739446648
-64.6889115370488
-64.68124253790214
-64.67364049712462
-64.66610540178057
-64.65863713966752
-64.65123551157328
-64.64390024218974
-64.63663098983272
-64.62942735509907
-64.62228888857757
-64.61521509771701
-64.60820545294287
-64.6012593931041
-64.59437633032229
-64.58755565430744
-64.5807967361975
-64.57409893197242
-64.56746158548789
-64.5608840311695
-64.55436559640265
-64.547905603651
-64.5415033723315
-64.53515822047189
-64.52886946617326
-64.52263642889822
-64.51645843060284
-64.51033479672932
-64.50426485707341
-64.49824794653958
-64.49228340492976
-64.48637057671762
-64.48050881442482
-64.47469747835687
-64.46893593669066
-64.4632235656479
-64.45755974967342
-64.45194388159337
-64.4463753627457
-64.44085360308195
-64.4353780212411
-64.42994804459764
-64.42456310928611
-64.4192226602046
-64.41392615099912
-64.4086730440312
-64.40346281033064
-64.39829492953491
-64.39316888981718
-64.38808418780414
-64.38304032848514
-64.37803682511367
-64.37307319910241
-64.36814897991272
-64.36326370493953
-64.35841691939231
-64.35360817617297
-64.34883703575117
-64.34410306603773
-64.33940584225664
-64.33474494681597
-64.3301199691784
-64.32553050573136
-64.32097615965742
-64.31645654080498
-64.31197126555966
-64.30751995671662
-64.30310224335382
-64.29871776070668
-64.29436615004401
-64.29004705854555
-64.2857601391811
-64.28150505059135
-64.27728145697067
-64.27308902795158
-64.26892743849132
-64.26479636876032
-64.26069550403268
-64.25662453457882
-64.25258315555998
-64.248571066925
-64.24458797330908
-64.24063358393464
-64.23670761251425
-64.23280977715568
-64.22893980026895
-64.22509740847545
-64.22128233251907
-64.21749430717935
-64.21405845499417
-64.21130384450791
-64.20948934176259
-64.20879816370899
-64.20934995385248
-64.21121522436617
-64.24198947207786
-64.29046462154821
-64.35168833249722
-64.42297903003009
-64.51193505771361
-64.61784909511597
-64.7381245581543
-64.87007488875422
-65.01135986388361
-65.16002904622071
-65.31446675876134
-65.47332538102656
-65.6354691732665
-65.7999314229432
-65.96588266799542
-66.13260710143285
-66.2994847191193
-66.46597761819422
-66.63161909257106
-66.79600475241674
-66.95878513871054
-67.11965945945084
-67.27837019203855
-67.43469837296142
-67.58845944770552
-67.73949956588145
-67.88769231022638
-68.03293576624168
-68.17514986460998
-68.31427399016249
-68.4502648248645
-68.58309439967148
-68.71274833355704
-68.83922424117425
-68.96253029294105
-69.08268391323365
-69.1997105900729
-69.31364282868587
-69.42451919793928
-69.53238346217424
-69.63728380135461
-69.73927211035182
-69.83840336994055
-69.93473508292269
-70.02832676946024
-70.11923951632167
-70.20753557514223
-70.2932780052279
-70.3765303568443
-70.45735639119226
-70.53581983367839
-70.61198415310206
-70.68591237438584
-70.7576669205509
-70.8273094681665
-70.89490082433903
-70.96050082230015
-71.02416823349309
-71.08596069438866
-71.14593464646293
-71.20414528793324
-71.26064653598077
-71.31549099830889
-71.36872995299485
-71.42041333569351
-71.4705897333381
-71.51930638350709
-71.56660917883096
-71.61254267576597
-71.65715010716222
-71.70047339810945
-71.74255318459282
-71.78342883453982
-71.82313847088469
-71.86171899630277
-71.89920611931488
-71.93563438149378
-71.9710371855339
-72.00544682396865
-72.0388945078813
-72.07141039472499
-72.1030236216695
-72.13376233425447
-72.16365371553961
-72.19272401525743
-72.22099857875739
-72.24850187562338
-72.27525752788321
-72.30128833775014
-72.32661631484247
-72.35126270284468
-72.37524800557863
-72.39859201245957
-72.42131382331681
-72.44343187256571
-72.46496395272133
-72.48592723724782
-72.50633830274516
-72.52621315045285
-72.54556722710174
-72.56441544510602
-72.58277220210287
-72.60065139984958
-72.6180664624876
-72.63503035418492
-72.65155559616933
-72.66765428316604
-72.68333809925343
-72.6986183331511
-72.71350589295511
-72.7280113203353
-72.7421448042119
-72.75591619392118
-72.76933501189042
-72.78241046583669
-72.79515146050419
-72.80756660895506
-72.81966424342882
-72.83145242578661
-72.84293895755029
-72.85413138955347
-72.86503703121844
-72.87566295947249
-72.88601602731656
-72.89610287205876
-72.90592992322556
-72.91550341016263
-72.92482936933726
-72.93391365135369
-72.94276192769246
-72.95137969718459
-72.95977229223085
-72.96794488477617
-72.97590249204896
-72.98364998207444
-72.99119207897125
-72.99853336803984
-73.00567830065106
-73.01263119894321
-73.01939626033514
-73.0259775618623
-73.03237906434356
-73.03860461638563
-73.04465795823171
-73.05054272546069
-73.0562624525429
-73.06182057625846
-73.06722043898374
-73.07246529185127
-73.07755829778843
-73.08250253443985
-73.08730099697821
-73.09195660080816
-73.0964721841676
-73.10085051063065
-73.10509427151632
-73.10920608820658
-73.11318851437781
-73.11704403814892
-73.12077508414968
-73.1243840155125
-73.12787313579072
-73.13124469080644
-73.13450087043076
-73.13764381029914
-73.14067559346454
-73.14359825199078
-73.14641376848867
-73.149124077597
-73.15173106741072
-73.15423658085837
-73.15664241703078
-73.15895033246318
-73.1611620423723
-73.16327922185039
-73.1653035070179
-73.16723649613628
-73.16907975068266
-73.17083479638774
-73.17250312423843
-73.17408619144655
-73.1755854223849
-73.17700220949207
-73.17833791414701
-73.17959386751465
-73.18077137136372
-73.18187169885759
-73.18289609531955
-73.18384577897302
-73.18472194165807
-73.18552574952481
-73.18625834370476
-73.18692084096087
-73.18751433431696
-73.18803989366752
-73.18849856636842
-73.18889137780923
-73.18921933196796
-73.18948341194877
-73.18968458050317
-73.1898237805355
-73.18990193559321
-73.1899199503422
-73.18987871102826
-73.18977908592458
-73.1896219257663
-73.18940806417206
-73.18913831805341
-73.18881348801237
-73.18843435872745
-73.1880016993286
-73.18751626376154
-73.18697879114173
-73.18639000609832
-73.18575061910857
-73.18506132682285
-73.18432281238069
-73.18353574571806
-73.18270078386638
-73.1818185712432
-73.18088973993513
-73.17991490997309
-73.17889468960027
-73.17782967553282
-73.17672045321375
-73.17556759706008
-73.1743716707036
-73.17313322722518
-73.17185280938325
-73.17053094983616
-73.169168171359
-73.16776498705484
-73.16632190056056
-73.16483940624764
-73.16331798941769
-73.16175812649332
-73.16016028520413
-73.15852492476814
-73.15685249606881
-73.15514344182768
-73.15339819677281
-73.15161718780318
-73.14980083414913
-73.1479495475289
-73.1460637323015
-73.14414378561598
-73.14219009755705
-73.14020305128741
-73.13818302318671
-73.13613038298729
-73.13404549390668
-73.13192871277724
-73.12978039017261
-73.12760087053148
-73.12539049227838
-73.1231495879418
-73.12087848426968
-73.11857750234228
-73.11624695768252
-73.11388716036392
-73.11149841511605
-73.10908102142777
-73.10663527364815
-73.1041614610852
-73.10165986810242
-73.09913077421328
-73.09657445417373
-73.09399117807257
-73.09138121142003
-73.0887448152344
-73.08608224612684
-73.0833937563843
-73.0806795940509
-73.07794000300744
-73.07517522304921
-73.07238548996236
-73.06957103559851
-73.06673208794804
-73.06386887121153
-73.06098160587005
-73.05807050875384
-73.05513579310963
-73.05217766866657
-73.0491963417009
-73.04619201509925
-73.04316488842068
-73.04011515795746
-73.03704301679473
-73.03394865486881
-73.03083225902452
-73.02769401307124
-73.02453409783793
-73.02135269122708
-73.01814996826751
-73.01492610116627
-73.0116812593594
-73.00841560956185
-73.00512931581625
-73.00182253954088
-72.9984954395767
-72.99514817223341
-72.99178089133468
-72.9883937482625
-72.98498689200066
-72.98156046917751
-72.97811462410773
-72.97464949883351
-72.97116523316477
-72.96766196471876
-72.96413982895885
-72.96059895923264
-72.95703948680926
-72.95346154091612
-72.94986524877487
-72.94625073563671
-72.9426181248171
-72.93896753772977
-72.93529909392011
-72.93161291109803
-72.92790910517009
-72.92418779027112
-72.92044907879527
-72.91669308142646
-72.91291990716829
-72.90912966337339
-72.90532245577232
-72.90149838850182
-72.89765756413266
-72.89380008369692
-72.88992604671485
-72.88603555122114
-72.88212869379088
-72.87820556956488
-72.8742662722747
-72.87031089426708
-72.8663395265281
-72.86235225870678
-72.85834917913837
-72.85433037486722
-72.8502959316691
-72.84624593407331
-72.84218046538426
-72.83809960770273
-72.83400344194675
-72.82989204787216
-72.82576550409274
-72.82162388810005
-72.81746727628288
-72.81329574394641
-72.80910936533103
-72.80490821363075
-72.8006923610115
-72.79646187862882
-72.7922168366455
-72.7879573042488
-72.78368334966746
-72.7793950401882
-72.77509244217228
-72.77077562107145
-72.76644464144385
-72.76209956696952
-72.75774046046573
-72.75336738390193
-72.74898039841462
-72.74457956432177
-72.74016494113721
-72.73573658758457
-72.73129456161112
-72.72683892040133
-72.72236972039032
-72.71788706119978
-72.71339121482953
-72.7088828426965
-72.70436326613591
-72.69983473948433
-72.69530067815735
-72.69076580874591
-72.68623622580604
-72.68171935546512
-72.67722383696362
-72.67275933954933
-72.66833633451562
-72.66396584173782
-72.65965916788001
-72.65542765038093
-72.65128241800164
-72.64723417552679
-72.64329301738407
-72.63946827258462
-72.63576838151329
-72.6322008036827
-72.62877195455714
-72.62548716888493
-72.6223506875872
-72.61936566507603
-72.61653419386117
-72.61385734340884
-72.61133521040004
-72.60896697777073
-72.60675098018
-72.60468477382689
-72.60276520881051
-72.60098850249122
-72.59935031255922
-72.5978458087448
-72.59646974231148
-72.59521651265838
-72.59408023052033
-72.59305477739659
-72.59213386096003
-72.59131106630285
-72.59057990296041
-72.5899338477273
-72.58936638333685
-72.58887103312235
-72.58844139181315
-72.58807115264699
-72.58775413099815
-72.5874842847346
-72.58725573152465
-72.58706276331635
-72.58689985821277
-72.58676168996195
-72.58664313527491
-72.58653927917727
-72.58644541859043
-72.58635706432884
-72.58626994168878
-72.58617998979307
-72.5860833598448
-72.5859764124324
-72.58585571401646
-72.58571803271919
-72.5855603335259
-72.58537977299892
-72.58517369359402
-72.58493961766163
-72.58467524120569
-72.58437842746595
-72.5840472003819
-72.58367973798978
-72.58327436579818
-72.58282955018163
-72.58234389182688
-72.58181611926106
-72.58124508248756
-72.58062974675049
-72.579969186446
-72.57926257919472
-72.57850920008754
-72.57770841611354
-72.5768596807774
-72.57596252891118
-72.5750165716836
-72.57402149180864
-72.57297703895364
-72.57188302534618
-72.57073932157789
-72.56954585260229
-72.56830259392349
-72.56700956797151
-72.56566684065973
-72.56427451811956
-72.5628327436071
-72.56134169457597
-72.5598015799108
-72.55821263731562
-72.55657513085119
-72.55488934861516
-72.55315560055953
-72.55137421643896
-72.54954554388458
-72.54766994659737
-72.54574780265544
-72.54377950292984
-72.54176544960347
-72.53970605478794
-72.5376017392333
-72.53545293112585
-72.5332600649692
-72.5310235805442
-72.52874392194329
-72.52642153667513
-72.52405687483558
-72.52165038834102
-72.51920253022061
-72.51671375396383
-72.51418451291994
-72.51161525974636
-72.5090064459029
-72.50635852118886
-72.50367193332049
-72.50094712754606
-72.49818454629624
-72.49538462886743
-72.49254781113575
-72.48967452529993
-72.48676519965078
-72.48382025836567
-72.4808401213263
-72.47782520395779
-72.47477591708814
-72.47169266682594
-72.46857585445562
-72.46542587634842
-72.46224312388827
-72.45902798341132
-72.45578083615925
-72.45250205824112
-72.44919202060801
-72.44585108903726
-72.44247962412565
-72.43907798129085
-72.43564651078029
-72.432185557687
-72.4286954619717
-72.42517655849046
-72.42162917702765
-72.41805364233346
-72.41445027416565
-72.41081938733504
-72.40716129175432
-72.40347629248994
-72.39976468981655
-72.39602677927375
-72.39226285172501
-72.38847319341814
-72.38465808604742
-72.38081780681695
-72.37695262850497
-72.37306281952918
-72.36914864401263
-72.3652103618501
-72.36124822877494
-72.35726249642602
-72.35325341241476
-72.34922122039222
-72.34516616011597
-72.34108846751667
-72.33698837476447
-72.33286611033488
-72.32872189907421
-72.32455596226448
-72.32036851768767
-72.31615977968934
-72.31192995924165
-72.30767926400544
-72.30340789839174
-72.29911606362232
-72.29480395778951
-72.2904717759151
-72.28611971000835
-72.28174794912324
-72.27735667941464
-72.27294608419365
-72.26851634398204
-72.26406763656574
-72.25960013704739
-72.2551140178979
-72.25060944900723
-72.24608659773408
-72.24154562895474
-72.23698670511106
-72.23240998625738
-72.22781563010663
-72.22320379207557
-72.21857462532904
-72.21392828082341
-72.20926490734911
-72.20458465157235
-72.1998876580759
-72.19517406939919
-72.19044402607744
-72.18569766668007
-72.18093512784823
-72.17615654433165
-72.17136204902462
-72.16655177300127
-72.16172584555008
-72.15688439420767
-72.15202754479186
-72.1471554214341
-72.14226814661107
-72.13736584117575
-72.13244862438773
-72.12751661394292
-72.12256992600256
-72.11760867522166
-72.11263297477693
-72.10764293639396
-72.10263867037393
-72.09762028561971
-72.09258788966136
-72.08754158868112
-72.0824814875379
-72.07740768979113
-72.07232029772426
-72.06721941236772
-72.06210513352134
-72.05697755977631
-72.05183678853673
-72.04668291604062
-72.04151603738056
-72.03633624652385
-72.03114363633226
-72.02593829858144
-72.02072032397977
-72.01548980218702
-72.0102468218324
-72.00499147053243
-71.99972383490834
-71.99444400057804
-71.98915205175757
-71.98384807197952
-71.97853214395828
-71.97320434954851
-71.96786476973547
-71.9625134846374
-71.95715057351359
-71.9517761147748
-71.94639018599511
-71.94099286392431
-71.9355842245006
-71.93016434286348
-71.92473329336639
-71.91929114958947
-71.91383798435197
-71.9083738697246
-71.90289887704166
-71.89741307691294
-71.89191653923544
-71.88640933320485
-71.88089152732691
-71.87536318942836
-71.86982438666793
-71.86427518554692
-71.85871565191971
-71.85314585100402
-71.84756584739094
-71.84197570505486
-71.83637548736317
-71.83076525708573
-71.82514507640424
-71.81951500692142
-71.81387510967001
-71.80822544512156
-71.80256607319518
-71.79689705326597
-71.79121844417345
-71.7855303042298
-71.77983269122787
-71.77412566244918
-71.76840927467163
-71.76268358417715
-71.75694864675927
-71.75120451773041
-71.74545125192924
-71.7396889037277
-71.73391752703807
-71.72813717531986
-71.72234790158656
-71.71654975841243
-71.71074279793898
-71.70492707188139
-71.69910263153477
-71.69326952778042
-71.68742781109184
-71.68157753154078
-71.67571873880316
-71.66985148216482
-71.66397581052733
-71.65809177241356
-71.65219941597319
-71.6462987889882
-71.64038993887823
-71.63447291270576
-71.62854775718138
-71.62261451866883
-71.61667324319004
-71.61072397643007
-71.604766763742
-71.59880165015169
-71.59282868036239
-71.58684789875953
-71.58085934941518
-71.57486307609291
-71.56885912225204
-71.5628475310518
-71.55682834535564
-71.55080160773531
-71.54476736047503
-71.53872564557565
-71.53267650475868
-71.52661997947017
-71.52055611088464
-71.51448493990885
-71.50840650718561
-71.50232085309742
-71.49622801777018
-71.49012804107679
-71.48402096264068
-71.47790682183934
-71.4717856578077
-71.46565750944158
-71.45952241540189
-71.45338041411786
-71.4472315437897
-71.4410758423916
-71.4349133476748
-71.42874409717095
-71.42256812819565
-71.4163854778506
-71.41019618302649
-71.404000280406
-71.39779780646661
-71.39158879748358
-71.38537328953264
-71.37915131849282
-71.37292292004918
-71.36668812969543
-71.36044698273663
-71.35419951429174
-71.34794575929757
-71.34168575251141
-71.33541952851103
-71.3291471216977
-71.3228685662988
-71.31658389637023
-71.31029314579894
-71.30399634830506
-71.29769353744435
-71.29138474661033
-71.2850700090366
-71.27874935779892
-71.2724228258174
-71.26609044585865
-71.25975225053779
-71.25340827232054
-71.24705854352527
-71.24070309632494
-71.23434196274908
-71.22797517468578
-71.2216027638835
-71.21522476195301
-71.20884120036926
-71.20245211047316
-71.1960575234734
-71.18965747044821
-71.18325198234716
-71.17684108999278
-71.17042482408236
-71.16400321518957
-71.15757629376608
-71.15114409014328
-71.14470663453373
-71.1382639570329
-71.13181608762062
-71.12536305616261
-71.11890489241209
-71.11244162601116
-71.10597328649233
-71.09949990327998
-71.09302150569175
-71.08653812293996
-71.08004978413297
-71.07355651827659
-71.06705835427539
-71.06055532093399
-71.0540474469584
-71.04753476095736
-71.04101729144348
-71.03449506683458
-71.02796811545487
-71.0214364655362
-71.01490014521922
-71.00835918255459
-71.00181360550407
-70.99526344194176
-70.98870871965514
-70.98214946634624
-70.9755857096327
-70.96901747704887
-70.96244479604685
-70.9558676939976
-70.94928619819196
-70.94270033584162
-70.9361101340802
-70.92951561996414
-70.92291682047379
-70.91631376251424
-70.90970647291634
-70.90309497843761
-70.89647930576311
-70.8898594815064
-70.8832355322104
-70.87660748434827
-70.86997536432425
-70.86333919847453
-70.85669901306811
-70.85005483430754
-70.84340668832986
-70.83675460120728
-70.83009859894801
-70.82343870749708
-70.81677495273699
-70.81010736048857
-70.80343595651169
-70.79676076650594
-70.79008181611144
-70.7833991309095
-70.77671273642333
-70.7700226581187
-70.76332892140469
-70.75663155163431
-70.74993057410532
-70.74322601406075
-70.7365178966896
-70.72980624712739
-70.72309109045679
-70.71637245170828
-70.70965035586065
-70.70292482784163
-70.69619589252844
-70.68946357474832
-70.68272789927912
-70.67598889084985
-70.66924657414125
-70.66250097378631
-70.65575211437074
-70.64900002043359
-70.64224471646766
-70.63548622692004
-70.62872457619261
-70.6219597886425
-70.6151918885826
-70.60842090028198
-70.60164684796644
-70.59486975581885
-70.58808964797973
-70.58130654854762
-70.57452048157936
-70.56773147109064
-70.5609395410566
-70.55414471541218
-70.54734701805259
-70.54054647283371
-70.53374310357236
-70.52693693404676
-70.5201279879968
-70.51331628912449
-70.50650186109424
-70.49968472753328
-70.49286491199129
-70.48604243716419
-70.47921732617746
-70.47238960232087
-70.46555928894774
-70.45872640943062
-70.45189098713902
-70.44505304542723
-70.43821260762746
-70.43136969704544
-70.42452433695739
-70.41767655060826
-70.41082636121065
-70.40397379194414
-70.39711886595501
-70.39026160635609
-70.38340203622687
-70.37654017861371
-70.36967605653004
-70.36280969295666
-70.35594111084217
-70.34907033310316
-70.3421973826245
-70.33532228225964
-70.32844505483078
-70.32156572313018
-70.31468430992079
-70.30780083793682
-70.30091532988281
-70.29402780843328
-70.287138296233
-70.28024681589716
-70.27335339001178
-70.26645804113389
-70.2595607917918
-70.25266166448539
-70.24576068168628
-70.23885786584184
-70.23195323937118
-70.2250468246649
-70.21813864408581
-70.21122871996927
-70.20431707462353
-70.19740373032992
-70.19048870934309
-70.1835720338911
-70.17665372617576
-70.16973380837267
-70.16281230263145
-70.15588923107586
-70.14896461580399
-70.1420384788884
-70.13511084237622
-70.12818172828936
-70.12125115862463
-70.11431915535381
-70.10738574042385
-70.10045093575698
-70.09351476325082
-70.0865772447785
-70.07963840218876
-70.07269825730612
-70.06575683193091
-70.05881414783944
-70.05187022678409
-70.04492509049338
-70.03797876067212
-70.03103125900144
-70.02408260713896
-70.01713282671885
-70.01018193935188
-70.00322996662558
-69.99627693010427
-69.98932285132916
-69.98236775181847
-69.97541165306743
-69.96845457654841
-69.961496543711
-69.95453757598202
-69.94757769476566
-69.94061692144348
-69.93365527737451
-69.92669278389532
-69.91972946232002
-69.91276533394038
-69.90580042002587
-69.89883474182369
-69.89186832055887
-69.88490117743429
-69.87793333363072
-69.8709648103069
-69.86399562859955
-69.85702580962342
-69.85005537447131
-69.84308434421415
-69.83611273990098
-69.82914058255905
-69.82216789319376
-69.8151946927888
-69.80822100230607
-69.80124684268581
-69.79427223484656
-69.78729719968518
-69.78032175807697
-69.77334593087554
-69.76636973891299
-69.75939320299989
-69.75241634392529
-69.74543918245678
-69.7384617393406
-69.73148403530153
-69.72450609104295
-69.71752792724675
-69.71054956457336
-69.70357102366184
-69.69659232512986
-69.68961348957367
-69.68263453756816
-69.67565548966682
-69.66867636640174
-69.66169718828365
-69.65471797580189
-69.64773874942438
-69.64075952959767
-69.63378033674692
-69.62680119127589
-69.61982211356693
-69.61284312398098
-69.60586424285758
-69.59888549051485
-69.59190688724945
-69.58492845333669
-69.57795020903049
-69.57097217456344
-69.56399437014672
-69.55701681597014
-69.55003953220208
-69.54306253898945
-69.5360858564577
-69.52910950471077
-69.52213350383111
-69.51515787387962
-69.50818263489563
-69.50120780689693
-69.49423340987973
-69.4872594638186
-69.48028598866654
-69.47331300435486
-69.46634053079325
-69.45936858786968
-69.45239719545047
-69.4454263733802
-69.43845614148171
-69.43148651955606
-69.42451752738255
-69.41754918471874
-69.4105815113006
-69.40361452684243
-69.39664825103678
-69.38968270355434
-69.38271790404396
-69.3757538721325
-69.36879062742491
-69.36182818950408
-69.35486657793086
-69.3479058122441
-69.34094591196046
-69.33398689657456
-69.32702878555881
-69.32007159836348
-69.31311535441661
-69.30616007312437
-69.29920577387112
-69.29225247601909
-69.28530019890823
-69.27834896185611
-69.27139878415788
-69.26444968508623
-69.25750168389135
-69.25055479980085
-69.24360905201982
-69.23666445973075
-69.22972104209353
-69.22277881824542
-69.21583780730096
-69.20889802835204
-69.20195950046777
-69.19502224269519
-69.18808627405971
-69.18115161356647
-69.1742182801985
-69.16728629291619
-69.16035567065703
-69.15342643233546
-69.14649859684286
-69.13957218304743
-69.13264720979934
-69.12572369592425
-69.11880166022353
-69.11188112147477
-69.10496209843194
-69.09804460982551
-69.09112867436242
-69.08421431072614
-69.07730153757662
-69.07039037355025
-69.06348083725987
-69.05657294729474
-69.04966672222042
-69.04276218057866
-69.0358593408874
-69.02895822164066
-69.02205884130866
-69.01516121833774
-69.00826537115039
-69.00137131814519
-68.99447907769684
-68.98758866715251
-68.98070010411627
-68.97381340652866
-68.96692859247803
-68.96004568012174
-68.95316468764813
-68.94628563325575
-68.93940853514104
-68.93253341149048
-68.92566028047543
-68.91878916024865
-68.91192006894182
-68.90505302466381
-68.89818804549948
-68.89132514950879
-68.8844643547262
-68.8776056791603
-68.87074914079342
-68.86389475758153
-68.85704254745411
-68.85019252831405
-68.84334471803764
-68.8364991344746
-68.82965579544799
-68.8228147187544
-68.81597592216384
-68.80913942341986
-68.80230524023956
-68.7954733903136
-68.78864389130631
-68.78181676085563
-68.77499201657326
-68.76816967604458
-68.7613497568287
-68.7545322764585
-68.74771725244068
-68.74090470225566
-68.73409464335778
-68.72728709317526
-68.7204820691101
-68.71367958853807
-68.7068796688087
-68.70008232724527
-68.69328758114487
-68.68649544777837
-68.67970594439036
-68.67291908819921
-68.66613489639697
-68.6593533861494
-68.65257457459595
-68.64579847884963
-68.6390251159971
-68.63225450309861
-68.62548665718788
-68.61872159527218
-68.61195933433223
-68.60519989132217
-68.59844328316957
-68.59168952677533
-68.58493863901369
-68.57819063673224
-68.57144553675188
-68.56470335586674
-68.55796411084422
-68.5512278184249
-68.54449449532254
-68.53776415822396
-68.53103682378911
-68.52431250865091
-68.51759122941529
-68.51087300266113
-68.50415784494018
-68.49744577277708
-68.49073680266929
-68.48403095108702
-68.47732823447325
-68.47062866924365
-68.4639322717866
-68.45723905846306
-68.4505490456066
-68.44386224952335
-68.4371786864919
-68.43049837276335
-68.4238213245612
-68.41714755808141
-68.41047708949237
-68.4038099349349
-68.3971461105221
-68.39048563233939
-68.38382851644438
-68.37717477886684
-68.37052443560863
-68.36387750264367
-68.3572339959179
-68.35059393134917
-68.34395732482724
-68.3373241922138
-68.33069454934228
-68.32406841201792
-68.31744579601768
-68.31082671709022
-68.30421119095584
-68.29759923330644
-68.29099085980548
-68.28438608608792
-68.27778492776022
-68.27118740040044
-68.26459351955825
-68.2580033007549
-68.25141675948306
-68.24483391120678
-68.23825477136134
-68.2316793553532
-68.22510767855995
-68.21853975633032
-68.21197560398403
-68.20541523681182
-68.19885867007538
-68.1923059190073
-68.18575699881103
-68.17921192466092
-68.17267071170275
-68.1661333750534
-68.15959992980055
-68.15307039100254
-68.14654477368833
-68.14002309285739
-68.13350536347967
-68.12699160049559
-68.12048181881597
-68.11397603332202
-68.10747425886528
-68.10097651026756
-68.09448280232095
-68.08799314978775
-68.0815075674009
-68.07502606986513
-68.06854867185515
-68.0620753880155
-68.0556062329605
-68.04914122127676
-68.0426803675218
-68.03622368622331
-68.02977119188274
-68.02332289897222
-68.01687882193205
-68.01043897517157
-68.00400337306941
-67.99757202997354
-67.99114496020134
-67.98472217803963
-67.97830369774464
-67.97188953354195
-67.96547969962656
-67.95907421016274
-67.95267307928412
-67.94627632109358
-67.93988394966317
-67.93349597903416
-67.92711242321687
-67.9207332961907
-67.91435861190409
-67.90798838427438
-67.9016226271879
-67.8952613544999
-67.88890458003443
-67.8825523175845
-67.87620458091183
-67.86986138374695
-67.86352273978912
-67.85718866270625
-67.8508591661349
-67.84453426368016
-67.8382139689157
-67.83189829538364
-67.82558725659457
-67.81928086602748
-67.81297913712972
-67.80668208331694
-67.8003897179731
-67.79410205445039
-67.7878191060692
-67.78154088611805
-67.77526740785362
-67.76899868450063
-67.76273472925185
-67.75647555526803
-67.75022117567786
-67.74397160357798
-67.73772685203285
-67.73148693407481
-67.72525186270401
-67.71902165088852
-67.7127963115641
-67.70657585763414
-67.70036030196958
-67.69414965740897
-67.68794393675834
-67.68174315279127
-67.67554731824879
-67.66935644583941
-67.66317054823904
-67.65698963809092
-67.65081372800563
-67.64464283056104
-67.63847695830225
-67.63231612374156
-67.62616033935839
-67.62000961759922
-67.61386397087756
-67.60772341157394
-67.60158795203589
-67.59545760457787
-67.5893323814813
-67.58321229499444
-67.57709735733239
-67.57098758067708
-67.5648829771772
-67.55878355894818
-67.55268933807211
-67.54660032659778
-67.5405165365406
-67.53443797988231
-67.52836466857124
-67.52229661452218
-67.5162338296164
-67.51017632570161
-67.50412411459196
-67.4980772080677
-67.49203561738558
-67.48599935297156
-67.47996842586782
-67.47394284737362
-67.46792262890595
-67.46190778193638
-67.45589831795809
-67.44989424846686
-67.44389558494922
-67.4379023388745
-67.43191452168948
-67.42593214481457
-67.41995521964101
-67.4139837575289
-67.40801776980564
-67.40205726776495
-67.39610226266596
-67.39015276573275
-67.38420878815386
-67.37827034108194
-67.37233743563365
-67.36641008288939
-67.36048829389324
-67.35457207965293
-67.34866145113976
-67.34275641928868
-67.33685699499817
-67.33096318913039
-67.3250750125111
-67.31919247592977
-67.31331559013952
-67.30744436585724
-67.30157881376356
-67.29571894450288
-67.28986476868344
-67.2840162968773
-67.27817353962034
-67.27233650741236
-67.26650521071701
-67.26067965996188
-67.25485986553858
-67.2490458378027
-67.24323758707389
-67.23743512363579
-67.23163845773601
-67.22584759958613
-67.22006255936165
-67.21428334720201
-67.20850997321057
-67.20274244745455
-67.19698077996509
-67.19122498073713
-67.18547505972951
-67.17973102686489
-67.17399289202972
-67.16826066507424
-67.1625343558125
-67.15681397402227
-67.15109952944509
-67.14539103178618
-67.13968849071446
-67.13399191586255
-67.12830131682692
-67.12261670316795
-67.11693808440981
-67.11126547004037
-67.10559886951113
-67.09993829223713
-67.09428374759695
-67.08863524493263
-67.08299279354969
-67.07735640271703
-67.07172608166697
-67.06610183959515
-67.06048368566061
-67.05487162898568
-67.04926567865621
-67.04366584372193
-67.03807213319607
-67.03248455605517
-67.02690312123896
-67.02132783765026
-67.01575871415501
-67.01019575958222
-67.00463898272389
-66.99908839233511
-66.9935439971339
-66.9880058058013
-66.98247382698123
-66.97694806928062
-66.97142854126925
-66.9659152514813
-66.96040820841445
-66.95490742052895
-66.94941289624767
-66.94392464395601
-66.938442672002
-66.93296698869631
-66.92749760231428
-66.92203452109953
-66.9165777532578
-66.911127306957
-66.90568319032724
-66.90024541146086
-66.89481397841242
-66.88938889919868
-66.88397018179866
-66.87855783415365
-66.87315186416714
-66.86775227970489
-66.86235908859493
-66.85697229862774
-66.85159191755618
-66.84621795309539
-66.8408504129228
-66.835489304678
-66.83013463596279
-66.8247864143411
-66.81944464733914
-66.81410934244526
-66.80878050711001
-66.8034581487461
-66.79814227472829
-66.79283289239348
-66.78753000904064
-66.78223363193082
-66.77694376828713
-66.77166042529466
-66.7663836101005
-66.76111332981368
-66.75584959150511
-66.75059240220763
-66.74534176891598
-66.74009769858675
-66.7348601981384
-66.72962927445128
-66.72440493436754
-66.71918718469114
-66.71397603218783
-66.70877148358524
-66.70357354557285
-66.69838222480185
-66.6931975278851
-66.68801946139719
-66.68284803187429
-66.67768324581422
-66.67252510967643
-66.66737362988192
-66.66222881281338
-66.65709066481506
-66.65195919219278
-66.64683440121394
-66.64171629810747
-66.63660488906383
-66.631500180235
-66.62640217773445
-66.62131088763716
-66.61622631597957
-66.6111484687596
-66.60607735193656
-66.60101297143125
-66.59595533312583
-66.59090444286389
-66.58586030645043
-66.58082292965177
-66.57579231819567
-66.57076847777117
-66.56575141402871
-66.56074113258005
-66.55573763899825
-66.55074093881771
-66.54575103753415
-66.54076794060454
-66.53579165344718
-66.53082218144164
-66.52585952992877
-66.52090370421068
-66.51595470955074
-66.51101255117358
-66.50607723426508
-66.50114876397237
-66.49622714540378
-66.49131238362892
-66.4864044836786
-66.48150345054485
-66.47660928918093
-66.47172200450132
-66.46684160138172
-66.46196808465902
-66.45710145913135
-66.45224172955804
-66.44738890065963
-66.44254297711788
-66.43770396357576
-66.43287186463742
-66.42804668486825
-66.42322842879481
-66.41841710090492
-66.41361270564754
-66.40881524743288
-66.40402473063236
-66.3992411595786
-66.39446453856539
-66.38969487184781
-66.3849321636421
-66.38017641812577
-66.37542763943755
-66.37068583167739
-66.36595099890654
-66.36122314514746
-66.35650227438391
-66.3517883905609
-66.34708149758472
-66.34238159932293
-66.33768869960439
-66.33300280221921
-66.32832391091884
-66.32365202941601
-66.31898716138478
-66.31432931046051
-66.30967848023991
-66.30503467428103
-66.30039789610332
-66.29576814918752
-66.2911454369758
-66.28652976287168
-66.28192113024008
-66.27731954240731
-66.27272500266109
-66.26813751425054
-66.26355708038624
-66.25898370424015
-66.25441738894575
-66.24985813759797
-66.24530595325317
-66.24076083892925
-66.23622279760556
-66.231691832223
-66.22716794568402
-66.22265114085258
-66.21814142055428
-66.2136387875763
-66.20914324466746
-66.20465479453819
-66.20017343986054
-66.19569918326823
-66.19123202735663
-66.18677197468276
-66.18231902776532
-66.1778731890847
-66.17343446108305
-66.16900284616415
-66.16457834669353
-66.16016096499847
-66.15575070336799
-66.1513475640529
-66.14695154926584
-66.14256266118127
-66.13818090193553
-66.13380627362679
-66.12943877831516
-66.12507841802267
-66.12072519473328
-66.11637911039294
-66.11204016690958
-66.10770836615315
-66.10338370995574
-66.09906620011158
-66.09475583837703
-66.0904526264706
-66.086156566073
-66.08186765882716
-66.07758590633827
-66.07331131017372
-66.0690438718632
-66.06478359289868
-66.06053047473446
-66.05628451878718
-66.05204572643584
-66.04781409902183
-66.04358963784901
-66.03937234418365
-66.03516221925453
-66.03095926425293
-66.02676348033252
-66.02257486860954
-66.01839343016282
-66.01421916603388
-66.01005207722696
-66.00589216470901
-66.00173942940972
-65.9975938722216
-65.99345549314533
-65.9893242919584
-65.98520026890009
-65.98108342440528
-65.9769737589981
-65.97287127324205
-65.96877596771334
-65.96468784298519
-65.96060689961776
-65.95653313815143
-65.95246655910195
-65.94840716295695
-65.94435495017346
-65.94030992117595
-65.93627207635492
-65.93224141606586
-65.92821794062843
-65.92420165032617
-65.92019254540624
-65.91619062607883
-65.91219589251679
-65.90820834485542
-65.90422798319241
-65.90025480758776
-65.89628881806375
-65.89233001460507
-65.8883783971587
-65.88443396563414
-65.88049671990336
-65.87656665980096
-65.8726437851242
-65.86872809563317
-65.86481959105087
-65.86091827106326
-65.8570241353201
-65.85313718343544
-65.84925741498651
-65.84538482951375
-65.84151942652083
-65.83766120547494
-65.83381016580677
-65.82996630691072
-65.826129628145
-65.82230012883596
-65.81847780827353
-65.81466266571056
-65.81085470036358
-65.80705391141305
-65.80326029800361
-65.79947385924456
-65.79569459421165
-65.79192250194578
-65.7881575814526
-65.78439983170243
-65.78064925163028
-65.77690584013585
-65.7731695960837
-65.76944051830323
-65.76571860558882
-65.7620038566999
-65.75829627036104
-65.75459584526205
-65.75090258005798
-65.7472164733693
-65.74353752378192
-65.73986572984728
-65.73620109008239
-65.73254360296998
-65.72889326695851
-65.72525008046225
-65.72161404186136
-65.717985149502
-65.71436340169636
-65.71074879672292
-65.70714133282648
-65.70354100821818
-65.69994782107554
-65.6963617695425
-65.69278285172952
-65.6892110657136
-65.68564640953845
-65.68208888121453
-65.678538478719
-65.67499519999583
-65.67145904295585
-65.66793000547685
-65.66440808540375
-65.66089328054862
-65.65738558869079
-65.65388500757683
-65.6503915349207
-65.64690516840375
-65.64342590567482
-65.63995374435038
-65.63648868201457
-65.6330307162193
-65.62957984448425
-65.62613606429703
-65.62269937311318
-65.61926976835629
-65.61584724741805
-65.61243180765828
-65.60902344640509
-65.60562216095484
-65.60222794857224
-65.59884080649043
-65.59546073191105
-65.59208772200428
-65.58872177390896
-65.58536288473259
-65.58201105155146
-65.5786662714107
-65.57532854132435
-65.57199785827545
-65.56867421921612
-65.56535762106758
-65.56204806072029
-65.55874553503399
-65.55545004083783
-65.55216157493035
-65.54888013407965
-65.54560571502344
-65.54233831446909
-65.53907792909372
-65.53582455554432
-65.5325781904378
-65.52933883036103
-65.52610647187097
-65.52288111149475
-65.51966274572973
-65.51645137104356
-65.51324698387427
-65.51004958063041
-65.50685915769103
-65.50367571140583
-65.50049923809523
-65.49732973405042
-65.49416719553348
-65.49101161877742
-65.48786299998629
-65.48472133533525
-65.48158662097066
-65.47845885301015
-65.47533802754273
-65.47222414062882
-65.46911718830037
-65.46601716656096
-65.46292407138581
-65.45983789872196
-65.45675864448826
-65.45368630457554
-65.4506208748466
-65.44756235113641
-65.44451072925206
-65.44146600497294
-65.4384281740508
-65.43539723220984
-65.43237317514676
-65.4293559985309
-65.42634569800424
-65.42334226918162
-65.42034570765067
-65.417356008972
-65.41437316867928
-65.41139718227925
-65.40842804525188
-65.40546575305046
-65.40251030110161
-65.39956168480546
-65.39661989953565
-65.39368494063949
-65.39075680343801
-65.38783548322606
-65.38492097527237
-65.38201327481968
-65.37911237708481
-65.37621827725872
-65.37333097050663
-65.37045045196814
-65.36757671675721
-65.3647097599624
-65.36184957664678
-65.3589961618482
-65.35614951057923
-65.35330961782736
-65.35047647855502
-65.3476500876997
-65.34483044017401
-65.3420175308658
-65.33921135463824
-65.33641190632991
-65.3336191807549
-65.33083317270284
-65.3280538769391
-65.32528128820476
-65.32251540121682
-65.31975621066819
-65.31700371122781
-65.31425789754077
-65.31151876422837
-65.30878630588823
-65.30606051709437
-65.30334139239729
-65.30062892632408
-65.29792311337852
-65.29522394804113
-65.29253142476931
-65.2898455379974
-65.28716628213677
-65.28449365157593
-65.28182764068063
-65.2791682437939
-65.27651545523622
-65.27386926930554
-65.2712296802774
-65.26859668240506
-65.26597026991956
-65.2633504370298
-65.26073717792265
-65.25813048676308
-65.2555303576942
-65.25293678483737
-65.25034976229232
-65.24776928413716
-65.2451953444286
-65.2426279372019
-65.24006705647109
-65.23751269622898
-65.23496485044726
-65.23242351307661
-65.2298886780468
-65.2273603392668
-65.22483849062478
-65.22232312598831
-65.21981423920441
-65.21731182409962
-65.21481587448017
-65.21232638413194
-65.20984334682073
-65.2073667562922
-65.20489660627204
-65.20243289046607
-65.1999756025603
-65.19752473622103
-65.19508028509495
-65.19264224280926
-65.19021060297173
-65.18778535917083
-65.18536650497576
-65.18295403393664
-65.1805479395845
-65.17814821543145
-65.17575485497075
-65.17336785167689
-65.1709871990057
-65.16861289039441
-65.16624491926181
-65.16388327900827
-65.16152796301587
-65.15917896464849
-65.1568362772519
-65.15449989415384
-65.15216980866414
-65.14984601407478
-65.14752850366003
-65.14521727067648
-65.14291230836321
-65.14061360994181
-65.13832116861656
-65.13603497757445
-65.13375502998534
-65.13148131900196
-65.1292138377601
-65.12695257937867
-65.12469753695974
-65.12244870358873
-65.1202060723344
-65.117969636249
-65.11573938836837
-65.11351532171199
-65.11129742928311
-65.10908570406883
-65.10688013904017
-65.10468072715219
-65.10248746134408
-65.10030033453926
-65.09811933964542
-65.0959444695547
-65.09377571714369
-65.09161307527359
-65.08945653679027
-65.08730609452437
-65.0851617412914
-65.08302346989183
-65.08089127311116
-65.07876514372005
-65.07664507447436
-65.0745310581153
-65.07242308736949
-65.07032115494906
-65.06822525355173
-65.06613537586094
-65.06405151454591
-65.06197366226178
-65.05990181164967
-65.05783595533678
-65.0557760859365
-65.05372219604845
-65.05167427825866
-65.04963232513953
-65.04759632925003
-65.04556628313574
-65.04354217932894
-65.04152401034871
-65.039511768701
-65.03750544687877
-65.03550503736201
-65.03351053261788
-65.03152192510079
-65.02953920725247
-65.0275623715021
-65.02559141026634
-65.0236263159495
-65.02166708094354
-65.01971369762825
-65.01776615837124
-65.01582445552816
-65.01388858144264
-65.01195852844648
-65.01003428885974
-65.00811585499079
-65.00620321913638
-65.0042963735818
-65.00239531060089
-65.00050002245622
-64.99861050139911
-64.99672673966973
-64.99484872949716
-64.99297646309958
-64.99110993268425
-64.98924913044766
-64.98739404857558
-64.98554467924319
-64.98370101461514
-64.98186304684562
-64.98003076807848
-64.97820417044733
-64.97638324607556
-64.97456798707653
-64.97275838555355
-64.97095443360003
-64.96915612329957
-64.967363446726
-64.96557639594351
-64.96379496300675
-64.96201913996084
-64.9602489188416
-64.95848429167552
-64.95672525047993
-64.95497178726312
-64.95322389402429
-64.95148156275373
-64.94974478543286
-64.94801355403432
-64.94628786052205
-64.94456769685135
-64.94285305496899
-64.94114392681333
-64.93944030431427
-64.9377421793935
-64.93604954396447
-64.93436238993253
-64.93268070919498
-64.93100449364117
-64.92933373515257
-64.92766842560289
-64.92600855685811
-64.92435412077661
-64.92270510920923
-64.92106151399936
-64.91942332698301
-64.9177905399889
-64.91616314483855
-64.91454113334636
-64.91292449731968
-64.91131322855891
-64.90970731885757
-64.90810676000238
-64.90651154377333
-64.90492166194382
-64.90333710628062
-64.90175786854411
-64.90018394048822
-64.89861531386057
-64.89705198040261
-64.89549393184956
-64.89394115993059
-64.89239365636892
-64.89085141288182
-64.88931442118071
-64.8877826729713
-64.8862561599536
-64.88473487382205
-64.88321880626555
-64.88170794896755
-64.88020229360616
-64.87870183185422
-64.87720655537935
-64.87571645584403
-64.87423152490574
-64.87275175421694
-64.8712771354252
-64.86980766017332
-64.86834332009931
-64.86688410683654
-64.86543001201382
-64.86398102725549
-64.86253714418157
-64.8610983544078
-64.85966464954564
-64.85823602120239
-64.85681246098123
-64.8553939604813
-64.85398051129772
-64.85257210502174
-64.85116873324074
-64.84977038753837
-64.84837705949457
-64.84698874068566
-64.84560542268443
-64.8442270970602
-64.84285375537888
-64.84148538920309
-64.84012199009216
-64.83876354960226
-64.8374100592865
-64.83606151069488
-64.8347178953745
-64.83337920486957
-64.83204543072145
-64.8307165644688
-64.82939259764758
-64.82807352179114
-64.82675932843033
-64.8254500090935
-64.82414555530666
-64.82284595859346
-64.8215512104753
-64.82026130247145
-64.81897622609902
-64.81769597287311
-64.81642053430683
-64.81514990191141
-64.81388406719623
-64.81262302166893
-64.81136675683545
-64.8101152642001
-64.80886853526563
-64.8076265615333
-64.80638933450305
-64.80515684567357
-64.80392908654237
-64.80270604860578
-64.80148772335905
-64.80027410229626
-64.7990651769105
-64.79786093869389
-64.79666137913765
-64.79546648973215
-64.79427626196701
-64.79309068733117
-64.7919097573129
-64.7907334633999
-64.78956179707941
-64.78839474983819
-64.78723231316263
-64.78607447853882
-64.78492123745261
-64.78377258138966
-64.7826285018355
-64.78148899027565
-64.78035403819558
-64.77922363708089
-64.77809777841726
-64.77697645369061
-64.77585965438708
-64.77474737199317
-64.77363959799574
-64.7725363238821
-64.77143754114006
-64.77034324125802
-64.76925341572499
-64.76816805603066
-64.76708715366549
-64.76601070012072
-64.76493868688848
-64.76387110546186
-64.76280794733489
-64.76174920400267
-64.76069486696139
-64.75964492770844
-64.75859937774239
-64.75755820856313
-64.75652141167188
-64.75548897857128
-64.75446090076538
-64.75343716975978
-64.75241777706165
-64.75140271417979
-64.75039197262478
-64.74938554390913
-64.7483834195473
-64.74738559105565
-64.74639204995245
-64.74540278775785
-64.74441779599401
-64.74343706618512
-64.7424605898575
-64.74148835853961
-64.74052036376219
-64.73955659705821
-64.73859704996305
-64.73764171401442
-64.73669058075252
-64.73574364172006
-64.7348008884623
-64.73386231252711
-64.73292790546503
-64.73199765882936
-64.7310715641761
-64.73014961306414
-64.72923179705522
-64.72831810771402
-64.72740853660818
-64.72650307530841
-64.72560171538849
-64.72470444842531
-64.72381126599899
-64.72292215969286
-64.72203712109471
-64.72115614179556
-64.7202792133895
-64.71940632747393
-64.71853747564968
-64.71767264952103
-64.71681184069585
-64.7159550407856
-64.7151022414054
-64.71425343417411
-64.71340861071434
-64.71256776265253
-64.71173088161898
-64.7108979592479
-64.7100689871775
-64.70924395704994
-64.7084228605115
-64.70760568921257
-64.70679243480767
-64.7059830889555
-64.70517764331909
-64.70437608956568
-64.70357841936693
-64.70278462439884
-64.70199469634186
-64.70120862688091
-64.70042640770548
-64.69964803050958
-64.69887348699184
-64.69810276885559
-64.69733586780882
-64.69657277556429
-64.69581348383956
-64.69505798435698
-64.69430626884383
-64.69355832903229
-64.69281415665948
-64.69207374346757
-64.69133708120376
-64.69060416162033
-64.6898749764747
-64.68914951752947
-64.68842777655244
-64.6877097453167
-64.6869954156006
-64.68628477918787
-64.68557782786758
-64.68487455343424
-64.68417494768782
-64.6834790024338
-64.6827867094832
-64.6820980606526
-64.68141304776424
-64.68073166264597
-64.68005389713137
-64.67937974305976
-64.67870919227622
-64.67804223663167
-64.67737886798287
-64.67671907819246
-64.67606285912903
-64.67541020266714
-64.67476110068749
-64.67411554507723
-64.67347352772966
-64.6728350405442
-64.67220007542647
-64.67156862428824
-64.67094067904752
-64.67031623162853
-64.66969527396179
-64.66907779798412
-64.66846379563866
-64.66785325887497
-64.66724617964903
-64.66664254992322
-64.6660423616665
-64.66544560685429
-64.66485227746863
-64.66426236549809
-64.66367586293794
-64.66309276179007
-64.66251305406311
-64.66193673177241
-64.6613637869401
-64.66079421159509
-64.66022799777313
-64.65966513751688
-64.65910562287586
-64.65854944590652
-64.65799659867233
-64.6574470732437
-64.6569008616981
-64.65635795612009
-64.65581834860126
-64.65528203124038
-64.65474899614335
-64.65421923542328
-64.65369274120047
-64.65316950560249
-64.65264952076417
-64.65213277882769
-64.65161927194254
-64.65110899226555
-64.65060193196102
-64.65009808320063
-64.64959743816352
-64.64909998903633
-64.64860572801321
-64.64811464729586
-64.64762673909354
-64.64714199562312
-64.64666040910909
-64.64618197178362
-64.64570667588653
-64.64523451366537
-64.64476547737543
-64.64429955927977
-64.64383675164923
-64.6433770467625
-64.64292043690605
-64.64246691437431
-64.64201647146955
-64.64156910050198
-64.64112479378977
-64.64068354365907
-64.640245342444
-64.63981018248676
-64.63937805613755
-64.63894895575469
-64.6385228737046
-64.63809980236184
-64.63767973410908
-64.63726266133725
-64.63684857644537
-64.63643747184078
-64.63602933993901
-64.63562417316389
-64.63522196394753
-64.63482270473035
-64.63442638796114
-64.63403300609703
-64.63364255160353
-64.63325501695458
-64.63287039463253
-64.63248867712821
-64.6321098569409
-64.63173392657839
-64.631360878557
-64.63099070540159
-64.63062339964554
-64.6302589538309
-64.62989736050825
-64.62953861223684
-64.62918270158454
-64.6288296211279
-64.62847936345217
-64.62813192115128
-64.62778728682791
-64.6274454530935
-64.62710641256824
-64.6267701578811
-64.62643668166989
-64.6261059765812
-64.62577803527053
-64.62545285040218
-64.62513041464938
-64.62481072069423
-64.62449376122778
-64.62417952895002
-64.62386801656989
-64.62355921680529
-64.62325312238315
-64.62294972603938
-64.62264902051896
-64.62235099857588
-64.62205565297322
-64.62176297648311
-64.62147296188682
-64.6211856019747
-64.62090088954626
-64.62061881741015
-64.62033937838417
-64.62006256529531
-64.61978837097976
-64.61951678828292
-64.61924781005942
-64.61898142917313
-64.6187176384972
-64.61845643091402
-64.6181977993153
-64.61794173660205
-64.61768823568458
-64.61743728948255
-64.617188890925
-64.61694303295026
-64.61669970850612
-64.61645891054972
-64.6162206320476
-64.61598486597575
-64.61575160531957
-64.61552084307392
-64.61529257224312
-64.61506678584097
-64.61484347689074
-64.61462263842522
-64.6144042634867
-64.61418834512703
-64.61397487640757
-64.61376385039922
-64.6135552601825
-64.61334909884742
-64.61314535949367
-64.6129440352305
-64.61274511917675
-64.61254860446094
-64.61235448422117
-64.61216275160524
-64.61197339977056
-64.61178642188426
-64.61160181112311
-64.61141956067358
-64.61123966373188
-64.61106211350388
-64.61088690320521
-64.61071402606123
-64.61054347530704
-64.6103752441875
-64.61020932595721
-64.61004571388061
-64.60988440123185
-64.60972538129492
-64.60956864736359
-64.60941419274147
-64.60926201074197
-64.60911209468836
-64.6089644379137
-64.60881903376095
-64.60867587558292
-64.60853495674228
-64.60839627061155
-64.60825981057319
-64.6081255700195
-64.60799354235272
-64.60786372098497
-64.6077360993383
-64.60761067084469
-64.60748742894606
-64.60736636709423
-64.60724747875102
-64.60713075738816
-64.60701619648738
-64.60690378954035
-64.60679353004873
-64.60668541152417
-64.60657942748828
-64.6064755714727
-64.60637383701905
-64.60627421767899
-64.60617670701416
-64.60608129859622
-64.60598798600691
-64.60589676283796
-64.60580762269113
-64.60572055917827
-64.60563556592123
-64.60555263655196
-64.60547176471245
-64.60539294405476
-64.60531616824103
-64.60524143094348
-64.6051687258444
-64.60509804663616
-64.60502938702125
-64.60496274071222
-64.60489810143179
-64.6048354629127
-64.60477481889787
-64.60471616314027
-64.60465948940305
-64.60460479145945
-64.60455206309285
-64.60450129809675
-64.6044524902748
-64.60440563344075
-64.60436072141854
-64.60431774804223
-64.60427670715603
-64.6042375926143
-64.60420039828155
-64.60416511803245
-64.60413174575187
-64.60410027533477
-64.60407070068634
-64.60404301572189
-64.60401721436693
-64.60399329055716
-64.6039712382384
-64.6039510513667
-64.60393272390827
-64.6039162498395
-64.60390162314697
-64.60388883782744
-64.60387788788788
-64.6038687673454
-64.60386147022734
-64.60385599057125
-64.60385232242483
-64.60385045984599
-64.60385039690284
-64.60385212767369
-64.60385564624706
-64.60386094672164
-64.60386802320635
-64.60387686982027
-64.60388748069273
-64.60389984996326
-64.60391397178154
-64.6039298403075
-64.60394744971127
-64.60396679417316
-64.60398786788372
-64.60401066504365
-64.60403517986391
-64.60406140656563
-64.60408933938017
-64.60411897254906
-64.60415030032406
-64.60418331696712
-64.6042180167504
-64.60425439395624
-64.60429244287721
-64.60433215781606
-64.60437353308575
-64.60441656300942
-64.60446124192045
-64.60450756416235
-64.60455552408888
-64.60460511606398
-64.60465633446177
-64.60470917366655
-64.60476362807286
-64.60481969208537
-64.60487736011896
-64.6049366265987
-64.60499748595984
-64.6050599326478
-64.60512396111818
-64.60518956583678
-64.60525674127953
-64.60532548193258
-64.6053957822922
-64.60546763686489
-64.60554104016725
-64.6056159867261
-64.60569247107837
-64.60577048777118
-64.6058500313618
-64.60593109641762
-64.60601367751623
-64.60609776924534
-64.6061833662028
-64.6062704629966
-64.60635905424488
-64.6064491345759
-64.60654069862805
-64.60663374104986
-64.60672825649998
-64.60682423964717
-64.6069216851703
-64.6070205877584
-64.60712094211056
-64.60722274293596
-64.60732598495396
-64.60743066289393
-64.6075367714954
-64.60764430550796
-64.60775325969128
-64.60786362881512
-64.60797540765932
-64.60808859101381
-64.60820317367855
-64.60831915046357
-64.60843651618902
-64.60855526568503
-64.6086753937918
-64.6087968953596
-64.60891976524874
-64.60904399832955
-64.60916958948239
-64.60929653359764
-64.60942482557574
-64.60955446032712
-64.6096854327722
-64.60981773784145
-64.60995137047533
-64.61008632562427
-64.61022259824871
-64.61036018331909
-64.6104990758158
-64.61063927072922
-64.61078076305971
-64.61092362932878
-64.61106826973153
-64.61121581990237
-64.61136867200355
-64.61153101186189
-64.6117092822934
-64.61191250786605
-64.61215244817112
-64.61244357538473
-64.61280289302417
-64.61324962555378
-64.61380481404184
-64.6144908532959
-64.61533100269963
-64.61634889790591
-64.61756808476542
-64.61901159115885
-64.62070154721263
-64.62265885994556
-64.62490294479063
-64.62745151364268
-64.63032041702012
-64.63352353649653
-64.63707272264483
-64.64097777323832
-64.64524644627402
-64.64988450244304
-64.65489577190134
-64.66028224054043
-64.6660441513628
-64.67218011702454
-64.67868724007343
-64.68556123786317
-64.69279656956245
-64.70038656308667
-64.70832354015681
-64.71659893803013
-64.72520342675135
-64.73412702104314
-64.74335918618871
-64.75288893742702
-64.76270493262427
-64.77279555806645
-64.78314900735838
-64.79375335351224
-64.80459661437487
-64.81566681162488
-64.8269520236038
-64.83844043228173
-64.8501203646825
-64.86198032910795
-64.87400904650889
-64.88619547735115
-64.89852884432287
-64.91099865121987
-64.92359469833515
-64.93630709466858
-64.94912626725684
-64.96204296790782
-64.97504827760723
-64.9881336088483
-65.0012907061187
-65.01451164476214
-65.02778882841633
-65.04111498521138
-65.05448316289856
-65.0671228043692
-65.07847093654277
-65.08830781505183
-65.09656986985054
-65.10327220845927
-65.10847140760656
-65.11224578351084
-65.11468428611546
-65.11588003566553
-65.11592650298584
-65.1149152519233
-65.11293462822361
-65.11006903159266
-65.1063985509361
-65.10199882680918
-65.09694105570323
-65.09129208189395
-65.08511454202291
-65.07846703992043
-65.07140433710214
-65.06397754951261
-65.05623434445533
-65.04821913386591
-65.03997326155384
-65.03153518301261
-65.0229406370448
-65.0142228088765
-65.00541248471508
-64.99653819788574
-64.98762636679535
-64.97870142504065
-64.96978594401521
-64.96090074838673
-64.95206502481997
-64.9432964243154
-64.93461115852256
-64.92602409037328
-64.91754881936376
-64.90919776179749
-64.90098222628421
-64.89291248477316
-64.88499783938262
-64.87724668527227
-64.86966656979017
-64.86226424811215
-64.85504573557837
-64.84801635691922
-64.84118079255177
-64.83454312211636
-64.82810686541352
-64.82187502089151
-64.81585010182594
-64.81003417032488
-64.80442886928458
-64.79903545241426
-64.79385481244096
-64.78888750759953
-64.78413378650637
-64.77959361150995
-64.77526668060578
-64.77115244799901
-64.76725014339236
-64.76355879007322
-64.76007722186932
-64.75680409903865
-64.75373792315489
-64.75087705104653
-64.74821970784511
-64.7457639991944
-64.74350792266954
-64.74144937845217
-64.73958617930525
-64.73791605988845
-64.73643668545321
-64.73514565995448
-64.73404053361213
-64.73311880995556
-64.73237795238273
-64.7318153902623
-64.73142852460605
-64.73121473333761
-64.73117137618173
-64.73129579919703
-64.73158533897397
-64.73203732651857
-64.73264909084085
-64.7334179622666
-64.73434127548923
-64.73541637237803
-64.73664060455815
-64.7380113357764
-64.7395259440668
-64.7411818237281
-64.7429763871258
-64.74490706632973
-64.74697131459781
-64.74916660771636
-64.75149044520647
-64.75394035140398
-64.75651387642284
-64.75920859700963
-64.76202211729637
-64.76495206945873
-64.76799611428603
-64.77115194166943
-64.77441727101383
-64.77778985157923
-64.78126746275647
-64.78484791428225
-64.7885290463979
-64.79230872995623
-64.79618486648039
-64.80015538817841
-64.8042182579171
-64.80837146915837
-64.81261304586128
-64.81694104235254
-64.82135354316819
-64.82584866286956
-64.83042454583465
-64.83507936602776
-64.83981132674961
-64.84461866036985
-64.84949962804359
-64.85445251941394
-64.85947565230171
-64.86456737238399
-64.86972605286299
-64.8749500941262
-64.88023792339928
-64.88558799439252
-64.89099878694223
-64.89646880664762
-64.9019965845043
-64.90758067653519
-64.91321966341954
-64.91891215012083
-64.92465676551392
-64.93045216201199
-64.93629701519419
-64.94219002343414
-64.94812990753012
-64.95411541033704
-64.96014529640067
-64.96621835159456
-64.97233338275979
-64.97848921734794
-64.98468470306759
-64.99091870753426
-64.99719011792452
-65.00349784063387
-65.00984080093905
-65.01621794266451
-65.0226282278535
-65.02907063644362
-65.03554416594709
-65.04204783113568
-65.04858066373058
-65.05514171209691
-65.06173004094329
-65.06834473102619
-65.07498487885928
-65.08164959642782
-65.08833801090769
-65.09504926438952
-65.10178251360762
-65.10853692967383
-65.1153116978162
-65.12210601712245
-65.12891910028831
-65.13575017337054
-65.1425984755446
-65.14946325886707
-65.15634378804253
-65.1632393401951
-65.17014920464435
-65.17707268268565
-65.18400908737495
-65.19095774331771
-65.19791798646219
-65.20488916389684
-65.21187063365193
-65.21886176450506
-65.22586193579058
-65.23287053721285
-65.2398869686634
-65.24691064004172
-65.25394097107979
-65.26097739117027
-65.26801933919818
-65.27506626337603
-65.28211762108239
-65.28917287870375
-65.2962315114796
-65.30329300335082
-65.31035684681108
-65.31742254276135
-65.32448960036744
-65.33155753692041
-65.33862587769991
-65.34569415584025
-65.35276191219933
-65.35982869523016
-65.36689406085509
-65.37395757234245
-65.38101880018588
-65.38807732198605
-65.39513272233468
-65.40218459270116
-65.40923253132117
-65.41627614308774
-65.42331503944467
-65.43034883828187
-65.43737716383274
-65.4443996465734
-65.4514159231242
-65.45842563615288
-65.46542843427994
-65.47242397198568
-65.47941190951907
-65.48639191280856
-65.4933636533744
-65.50032680824282
-65.50728105986174
-65.51422609601819
-65.52116160975721
-65.52808729930238
-65.53500286797777
-65.54190802413137
-65.54880248106
-65.55568595693552
-65.56255817473254
-65.56941886215733
-65.5762677515781
-65.58310457995651
-65.58992908878051
-65.59674102399818
-65.60354013595304
-65.6103261793203
-65.61709891304434
-65.6238581002773
-65.6306035083187
-65.63733490855616
-65.64405207640709
-65.65075479126148
-65.65744283642555
-65.66411599906648
-65.67077407015803
-65.67741684442701
-65.68404412030081
-65.69065569985565
-65.6972513887658
-65.70383099625357
-65.71039433504014
-65.71694122129722
-65.72347147459948
-65.72998491787922
-65.73648137738192
-65.74296068261887
-65.7494226663218
-65.75586716439871
-65.76229401589048
-65.76870306292844
-65.77509415069241
-65.78146712736958
-65.78782184411386
-65.794158155006
-65.80047591701424
-65.80677498995558
-65.81305523645761
-65.81931652192097
-65.82555871448223
-65.83178168497751
-65.83798530691034
-65.84416945641622
-65.85033401222157
-65.85647885561058
-65.86260387039191
-65.86870894286548
-65.87479396178963
-65.88085881834874
-65.88690340612122
-65.89292762104805
-65.89893136140206
-65.90491452775865
-65.9108770229637
-65.91681875210351
-65.92273962247542
-65.92863954355893
-65.93451842698714
-65.94037618651856
-65.94621273800931
-65.95202799938562
-65.95782189061684
-65.96359433368862
-65.96934525257659
-65.97507457322034
-65.9807822234977
-65.98646813319944
-65.99213223400426
-65.99777445945406
-66.00339474492964
-66.0089930264264
-66.01456924155319
-66.02012333034826
-66.02565523490456
-66.0311648992059
-66.0366522690381
-66.04211729193112
-66.04755991711585
-66.05298009548875
-66.05837777958118
-66.06375292353165
-66.06910548306016
-66.07443541544379
-66.07974267949405
-66.08502723553462
-66.0902890453801
-66.09552807231512
-66.10074428107409
-66.10593763782143
-66.11110811013215
-66.11625566697285
-66.12138027868323
-66.12648191695773
-66.13156055482729
-66.13661616664153
-66.14164872805102
-66.14665821598996
-66.15164460865896
-66.15660788550815
-66.16154802722049
-66.16646501569521
-66.17135883403155
-66.1762294665127
-66.18107689858981
-66.18590111686633
-66.19070210908248
-66.19547986409992
-66.20023437188667
-66.2049656235021
-66.20967361108215
-66.2143583278247
-66.2190197679751
-66.22365792681194
-66.22827280063285
-66.2328643867406
-66.23743268342928
-66.24197768997064
-66.24649940660066
-66.25099783450621
-66.25547297581184
-66.25992483356683
-66.26435341173229
-66.26875871516857
-66.27314074962264
-66.27749952171567
-66.28183503893068
-66.28614730960037
-66.29043634289512
-66.29470214881108
-66.29894473815848
-66.30316412254997
-66.3073603143892
-66.31153332685946
-66.31568317391249
-66.31980987025739
-66.32391343134968
-66.32799387338046
-66.33205121326574
-66.33608546863583
-66.34009665782489
-66.34408479986064
-66.34804991445407
-66.35199202198939
-66.35591114351405
-66.35980730072883
-66.36368051597812
-66.36753081224025
-66.371358213118
-66.37516274282915
-66.37894442619711
-66.3827032886418
-66.38643935617054
-66.39015265536896
-66.39384321339222
-66.39751105795615
-66.40115621732866
-66.40477872032112
-66.40837859627987
-66.41195587507784
-66.41551058710623
-66.4190427632663
-66.42255243496132
-66.42603963408844
-66.42950439303081
-66.43294674464978
-66.43636672227707
-66.4397643597072
-66.44313969118987
-66.4464927514225
-66.44982357554284
-66.45313219912165
-66.45641865815553
-66.45968298905971
-66.46292522866108
-66.46614541419113
-66.46934358327916
-66.47251977394535
-66.47567402459416
-66.47880637400758
-66.48191686133863
-66.48500552610481
-66.48807240818171
-66.49111754779663
-66.49414098552238
-66.49714276227097
-66.5001229192876
-66.50308149814457
-66.50601854073524
-66.50893408926822
-66.51182818626147
-66.51470087453653
-66.51755219721288
-66.5203821977022
-66.52319091970294
-66.52597840719469
-66.5287447044328
-66.53148985594298
-66.534213906516
-66.53691690120247
-66.53959888530761
-66.54225990438611
-66.54490000423715
-66.5475192308993
-66.55011763064563
-66.55269524997884
-66.5552521356264
-66.55778833453579
-66.5603038938698
-66.56279886100187
-66.56527328351152
-66.56772720917975
-66.57016068598466
-66.57257376209691
-66.57496648587542
-66.57733890586302
-66.57969107078218
-66.5820230295308
-66.58433483117808
-66.58662652496034
-66.58889816027698
-66.59114978668647
-66.59338145390241
-66.59559321178955
-66.59778511035998
-66.59995719976926
-66.60210953031273
-66.60424215242168
-66.60635511665974
-66.60844847371925
-66.61052227441772
-66.61257656969426
-66.61461141060607
-66.61662684832497
-66.61862293413395
-66.62059971942385
-66.62255725568998
-66.62449559452887
-66.62641478763497
-66.62831488679754
-66.63019594389739
-66.63205801090382
-66.6339011398715
-66.63572538293745
-66.63753079231806
-66.63931742030609
-66.64108531926772
-66.64283454163973
-66.64456513992661
-66.64627716669774
-66.64797067458464
-66.64964571627817
-66.65130234452593
-66.65294061212948
-66.65456057194179
-66.65616227686456
-66.65774577984575
-66.65931113387697
-66.66085839199103
-66.66238760725943
-66.66389883279
-66.66539212172442
-66.66686752723592
-66.66832510252688
-66.6697649008266
-66.67118697538899
-66.6725913794903
-66.67397816642696
-66.67534738951339
-66.67669910207982
-66.6780333574702
-66.67935020904008
-66.68064971015457
-66.6819319141863
-66.68319687451338
-66.68444464451751
-66.68567527758192
-66.68688882708952
-66.68808534642096
-66.68926488895282
-66.69042750805568
-66.69157325709237
-66.69270218941618
-66.69381435836902
-66.6949098172798
-66.69598861946255
-66.69705081821493
-66.69809646681641
-66.69912561852668
-66.70013832658402
-66.70113464420376
-66.70211462457662
-66.70307832086723
-66.7040257862126
-66.70495707372054
-66.70587223646831
-66.70677132750106
-66.70765439983043
-66.70852150643314
-66.70937270024957
-66.71020803418244
-66.71102756109538
-66.71183133381167
-66.71261940511293
-66.71339182773777
-66.71414865438055
-66.71488993769019
-66.71561573026881
-66.71632608467065
-66.71702105340084
-66.71770068891414
-66.71836504361391
-66.71901416985091
-66.7196481199222
-66.72026694607
-66.72087070048069
-66.72145943528368
-66.72203320255036
-66.72259205429313
-66.72313604246435
-66.7236652189553
-66.72417963559532
-66.72467934415072
-66.7251643963239
-66.72563484375245
-66.72609073800812
-66.72653213059611
-66.72695907295397
-66.72737161645092
-66.72776981238687
-66.72815371199164
-66.72852336642416
-66.72887882677158
-66.72922014404858
-66.72954736919651
-66.72986055308267
-66.73015974649955
-66.73044500016408
-66.73071636471693
-66.73097389072177
-66.7312176286646
-66.73144762895305
-66.73166394191574
-66.73186661780159
-66.73205570677918
-66.73223125893614
-66.7323933242785
-66.73254195273013
-66.73267719413207
-66.73279909824203
-66.73290771473377
-66.73300309319653
-66.73308528313454
-66.73315433396643
-66.73321029502469
-66.73325321555525
-66.73328314471686
-66.73330013158069
-66.73330422512979
-66.73329547425863
-66.73327392777267
-66.73323963438789
-66.73319264273032
-66.73313300133567
-66.73306075864886
-66.73297596302365
-66.7328786627222
-66.73276890591468
-66.73264674067896
-66.73251221500013
-66.73236537677022
-66.7322062737878
-66.73203495375768
-66.73185146429051
-66.73165585290252
-66.73144816701516
-66.73122845395481
-66.73099676095245
-66.7307531351434
-66.73049762356703
-66.73023027316646
-66.7299511307883
-66.72966024318241
-66.72935765700164
-66.72904341880155
-66.72871757504024
-66.72838017207802
-66.72803125617729
-66.72767087350228
-66.7272990701188
-66.72691589199414
-66.72652138499677
-66.72611559489621
-66.72569856736284
-66.72527034796774
-66.72483098218247
-66.72438051537897
-66.72391899282938
-66.7234464597059
-66.72296296108063
-66.72246854192542
-66.72196324711184
-66.72144712141093
-66.72092020949313
-66.72038255592821
-66.71983420518511
-66.71927520163186
-66.71870558953549
-66.71812541306193
-66.71753471627595
-66.71693354314104
-66.7163219375194
-66.71569994317178
-66.71506760375753
-66.71442496283446
-66.7137720638588
-66.71310895018519
-66.71243566506661
-66.71175225165433
-66.71105875299791
-66.71035521204516
-66.70964167164209
-66.70891817453291
-66.70818476336005
-66.70744148066412
-66.70668836888383
-66.70592547035615
-66.70515282731618
-66.7043704818972
-66.70357847613067
-66.70277685194627
-66.70196565117189
-66.70114491553369
-66.70031468665606
-66.6994750060617
-66.69862591517168
-66.69776745530538
-66.69689966768064
-66.69602259341373
-66.69513627351944
-66.69424074891108
-66.69333606040064
-66.6924222486987
-66.69149935441462
-66.69056741805652
-66.68962648003141
-66.68867658064521
-66.68771776010286
-66.68675005850837
-66.68577351586494
-66.68478817207505
-66.68379406694054
-66.68279124016273
-66.68093934474042
-66.67769452765967
-66.67285008210719
-66.66635359937686
-66.65823053014758
-66.64854722522276
-66.63739125442993
-66.62486030790784
-66.61105573770236
-66.59607874874553
-66.58002815738489
-66.56299909991796
-66.54508232621258
-66.5263638571954
-66.50692486944776
-66.48684172105241
-66.46618606414624
-66.44502500921773
-66.42342131861281
-66.40143361468807
-66.37911659322299
-66.35652123608328
-66.33369501935272
-66.31068211461974
-66.28752358207781
-66.26425755474159
-66.2409194135034
-66.21754195302992
-66.1941555386747
-66.17078825469132
-66.14746604409578
-66.12421284056076
-66.10105069273817
-66.07799988140725
-66.05507902983679
-66.03230520774123
-66.00969402919016
-65.98725974481421
-65.96501532412792
-65.94297254070139
-65.9211420529815
-65.89953347531196
-65.87815544557098
-65.85701568911279
-65.83612107906245
-65.81547769310917
-65.79509086698927
-65.77496524478076
-65.75510482623453
-65.73551301128983
-65.7161926419364
-65.69714604157247
-65.67837505199296
-65.65988106814513
-65.64166507077736
-65.6237276571006
-65.6060690695748
-65.58868922292723
-65.57158772950304
-65.55476392304317
-65.53821688097915
-65.52194544533015
-65.50594824228244
-65.49022370052708
-65.47477006842757
-65.4595854300852
-65.444667720366
-65.43001473894996
-65.41562416345947
-65.40149356172093
-65.38762040321065
-65.37400206973311
-65.36063586537688
-65.34751902579137
-65.33464872682478
-65.3220220925615
-65.3096362027951
-65.29748809997109
-65.28557479563129
-65.2738932763905
-65.26244050947388
-65.25121344784205
-65.24020903492944
-65.22942420901973
-65.21885590728125
-65.20850106948343
-65.19835664141449
-65.18841957801935
-65.17868684627553
-65.1691554278239
-65.15982232137003
-65.1506845448712
-65.14173913752283
-65.13298316155793
-65.12441370387147
-65.11602787748191
-65.10782282284052
-65.09979570899888
-65.09194373464449
-65.08426412901332
-65.07675415268812
-65.06941109829056
-65.06223229107447
-65.05521508942778
-65.04835688528945
-65.04165510448782
-65.03510720700613
-65.02871068718109
-65.02246307383903
-65.01636193037523
-65.01040485478026
-65.00458947961818
-64.9989134719601
-64.99337453327723
-64.98797039929656
-64.98269883982259
-64.97755765852823
-64.97254469271746
-64.96765781306271
-64.96289492331923
-64.9582539600187
-64.9537328921446
-64.94932972079087
-64.94504247880606
-64.94086923042457
-64.93680807088663
-64.93285712604848
-64.92901455198422
-64.92527853458053
-64.92164728912546
-64.91811905989253
-64.91469211972093
-64.91136476959292
-64.9081353382094
-64.90500218156411
-64.90196368251749
-64.89901825037086
-64.89616432044137
-64.8934003536384
-64.89072483604193
-64.88813627848332
-64.88563321612891
-64.88321420806695
-64.88087783689794
-64.87862270832906
-64.87644745077263
-64.87435071494907
-64.87233117349457
-64.87038752057347
-64.8685184714958
-64.86672276233993
-64.86499914958057
-64.8633464097221
-64.86176333893756
-64.86024875271306
-64.85880148549796
-64.85742039036066
-64.85610433865014
-64.8548522196633
-64.85366294031797
-64.85253542483179
-64.8514686144066
-64.85046146691892
-64.84951295661573
-64.8486220738162
-64.84778782461892
-64.84700923061473
-64.84628532860506
-64.84561517032576
-64.84499782217624
-64.84443236495416
-64.84391789359515
-64.84345351691792
-64.84303835737445
-64.84267155080526
-64.84235224619962
-64.84207960546075
-64.84185280317574
-64.8416710263904
-64.8415334743886
-64.84143935847632
-64.84138790177013
-64.84137833899007
-64.84140991625688
-64.8414818908935
-64.84159353123073
-64.84174411641692
-64.8419329362318
-64.84215929090409
-64.84242249093309
-64.84272185691384
-64.84305671936622
-64.84342641856738
-64.84383030438791
-64.84426773613136
-64.84473808237713
-64.8452407208267
-64.845775038153
-64.84634042985303
-64.84693630010356
-64.84756206161973
-64.84821713551663
-64.8489009511739
-64.84961294610288
-64.85035256581673
-64.85111926370308
-64.85191250089939
-64.85273174617076
-64.85357647579035
-64.85444617342213
-64.85534033000609
-64.85625844364566
-64.85720001949754
-64.8581645696636
-64.85915161308503
-64.86016067543855
-64.86119128903468
-64.86224299271801
-64.86331533176946
-64.86440785781042
-64.86552012870875
-64.86665170848663
-64.86780216723011
-64.8689710810005
-64.8701580317474
-64.8713626072233
-64.87258440089998
-64.87382301188627
-64.87507804484753
-64.87634910992642
-64.8776358226654
-64.8789378039304
-64.88025467983603
-64.88158608167211
-64.88293164583156
-64.88429101373949
-64.88566383178367
-64.88704975124621
-64.88844842823634
-64.88985952362455
-64.8912827029777
-64.89271763649543
-64.89416399894749
-64.89562146961227
-64.89708973221633
-64.898568474875
-64.90005739003391
-64.9015561744115
-64.90306452894256
-64.9045821587227
-64.90610877295359
-64.90764408488926
-64.90918781178326
-64.9107396748365
-64.91229939914619
-64.91386671365534
-64.91544135110321
-64.91702304797653
-64.91861154446146
-64.92020658439623
-64.92180791522465
-64.92341528795023
-64.92502845709107
-64.92664718063534
-64.92827121999753
-64.92990033997532
-64.93153430870709
-64.93317289763004
-64.93481588143902
-64.93646303804582
-64.93811414853914
-64.93976899714521
-64.94142737118878
-64.94308906105492
-64.9447538601511
-64.94642156487005
-64.94809197455298
-64.94976489145341
-64.9514401207014
-64.95311747026845
-64.95479675093267
-64.95647777624463
-64.95816036249353
-64.95984432867391
-64.96152949645281
-64.96321569013739
-64.96490273664287
-64.96659046546101
-64.96827870862897
-64.96996730069856
-64.97165607870593
-64.97334488214162
-64.975033552921
-64.97672193535522
-64.97840987612226
-64.98009722423872
-64.9817838310316
-64.98346955011077
-64.98515423734149
-64.98683775081754
-64.98851995083453
-64.99020069986358
-64.99187986252534
-64.99355730556434
-64.99523289782366
-64.99690651021986
-64.99857801571834
-65.00024728930885
-65.00191420798137
-65.0035786507024
-65.00524049839125
-65.00689963389696
-65.00855594197525
-65.01020930926582
-65.01185962426996
-65.0135067773284
-65.01515066059945
-65.01679116803727
-65.01842819537065
-65.02006164008175
-65.02169140138535
-65.02331738020818
-65.0249394791685
-65.02655760255601
-65.02817165631194
-65.02978154800935
-65.03138718683373
-65.0329884835637
-65.03458535055208
-65.0361777017071
-65.0377654524738
-65.03934851981572
-65.04092682219672
-65.0425002795631
-65.04406881332581
-65.04563234634297
-65.04719080290252
-65.04874410870511
-65.05029219084712
-65.05183497780396
-65.05337239941353
-65.05490438685976
-65.05643087265652
-65.05795179063156
-65.05946707591073
-65.06097666490228
-65.06248049528145
-65.06397850597509
-65.06547063714663
-65.06695683018104
-65.06843702767007
-65.06991117339764
-65.07137921232533
-65.0728410905781
-65.07429675543011
-65.07574615529083
-65.07718923969108
-65.07862595926946
-65.08005626575874
-65.08148011197251
-65.08289745179195
-65.0843082401527
-65.08571243303196
-65.08710998743562
-65.08850086138568
-65.08988501390763
-65.09126240501811
-65.09263299571266
-65.09399674795358
-65.09535362465795
-65.09670358968577
-65.09804660782827
-65.09938264479622
-65.10071166720857
-65.10203364258103
-65.10334853931488
-65.10465632668584
-65.1059569748331
-65.10725045474851
-65.10853673826574
-65.10981579804975
-65.11108760758623
-65.11235214117117
-65.1136093739007
-65.11485928166077
-65.11610184111721
-65.1173370297057
-65.11856482562195
-65.11978520781199
-65.12099815596251
-65.12220365049136
-65.12340167253807
-65.12459220395462
-65.12577522729615
-65.12695072581184
-65.12811868343596
-65.12927908477886
-65.1304319151182
-65.1315771603902
-65.13271480718102
-65.1338448427182
-65.13496725486225
-65.13608203209822
-65.13718916352751
-65.13828863885963
-65.1393804484042
-65.14046458306284
-65.14154103432134
-65.1426097942418
-65.14367085545491
-65.14472421115227
-65.1457698550788
-65.14680778152531
-65.14783798532106
-65.14886046182642
-65.14987520692561
-65.15088221701961
-65.15188148901895
-65.15287302033676
-65.15385680888186
-65.15483285305181
-65.15580115172622
-65.15676170425996
-65.15771451047654
-65.15865957066154
-65.15959688555614
-65.16052645635067
-65.16144828467823
-65.16236237260847
-65.16326872264132
-65.16416733770083
-65.16505822112916
-65.16594137668048
-65.16681680851508
-65.16768452119346
-65.16854451967056
-65.16939680928989
-65.17024139577798
-65.17107828523864
-65.17190748414747
-65.1727289993463
-65.1735428380378
-65.17434900778005
-65.1751475164812
-65.17593837239427
-65.17672158411187
-65.17749716056115
-65.17826511099857
-65.17902544500498
-65.1797781724806
-65.18052330364003
-65.18126084900751
-65.18199081941201
-65.18271322598247
-65.18342808014312
-65.18413539360883
-65.18483517838045
-65.18552744674037
-65.18621221124785
-65.18688948473473
-65.18755928030095
-65.18822161131015
-65.1888764913855
-65.1895239344053
-65.19016395449887
-65.19079656604235
-65.19142178365458
-65.19203962219304
-65.19265009674983
-65.19325322264771
-65.19384901543613
-65.19443749088737
-65.19501866499267
-65.19559255395848
-65.19615917420263
-65.19671854235071
-65.19727067523229
-65.1978155898774
-65.19835330351282
-65.19888383355867
-65.19940719762478
-65.1999234135073
-65.20043249918525
-65.20093447281711
-65.20142935273749
-65.20191715745385
-65.20239790564318
-65.20287161614878
-65.20333830797708
-65.20379800029444
-65.2042507124241
-65.20469646384299
-65.20513527417877
-65.20556716320677
-65.20599215084697
-65.20641025716115
-65.20682150234988
-65.20722590674973
-65.20762349083033
-65.20801427519164
-65.20839828056111
-65.20877552779098
-65.20914603785553
-65.20950983184845
-65.2098669309801
-65.21021735657497
-65.21056113006907
-65.21089827300736
-65.21122880704125
-65.21155275392604
-65.21187013551854
-65.21218097377455
-65.2124852907465
-65.21278310858106
-65.21307444951681
-65.21335933588182
-65.2136377900915
-65.21390983464622
-65.21417549212909
-65.2144347852038
-65.21468773661238
-65.21493436917304
-65.21517470577805
-65.21540876939166
-65.21563658304795
-65.21585816984883
-65.21607355296199
-65.21628275561888
-65.21648580111273
-65.21668271279663
-65.21687351408153
-65.21705822843438
-65.21723687937623
-65.21740949048036
-65.21757608537045
-65.21773668771873
-65.21789132124424
-65.218040009711
-65.21818277692633
-65.21831964673902
-65.21845064303773
-65.21857578974924
-65.2186951108368
-65.21880863029851
-65.21891637216564
-65.21901836050108
-65.21911461939779
-65.21920517297711
-65.21929004538738
-65.21936926080231
-65.21944284341949
-65.21951081745897
-65.21957320716172
-65.21963003678822
-65.21968133061706
-65.21972711294349
-65.21976740807804
-65.21980224034517
-65.21983163408191
-65.2198556136365
-65.2198742033671
-65.21988742764049
-65.21989531083076
-65.21989787731809
-65.21989515148745
-65.21988715772741
-65.21987392042891
-65.21985546398402
-65.21983181278485
-65.21980299122227
-65.21976902368485
-65.21972993455768
-65.21968574822127
-65.2196364890504
-65.2195821814131
-65.21952284966952
-65.21945851817088
-65.21938921125846
-65.21931495326251
-65.21923576850129
-65.21915168128005
-65.21906271589
-65.21896889660741
-65.21887024769259
-65.21876679338898
-65.21865855792218
