-65.0
-64.97856871015354
-64.95790036060912
-64.93793570777528
-64.91865343753717
-64.90004686424
-64.88210939481053
-64.86482969429228
-64.84819117659477
-64.83217291714908
-64.81675084761171
-64.8018988576442
-64.78758970870895
-64.77379575642223
-64.76048950400173
-64.74764401421736
-64.73523320583209
-64.72323205741856
-64.71161673814693
-64.7003646819469
-64.68945461849346
-64.6788665720443
-64.66858183686274
-64.65858293614325
-64.64885356981702
-64.63937855535701
-64.63014376471388
-64.62113605970174
-64.61234322752894
-64.60375391768346
-64.59535758100866
-64.58714441152078
-64.57910529130592
-64.57123173867741
-64.56351585965076
-64.55595030271625
-64.548528216829
-64.54124321249571
-64.53408932581084
-64.52706098527828
-64.52015298124991
-64.5133604378072
-64.50667878691557
-64.50010374468569
-64.49363128958258
-64.48725764243036
-64.48097924807377
-64.4747927585579
-64.46869501770377
-64.46268304696335
-64.45675403244694
-64.45090531302348
-64.4451343694025
-64.43943881411401
-64.43381638230919
-64.42826492331069
-64.42278239284813
-64.4173668459194
-64.41201643022369
-64.40672938011687
-64.40150401104397
-64.39633871440758
-64.39123195283462
-64.38618225580727
-64.38118821562668
-64.37624848368112
-64.3713617669929
-64.36652682502019
-64.36174246669228
-64.35700754763276
-64.35232096753847
-64.34768166780259
-64.3430886293302
-64.33854087050904
-64.33403744531405
-64.3295774415333
-64.32515997910545
-64.32078420856115
-64.31644930956104
-64.31215448952331
-64.307898982335
-64.30368204714064
-64.29950296720281
-64.2953610488297
-64.29125562036457
-64.28718603123278
-64.2831516510425
-64.27915186873508
-64.27518609178183
-64.27125374542382
-64.26735427195197
-64.2634871300246
-64.25965179402
-64.25584775342166
-64.25207451223416
-64.24833158842769
-64.24461851340945
-64.24093483152016
-64.23728009955434
-64.23365388630272
-64.23005577211569
-64.22648534848635
-64.22294221765216
-64.2194259922142
-64.21593629477283
-64.21247275757919
-64.20903502220133
-64.20562273920444
-64.20223556784438
-64.19887317577378
-64.19553523876007
-64.19222144041498
-64.18893147193474
-64.18566503185053
-64.1824218257889
-64.17920156624125
-64.17600397234246
-64.17282876965777
-64.16967568997785
-64.16654447112164
-64.16343485674649
-64.16034659616538
-64.15727944417094
-64.15423316086581
-64.15120751149938
-64.14820226631022
-64.14521720037439
-64.14225209345908
-64.14865103644155
-64.16223282344349
-64.18139704641013
-64.20498868535404
-64.2321582746807
-64.26226355412173
-64.29562327397122
-64.33284183588033
-64.37444845708501
-64.42079015118603
-64.47233599601155
-64.5295970728848
-64.5929925972139
-64.66277312186782
-64.73900206260988
-64.82157216255754
-64.9102369454329
-65.0046451658
-65.10437239043486
-65.2089475025535
-65.31787380644545
-65.43064524580332
-65.54675852808006
-65.66572196641114
-65.78706175554484
-65.91032627331103
-66.03508887876852
-66.1609495741982
-66.28753581427563
-66.41450267913008
-66.54153257701215
-66.66833460263646
-66.7946436489324
-66.92021934710512
-67.04484489168266
-67.16832579433009
-67.29048859976116
-67.41117959004032
-67.53026349671643
-67.64762223577092
-67.7631536764978
-67.87677045242422
-67.98839881964804
-68.09797756704349
-68.20545698100389
-68.31079786557926
-68.4139706182798
-68.51495436123493
-68.61373612665095
-68.7103100952586
-68.80467688608675
-68.89684289566704
-68.98681968462854
-69.07462340946958
-69.16027429726829
-69.24379616113168
-69.32521595409939
-69.40456335902407
-69.48187041253169
-69.557171161061
-69.63050134681629
-69.70189812153373
-69.77139978616165
-69.83904555465423
-69.9048753401592
-69.96892956196876
-70.03124897169876
-70.09187449722344
-70.15084710299088
-70.2082076654456
-70.26399686234072
-70.31825507481342
-70.37102230116331
-70.42233808128937
-70.47224143095474
-70.5207707849779
-70.56796394855718
-70.61385805599478
-70.65848953613913
-70.7018940839204
-70.74410663736943
-70.78516135960263
-70.82509162527221
-70.8639300110274
-70.90170828956711
-70.93845742688421
-70.97420758230902
-71.0089881111564
-71.0428275696338
-71.07575372171188
-71.10779354770904
-71.13897325434739
-71.16931828609636
-71.19885333761663
-71.22760236713798
-71.2555886106201
-71.28283459656042
-71.30936216132588
-71.33519246489772
-71.36034600692975
-71.38484264303268
-71.40870160120906
-71.43194149833991
-71.45458035669888
-71.47663562041876
-71.49812417186278
-71.51906234785804
-71.53946595575333
-71.55935028926905
-71.5787301441108
-71.59761983332297
-71.61603320236154
-71.63398364386977
-71.65148411214224
-71.6685471372663
-71.68518483893207
-71.70140893990444
-71.71723077915306
-71.73266132463912
-71.74771118574805
-71.7623906253771
-71.77670957167783
-71.79067762945485
-71.80430409122377
-71.81759794793311
-71.83056789935303
-71.84322236413647
-71.85556948955914
-71.8676171609444
-71.87937301077912
-71.89084442752745
-71.90203856414955
-71.91296234633215
-71.92362248043868
-71.93402546118611
-71.94417757905599
-71.95408492744706
-71.96375340957701
-71.97318874514066
-71.98239647673205
-71.99138197603754
-72.0001504498074
-72.00870694561264
-72.01705635739394
-72.02520343081066
-72.03315276839518
-72.04090883451967
-72.0484759601818
-72.05585834761557
-72.06306007473331
-72.07008509940488
-72.07693726357967
-72.0836202972573
-72.09013782231214
-72.09649335617718
-72.1026903153922
-72.10873201902132
-72.11462169194479
-72.1203624680294
-72.12595739318229
-72.13140942829243
-72.13672145206388
-72.14189626374501
-72.14693658575752
-72.15184506622899
-72.15662428143283
-72.16127673813884
-72.16580487587798
-72.17021106912462
-72.17449762939917
-72.1786668072945
-72.18272079442907
-72.18666172532896
-72.1904916792417
-72.19421268188512
-72.1978267071332
-72.20133567864157
-72.20474147141478
-72.20804591331759
-72.21125078653256
-72.21435782896584
-72.21736873560322
-72.2202851598183
-72.2231087146347
-72.2258409739439
-72.22848347368057
-72.23103771295678
-72.23350515515702
-72.23588722899508
-72.23818532953463
-72.24040081917457
-72.24253502860073
-72.24458925770502
-72.24656477647326
-72.24846282584308
-72.2502846185326
-72.25203133984154
-72.25370414842524
-72.25530417704297
-72.25683253328134
-72.25829030025376
-72.25967853727683
-72.2609982805245
-72.26225054366094
-72.26343631845263
-72.26455657536077
-72.26561226411448
-72.26660431426555
-72.26753363572553
-72.26840111928561
-72.2692076371201
-72.26995404327391
-72.27064117413478
-72.27126984889068
-72.27184086997305
-72.2723550234862
-72.2728130796235
-72.2732157930708
-72.27356390339745
-72.27385813543552
-72.27409919964745
-72.2742877924827
-72.27442459672358
-72.27451028182091
-72.2745455042196
-72.27453090767462
-72.27446712355768
-72.27435477115503
-72.27419445795641
-72.27398677993571
-72.27373232182362
-72.27343165737227
-72.27308534961253
-72.27269395110376
-72.27225800417673
-72.27177804116954
-72.27125458465702
-72.2706881476737
-72.27007923393062
-72.26942833802619
-72.2687359456512
-72.2680025337883
-72.26722857090603
-72.26641451714758
-72.26556082451454
-72.26466793704569
-72.26373629099108
-72.26276631498139
-72.26175843019298
-72.2607130505085
-72.25963058267334
-72.25851142644805
-72.25735597475682
-72.2561646138321
-72.25493772335562
-72.25367567659576
-72.25237884054138
-72.25104757603242
-72.24968223788706
-72.24828317502583
-72.24685073059261
-72.2453852420726
-72.24388704140746
-72.2423564551076
-72.24079380436174
-72.23919940514386
-72.23757356831747
-72.23591659973751
-72.23422880034974
-72.2325104662878
-72.23076188896795
-72.2289833551816
-72.22717514718568
-72.2253375427909
-72.22347081544798
-72.22157523433185
-72.21965106442391
-72.21769856659252
-72.21571799767149
-72.21370961053691
-72.21167365418225
-72.2096103737917
-72.20752001081209
-72.20540280302305
-72.20325898460537
-72.20108878620812
-72.19889243501422
-72.1966701548046
-72.19442216602104
-72.19214868582758
-72.18984992817056
-72.1875261038375
-72.1851774205146
-72.18280408284309
-72.18040629247429
-72.17798424812362
-72.17553814562346
-72.17306817797481
-72.17057453539792
-72.16805740538192
-72.16551697273336
-72.16295341962378
-72.1603669256363
-72.15775766781123
-72.15512582069076
-72.1524715563628
-72.14979504450386
-72.14709645242111
-72.14437594509356
-72.14163368521245
-72.13886983322087
-72.13608454735243
-72.1332779836694
-72.1304502961
-72.12760163647481
-72.12473215456272
-72.12184199810602
-72.11893131285487
-72.11600024260102
-72.11304892921103
-72.11007751265872
-72.10708613105702
-72.1040749206893
-72.10104401603999
-72.0979935498247
-72.0949236530197
-72.09183445489097
-72.08872608302252
-72.08559866334437
-72.08245232015986
-72.07928717617253
-72.07610335251253
-72.07290096876244
-72.06968014298269
-72.06644099173651
-72.06318363011441
-72.05990817175818
-72.05661472888454
-72.05330341230828
-72.049974331465
-72.04662759443345
-72.0432633079575
-72.03988157746768
-72.03648250710232
-72.03306619972834
-72.02963275696167
-72.02618227918734
-72.02271486557909
-72.01923061411885
-72.01572962161565
-72.01221198372431
-72.00867779496387
-72.00512714873551
-72.00156013734038
-71.99797685199688
-71.99437738285785
-71.99076181902728
-71.98713024857703
-71.98348275856299
-71.97981943504101
-71.97614036308266
-71.97244562679064
-71.9687353093139
-71.96500949286258
-71.96126825872263
-71.95751168727027
-71.95373985798614
-71.94995284946918
-71.94615073945042
-71.94233360480632
-71.93850152157216
-71.93465456495495
-71.93079280934629
-71.92691632833491
-71.92302519471914
-71.9191194805191
-71.91520202756855
-71.91128207348369
-71.90737779478174
-71.90351705999865
-71.89973656804062
-71.89607990171612
-71.8925950513919
-71.8893318478523
-71.8863395966472
-71.88366507739696
-71.88135097552802
-71.87943474999226
-71.87794790237677
-71.87691559327774
-71.87635654470404
-71.87628316786578
-71.87670186063647
-71.87761342601068
-71.87901357058908
-71.88089344966342
-71.88324023238307
-71.88603766655159
-71.88926662776485
-71.89290564189244
-71.89693137339462
-71.90131907475639
-71.90604299450696
-71.91107674297574
-71.91639361620078
-71.92196687933203
-71.92777001152442
-71.93377691475168
-71.93996208923804
-71.94630077833877
-71.95276908573496
-71.95934406776789
-71.96600380364077
-71.97272744608455
-71.97949525492601
-71.98628861582297
-71.99309004624928
-71.9998831906299
-72.0066528063466
-72.01338474216037
-72.02006591043256
-72.02668425436795
-72.03322871135998
-72.03968917338308
-72.04605644525398
-72.05232220147202
-72.05847894224705
-72.06451994923206
-72.07043924139673
-72.0762315314049
-72.0818921827952
-72.08741716820754
-72.09280302884844
-72.09804683534529
-72.10314615010225
-72.10809899123822
-72.11290379815989
-72.11755939879968
-72.12206497852853
-72.12642005073664
-72.13062442906255
-72.13467820123896
-72.1385817045153
-72.14233550260991
-72.14594036413905
-72.14939724246625
-72.15270725691258
-72.1558716752665
-72.15889189753129
-72.1617694408476
-72.16450592552906
-72.16710306214983
-72.16956263962446
-72.1718865142212
-72.17407659945286
-72.1761348567903
-72.17806328714636
-72.17986392308002
-72.18153882167306
-72.18309005803346
-72.18451971938245
-72.18582989968421
-72.18702269477944
-72.18810019798637
-72.18906449613476
-72.18991766600053
-72.19066177111075
-72.1912988588906
-72.19183095812546
-72.1922600767135
-72.19258819968542
-72.19281728746977
-72.19294927438351
-72.19298606732924
-72.1929295446815
-72.19278155534604
-72.19254391797696
-72.19221842033777
-72.19180681879354
-72.19131083792217
-72.19073217023363
-72.19007247598711
-72.18933338309662
-72.18851648711627
-72.18762335129732
-72.18665550670964
-72.18561445242071
-72.18450165572595
-72.18331855242478
-72.18206654713688
-72.18074701365425
-72.17936129532416
-72.17791070545934
-72.17639652777164
-72.17482001682563
-72.17318239850921
-72.17148487051841
-72.16972860285388
-72.16791473832656
-72.16604439307072
-72.16411865706225
-72.16213859464048
-72.16010524503228
-72.15801962287654
-72.15588271874824
-72.15369549968078
-72.15145890968543
-72.14917387026743
-72.14684128093745
-72.14446201971796
-72.14203694364402
-72.13956688925758
-72.1370526730952
-72.13449509216858
-72.13189492443756
-72.12925292927531
-72.12656984792547
-72.12384640395108
-72.12108330367502
-72.118281236612
-72.1154408758919
-72.11256287867434
-72.10964788655464
-72.10669652596098
-72.10370940854278
-72.10068713155047
-72.09763027820652
-72.0945394180679
-72.09141510738
-72.08825788942214
-72.08506829484466
-72.08184684199792
-72.07859403725294
-72.07531037531433
-72.07199633952504
-72.06865240216364
-72.06527902473377
-72.06187665824629
-72.058445743494
-72.05498671131922
-72.05149998287432
-72.0479859698754
-72.0444450748492
-72.04087769137334
-72.0372842043103
-72.03366499003496
-72.03002041665617
-72.02635084423203
-72.02265662497959
-72.01893810347869
-72.01519561687024
-72.01142949504913
-72.00764006085177
-72.00382763023852
-71.99999251247107
-71.99613501028497
-71.99225542005719
-71.98835403196941
-71.98443113016657
-71.9804869929111
-71.97652189273272
-71.97253609657433
-71.96852986593358
-71.96450345700073
-71.96045712079261
-71.95639110328278
-71.95230564552827
-71.94820098379256
-71.94407734966538
-71.93993497017907
-71.93577406792166
-71.93159486114696
-71.92739756388154
-71.9231823860288
-71.9189495334701
-71.91469920816311
-71.91043160823757
-71.9061469280882
-71.90184535846528
-71.89752708656253
-71.89319229610285
-71.88884116742145
-71.88447387754687
-71.88009060027977
-71.87569150626952
-71.8712767630888
-71.8668465353061
-71.86240098455629
-71.85794026960929
-71.85346454643692
-71.8489739682779
-71.8444686857011
-71.83994884666718
-71.83541459658845
-71.8308660783873
-71.826303432553
-71.821726797197
-71.81713630810678
-71.81253209879827
-71.80791430056692
-71.80328304253739
-71.79863845171197
-71.79398065301773
-71.78930976935246
-71.78462592162938
-71.77992922882079
-71.77521980800043
-71.77049777438496
-71.76576324137424
-71.76101632059057
-71.75625712191706
-71.7514857535349
-71.74670232195973
-71.74190693207717
-71.73709968717733
-71.73228068898852
-71.72745003771017
-71.72260783204406
-71.71775416921218
-71.71288914498643
-71.70801285372319
-71.70312538839765
-71.69822684063632
-71.69331730074742
-71.68839685774948
-71.68346559939843
-71.67852361221352
-71.67357098150231
-71.6686077913847
-71.66363412481655
-71.65865006361244
-71.653655688468
-71.64865107898173
-71.64363631367627
-71.63861147001927
-71.63357662444378
-71.62853185236817
-71.6234772282157
-71.61841282543362
-71.61333871651176
-71.60825497300097
-71.60316166553086
-71.59805886382742
-71.59294663673008
-71.58782505220849
-71.58269417737885
-71.57755407852007
-71.57240482108928
-71.56724646973733
-71.5620790883237
-71.55690273993126
-71.5517174868806
-71.54652339074411
-71.54132051235972
-71.53610891184438
-71.53088864860727
-71.52565978136266
-71.52042236814255
-71.51517646630903
-71.50992213256639
-71.50465942297298
-71.49938839295275
-71.49410909730669
-71.48882159022385
-71.48352592529234
-71.4782221555099
-71.47291033329442
-71.46759051049413
-71.46226273839767
-71.45692706774386
-71.45158354873139
-71.44623223102823
-71.44087316378084
-71.43550639562325
-71.43013197468599
-71.42474994860504
-71.41936036453019
-71.4139632691334
-71.40855870861687
-71.40314672872101
-71.39772737473237
-71.3923006914913
-71.38686672339955
-71.38142551442768
-71.37597710812355
-71.37052154761831
-71.36505887563322
-71.35958913448655
-71.35411236610032
-71.34862861200831
-71.34313791336211
-71.3376403109359
-71.33213584513312
-71.32662455599288
-71.3211064831959
-71.31558166607064
-71.310050143599
-71.3045119544229
-71.29896713684938
-71.2934157288556
-71.28785776809438
-71.28229329189936
-71.27672233729035
-71.27114494097843
-71.26556113937097
-71.25997096857657
-71.25437446440989
-71.24877166239646
-71.24316259777733
-71.23754730551363
-71.23192582029154
-71.22629817652683
-71.22066440836899
-71.21502454970542
-71.20937863416539
-71.20372669512426
-71.19806876570746
-71.19240487879452
-71.18673506702294
-71.18105936279206
-71.17537779826678
-71.16969040538139
-71.16399721584308
-71.15829826113564
-71.15259357252293
-71.14688318105242
-71.1411671175585
-71.13544541266594
-71.12971809679323
-71.12398520015577
-71.11824675276927
-71.11250278445266
-71.10675332483132
-71.10099840333999
-71.09523804922581
-71.08947229155119
-71.0837011591967
-71.07792468086396
-71.07214288507834
-71.06635580019174
-71.06056345438539
-71.05476587567232
-71.04896309190015
-71.04315513075356
-71.03734201975688
-71.03152378627657
-71.02570045752364
-71.01987206055611
-71.01403862228135
-71.00820016945845
-71.0023567287005
-70.99650832647684
-70.99065498911533
-70.98479674280448
-70.97893361359567
-70.97306562740525
-70.96719281001661
-70.96131518708225
-70.9554327841258
-70.94954562654405
-70.94365373960885
-70.93775714846906
-70.93185587815256
-70.92594995356802
-70.92003939950682
-70.91412424064484
-70.9082045015442
-70.90228020665504
-70.89635138031718
-70.89041804676191
-70.88448023011357
-70.87853795439125
-70.87259124351036
-70.86664012128428
-70.8606846114259
-70.85472473754916
-70.8487605231706
-70.84279199171084
-70.83681916649606
-70.83084207075946
-70.82486072764269
-70.81887516019725
-70.81288539138592
-70.80689144408406
-70.800893341081
-70.79489110508136
-70.78888475870637
-70.78287432449513
-70.77685982490583
-70.77084128231712
-70.76481871902924
-70.75879215726526
-70.75276161917228
-70.74672712682258
-70.7406887022148
-70.73464636727506
-70.72860014385812
-70.72255005374838
-70.71649611866111
-70.7104383602434
-70.70437680007525
-70.69831145967065
-70.69224236047852
-70.68616952388375
-70.68009297120824
-70.67401272371178
-70.6679288025931
-70.66184122899072
-70.65575002398397
-70.64965520859384
-70.64355680378394
-70.63745483046131
-70.63134930947737
-70.62524026162875
-70.61912770765811
-70.61301166825506
-70.60689216405684
-70.60076921564931
-70.5946428435676
-70.58851306829695
-70.5823799102735
-70.57624338988506
-70.57010352747186
-70.56396034332724
-70.55781385769848
-70.5516640907874
-70.54551106275119
-70.539354793703
-70.53319530371267
-70.52703261280745
-70.52086674097252
-70.51469770815179
-70.50852553424843
-70.50235023912556
-70.49617184260664
-70.48999036447616
-70.48380582448027
-70.47761824232767
-70.47142763768998
-70.46523403020235
-70.45903743946403
-70.45283788503893
-70.44663538645625
-70.44042996321096
-70.43422163476431
-70.42801042054438
-70.4217963399465
-70.41557941233377
-70.40935965703763
-70.4031370933583
-70.39691174056533
-70.3906836178981
-70.38445274456625
-70.37821913975014
-70.3719828226014
-70.36574381224322
-70.35950212777092
-70.35325778825232
-70.34701081272695
-70.3407612201815
-70.33450902954827
-70.32825425971396
-70.32199692952965
-70.31573705781891
-70.30947466338358
-70.30320976500737
-70.29694238145795
-70.29067253148813
-70.28440023383617
-70.27812550722577
-70.27184837036587
-70.2655688419502
-70.25928694065684
-70.25300268514786
-70.24671609407
-70.24042718605665
-70.23413597972416
-70.22784249367116
-70.22154674647994
-70.21524875671503
-70.20894854292294
-70.20264612363226
-70.19634151735372
-70.19003474258075
-70.18372581779
-70.17741476144121
-70.17110159197715
-70.16478632782368
-70.15846898738982
-70.1521495890679
-70.14582815123369
-70.13950469224658
-70.13317923044974
-70.12685178417038
-70.1205223717199
-70.11419101139418
-70.10785772147392
-70.10152252022473
-70.09518542589741
-70.08884645672805
-70.08250563093821
-70.07616296673517
-70.069818482312
-70.06347219584785
-70.05712412550807
-70.05077428944439
-70.04442270579518
-70.03806939268553
-70.0317143682275
-70.02535765052028
-70.01899925765034
-70.01263920769163
-70.00627751870577
-69.99991420874214
-69.99354929583811
-69.98718279801919
-69.98081473329916
-69.97444511968024
-69.96807397515326
-69.96170131769776
-69.9553271652822
-69.94895153586403
-69.94257444738986
-69.93619591779562
-69.92981596500665
-69.92343460693785
-69.91705186149377
-69.91066774656885
-69.9042822800474
-69.8978954798038
-69.89150736370259
-69.88511794959865
-69.87872725533722
-69.87233529875407
-69.86594209767557
-69.85954766991885
-69.85315203329183
-69.8467552055934
-69.84035720461341
-69.83395804813289
-69.82755775392404
-69.82115633975037
-69.8147538233668
-69.80835022251969
-69.80194555494698
-69.7955398383782
-69.78913309053465
-69.78272532912938
-69.77631657186733
-69.76990683644534
-69.76349614055233
-69.75708450186924
-69.7506719380692
-69.74425846681758
-69.737844105772
-69.73142887258246
-69.72501278489133
-69.71859586033347
-69.71217811653621
-69.70575957111946
-69.6993402416957
-69.69292014587005
-69.68649930124036
-69.6800777253972
-69.67365543592388
-69.6672324503966
-69.6608087863845
-69.65438446144971
-69.64795949314741
-69.64153389902582
-69.63510769662619
-69.6286809034829
-69.62225353712341
-69.61582561506827
-69.60939715483121
-69.60296817391907
-69.59653868983187
-69.59010872006286
-69.58367828209846
-69.57724739341835
-69.5708160714954
-69.56438433379583
-69.55795219777906
-69.55151968089784
-69.54508680059823
-69.53865357431955
-69.53222001949453
-69.52578615354916
-69.51935199390282
-69.51291755796821
-69.50648286315139
-69.50004792685182
-69.4936127664623
-69.48717739936903
-69.4807418429516
-69.47430611458299
-69.46787023162955
-69.46143421145105
-69.45499807140061
-69.44856182882477
-69.44212550106337
-69.43568910544971
-69.42925265931038
-69.42281617996534
-69.41637968472787
-69.40994319090458
-69.40350671579542
-69.39707027669358
-69.39063389088561
-69.38419757565126
-69.37776134826356
-69.37132522598881
-69.36488922608649
-69.3584533658093
-69.35201766240313
-69.34558213310706
-69.33914679515334
-69.33271166576739
-69.32627676216777
-69.31984210156612
-69.31340770116725
-69.30697357816895
-69.30053974976208
-69.29410623313052
-69.28767304545109
-69.28124020389359
-69.2748077256207
-69.26837562778803
-69.26194392754398
-69.25551264202983
-69.24908178837963
-69.24265138372027
-69.23622144517141
-69.22979198984541
-69.2233630348474
-69.21693459727511
-69.21050669421892
-69.20407934276177
-69.19765255997915
-69.191226362939
-69.18480076870175
-69.17837579432017
-69.17195145683944
-69.16552777329703
-69.15910476072267
-69.15268243613836
-69.14626081655837
-69.1398399189921
-69.1334197604465
-69.12700035791954
-69.12058172840246
-69.1141638888781
-69.1077468563206
-69.10133064769542
-69.09491527995951
-69.08850077006139
-69.08208713494122
-69.07567439153073
-69.0692625567537
-69.06285164752586
-69.05644168075452
-69.05003267333844
-69.04362464216769
-69.03721760412357
-69.03081157607853
-69.02440657489615
-69.018002617431
-69.01159972052868
-69.0051979010257
-68.99879717574925
-68.99239756151715
-68.98599907513768
-68.97960173341008
-68.97320555312417
-68.96681055106055
-68.96041674396068
-68.95402414851628
-68.94763278137745
-68.94124265916567
-68.93485379848539
-68.9284662159325
-68.92207992809985
-68.91569495158035
-68.9093113029687
-68.90292899886174
-68.89654805585829
-68.89016849055841
-68.88379031956256
-68.87741355947051
-68.87103822688033
-68.8646643383873
-68.85829191058302
-68.85192096005444
-68.84555150338304
-68.83918355714407
-68.83281713790595
-68.82645226222955
-68.82008894666775
-68.81372720776491
-68.80736706205646
-68.80100852606853
-68.7946516163176
-68.78829634931022
-68.78194274154274
-68.77559080950107
-68.76924056966048
-68.76289203848539
-68.7565452324292
-68.75020016793415
-68.74385686143115
-68.73751532933969
-68.73117558806766
-68.72483765401128
-68.71850154355502
-68.71216727307142
-68.70583485892108
-68.69950431745251
-68.69317566500207
-68.6868489178939
-68.68052409243977
-68.67420120493908
-68.66788027167875
-68.66156130893313
-68.65524433296395
-68.64892936002022
-68.64261640633819
-68.63630548814126
-68.6299966216399
-68.62368982303157
-68.61738510850066
-68.61108249421842
-68.6047819963429
-68.59848363101881
-68.59218741437752
-68.58589336253698
-68.57960149160162
-68.57331181766234
-68.56702435679638
-68.56073912506731
-68.55445613852491
-68.54817541320512
-68.54189696512991
-68.53562081030731
-68.5293469647312
-68.52307544438135
-68.51680626522322
-68.51053944320803
-68.50427499427266
-68.49801293433963
-68.491753279317
-68.48549604509829
-68.47924124756238
-68.47298890257342
-68.46673902598067
-68.46049163361846
-68.4542467413061
-68.44800436484775
-68.4417645200324
-68.4355272226337
-68.42929248840996
-68.423060333104
-68.41683077244315
-68.41060382213908
-68.40437949788782
-68.3981578153696
-68.39193879024884
-68.38572243817401
-68.37950877477758
-68.37329781567591
-68.36708957646921
-68.36088407274138
-68.35468132006002
-68.34848133397624
-68.34228413002462
-68.33608972372318
-68.32989813057317
-68.32370936605913
-68.31752344564873
-68.31134038479266
-68.30516019892461
-68.29898290346114
-68.29280851380163
-68.28663704532818
-68.28046851340554
-68.27430293338104
-68.26814032058454
-68.26198069032829
-68.25582405790686
-68.24967043859711
-68.24351984765798
-68.2373723003305
-68.23122781183767
-68.22508639738436
-68.21894807215722
-68.21281285132459
-68.2066807500364
-68.20055178342413
-68.1944259666007
-68.18830331466047
-68.18218384267904
-68.17606756571325
-68.16995449880109
-68.1638446569615
-68.1577380551944
-68.15163470848051
-68.14553463178127
-68.13943784003877
-68.13334434817563
-68.12725417109489
-68.12116732367997
-68.11508382079452
-68.10900367728249
-68.10292690796794
-68.09685352765506
-68.090783551128
-68.08471699315197
-68.07865386847291
-68.07259419181699
-68.06653797789029
-68.06048524137873
-68.0544359969491
-68.04839025924848
-68.04234804290304
-68.03630936251781
-68.03027423268
-68.02424266795609
-68.01821468288983
-68.01219029200294
-68.0061695097973
-68.0001523507534
-67.99413882932956
-67.98812895996184
-67.9821227570641
-67.97612023502792
-67.9701214082226
-67.96412629099513
-67.95813489767012
-67.95214724254986
-67.94616333991479
-67.94018320402321
-67.93420684911105
-67.92823428939154
-67.9222655390551
-67.91630061226927
-67.91033952317844
-67.90438228590392
-67.8984289145438
-67.89247942317282
-67.8865338258423
-67.88059213658015
-67.87465436939064
-67.86872053825442
-67.86279065712841
-67.8568647399457
-67.85094280061548
-67.84502485302292
-67.83911091102912
-67.83320098847103
-67.82729509916133
-67.82139325688834
-67.81549547541597
-67.80960176848359
-67.80371214980595
-67.79782663307313
-67.7919452319504
-67.78606796007813
-67.78019483107175
-67.77432585852162
-67.76846105599297
-67.7626004370258
-67.75674401513476
-67.75089180380911
-67.74504381651258
-67.73920006668331
-67.73336056773373
-67.72752533305051
-67.72169437599442
-67.71586770990028
-67.71004534807687
-67.7042273038068
-67.69841359034646
-67.6926042209259
-67.68679920874877
-67.6809985669922
-67.67520230880675
-67.66941044731622
-67.6636229956177
-67.65783996678135
-67.65206137385037
-67.64628722984091
-67.640517547742
-67.63475234051536
-67.62899162109547
-67.62323540238934
-67.6174836972765
-67.61173651860888
-67.60599387921074
-67.60025579187854
-67.59452226938089
-67.58879332445844
-67.58306896982377
-67.57734921816137
-67.57163408212747
-67.5659235743499
-67.56021770741341
-67.55451649382685
-67.54881994602337
-67.5431280763747
-67.53744089720654
-67.53175842081093
-67.52608065945488
-67.52040762538572
-67.51473933083429
-67.50907578801646
-67.50341700913341
-67.49776300637131
-67.49211379190014
-67.48646937787262
-67.48082977642349
-67.47519499966809
-67.46956505970122
-67.4639399685957
-67.45831973840149
-67.45270438114483
-67.44709390882728
-67.44148833342497
-67.43588766688778
-67.43029192113883
-67.42470110807392
-67.41911523956092
-67.41353432743932
-67.40795838351966
-67.40238741958318
-67.39682144738148
-67.39126047863621
-67.38570452503876
-67.38015359825
-67.37460770990005
-67.36906687158807
-67.36353109488205
-67.35800039131863
-67.35247477240293
-67.34695424960842
-67.34143883437676
-67.33592853811766
-67.33042337220878
-67.32492334799562
-67.31942847679137
-67.31393876987687
-67.30845423850046
-67.3029748938779
-67.29750074719232
-67.29203180959402
-67.2865680922005
-67.28110960609627
-67.27565636233284
-67.27020837192859
-67.2647656458687
-67.25932819510508
-67.25389603055626
-67.24846916310732
-67.24304760360984
-67.23763136288177
-67.23222045170742
-67.22681488083731
-67.22141466098816
-67.21601980284278
-67.21063031705002
-67.20524621422472
-67.19986750494762
-67.19449419976533
-67.18912630919023
-67.18376384370039
-67.17840681373954
-67.17305522971694
-67.16770910200732
-67.16236844095086
-67.157033256853
-67.15170355998448
-67.14637936058121
-67.1410606688442
-67.13574749493954
-67.13043984899832
-67.1251377411166
-67.11984118135533
-67.11455017974023
-67.10926474626184
-67.1039848908753
-67.09871062350034
-67.0934419540212
-67.08817889228659
-67.08292144810953
-67.07766963126736
-67.0724234515016
-67.06718291851799
-67.06194804198627
-67.0567188315404
-67.05149529677833
-67.04627744726199
-67.04106529251723
-67.03585884203372
-67.0306581052648
-67.0254630916276
-67.02027381050388
-67.01509027124024
-67.00991248314756
-67.00474045550057
-66.99957419753756
-66.99441371846015
-66.98925902743322
-66.98411013358471
-66.97896704600555
-66.97382977374961
-66.96869832583359
-66.96357271123759
-66.95845293890598
-66.9533390177457
-66.94823095662595
-66.94312876437823
-66.93803244979631
-66.93294202163625
-66.92785748861823
-66.92277885942748
-66.91770614270969
-66.91263934707194
-66.90757848108296
-66.90252355327388
-66.89747457213953
-66.8924315461365
-66.8873944836829
-66.88236339315822
-66.87733828290347
-66.87231916122117
-66.86730603637533
-66.86229891659146
-66.85729781005718
-66.85230272492205
-66.84731366929738
-66.84233065125593
-66.83735367883189
-66.83238276002064
-66.82741790277878
-66.82245911502405
-66.81750640463531
-66.81255977945247
-66.80761924727648
-66.80268481586926
-66.7977564929537
-66.79283428621362
-66.78791820329369
-66.78300825179942
-66.77810443929712
-66.77320677331387
-66.76831526133745
-66.76342991081633
-66.7585507291596
-66.75367772373698
-66.74881090187877
-66.74395027087574
-66.73909583797922
-66.73424761040094
-66.72940559531307
-66.72456979984814
-66.71974023109904
-66.71491689611896
-66.71009980192137
-66.70528895547993
-66.70048436372852
-66.69568603356117
-66.69089397183205
-66.6861081853554
-66.6813286809055
-66.67655546521667
-66.6717885449832
-66.66702792685935
-66.66227361745926
-66.657525623357
-66.65278395108648
-66.6480486071414
-66.64331959797529
-66.63859693000141
-66.63388060959278
-66.6291706430821
-66.62446703676176
-66.61976979688377
-66.61507892965979
-66.61039444126104
-66.60571633781834
-66.60104462542209
-66.59637931012226
-66.59172039792828
-66.58706789480917
-66.58242180669335
-66.57778213946872
-66.57314889898261
-66.56852209104171
-66.56390172141211
-66.5592877958192
-66.55468031994772
-66.55007929944169
-66.54548473990437
-66.54089664689832
-66.53631502594527
-66.53173988252622
-66.52717122208132
-66.52260905000989
-66.51805337167043
-66.51350419238057
-66.50896151741703
-66.50442535201569
-66.4998957013715
-66.4953725706385
-66.49085596492979
-66.48634588931755
-66.48184234883298
-66.47734534846636
-66.47285489316697
-66.46837098784312
-66.46389363736212
-66.45942284655031
-66.45495862019303
-66.45050096303456
-66.44604987977822
-66.44160537508627
-66.43716745357996
-66.4327361198395
-66.42831137840408
-66.42389323377179
-66.41948169039983
-66.41507675270445
-66.41067842506096
-66.40628671180379
-66.40190161722636
-66.39752314558116
-66.39315130107966
-66.38878608789226
-66.38442751014834
-66.38007557193623
-66.37573027730319
-66.37139163025542
-66.36705963475801
-66.362734294735
-66.3584156140694
-66.35410359660307
-66.34979824613686
-66.34549956643056
-66.34120756120292
-66.3369222341316
-66.3326435888533
-66.32837162896365
-66.32410635801729
-66.31984777952782
-66.31559589696786
-66.31135071376907
-66.3071122333221
-66.30288045897663
-66.2986553940414
-66.29443704178418
-66.29022540543178
-66.28602048817014
-66.28182229314422
-66.27763082345811
-66.273446082175
-66.2692680723172
-66.26509679686617
-66.26093225876252
-66.25677446090602
-66.25262340615562
-66.24847909732952
-66.24434153720509
-66.24021072851897
-66.23608667396708
-66.2319693762046
-66.22785883784606
-66.22375506146528
-66.2196580495955
-66.21556780472928
-66.21148432931864
-66.20740762577499
-66.20333769646923
-66.19927454373172
-66.1952181698523
-66.19116857708035
-66.1871257676248
-66.18308974365416
-66.17906050729653
-66.17503806063961
-66.17102240573078
-66.16701354457707
-66.16301147914524
-66.15901621136172
-66.15502774311271
-66.1510460762442
-66.14707121256197
-66.14310315383169
-66.13914190177887
-66.13518745806357
-66.13123982425876
-66.127299001855
-66.12336499227445
-66.11943779688501
-66.1155174170112
-66.11160385394186
-66.10769710893501
-66.10379718322086
-66.09990407800316
-66.09601779445968
-66.09213833374203
-66.08826569697501
-66.0843998852559
-66.08054089965341
-66.07668874120678
-66.07284341092479
-66.0690049097849
-66.06517323873234
-66.06134839867941
-66.05753039050475
-66.05371921505265
-66.04991487313251
-66.0461173655183
-66.04232669294814
-66.03854285612384
-66.0347658557104
-66.03099569233588
-66.02723236659112
-66.0234758790296
-66.01972623016721
-66.01598342048202
-66.01224745041425
-66.00851832036608
-66.00479603070158
-66.00108058174676
-65.99737197378943
-65.99367020707889
-65.9899752818262
-65.98628719820432
-65.98260595634797
-65.9789315563536
-65.97526399827946
-65.9716032821456
-65.96794940793382
-65.9643023755879
-65.96066218501366
-65.95702883607885
-65.95340232861317
-65.94978266240847
-65.94616983721964
-65.94256385276434
-65.93896470872268
-65.93537240473715
-65.9317869404125
-65.92820831531573
-65.92463652897615
-65.92107158088537
-65.91751347049738
-65.91396219722864
-65.91041776045805
-65.9068801595271
-65.90334939373993
-65.89982546236334
-65.8963083646269
-65.89279809972305
-65.88929466680709
-65.88579806499732
-65.88230829337508
-65.87882535098485
-65.87534923683431
-65.87187994989439
-65.86841748909949
-65.86496185334903
-65.86151304150592
-65.85807105239635
-65.85463588480997
-65.85120753749993
-65.8477860091831
-65.84437129854007
-65.84096340421536
-65.83756232481743
-65.8341680589188
-65.83078060505616
-65.82739996173036
-65.82402612740884
-65.82065910052457
-65.81729887947378
-65.81394546261674
-65.81059884827803
-65.80725903474668
-65.80392602027636
-65.80059980308661
-65.79728038136267
-65.79396775325465
-65.7906619168779
-65.7873628703131
-65.78407061160625
-65.78078513876856
-65.77750644977658
-65.7742345425722
-65.77096941506278
-65.76771106512118
-65.76445949058588
-65.7612146892611
-65.75797665891685
-65.75474539728904
-65.75152090207959
-65.74830317095646
-65.74509220155383
-65.74188799147213
-65.7386905382781
-65.73549983950501
-65.73231589265257
-65.72913869518713
-65.72596824454182
-65.7228045381165
-65.71964757327801
-65.71649734736016
-65.71335385766386
-65.7102171014572
-65.70708707597555
-65.70396377842161
-65.70084720596553
-65.69773735574498
-65.69463422486518
-65.69153781039913
-65.6884481093875
-65.6853651188389
-65.68228883572986
-65.67921925700493
-65.67615637957682
-65.67310020032642
-65.6700507161029
-65.66700792372392
-65.6639718199755
-65.66094240161232
-65.65791966535767
-65.65490360790363
-65.65189422591111
-65.64889151600995
-65.64589547479902
-65.64290609884632
-65.63992338468907
-65.63694732883377
-65.63397792775632
-65.63101517790213
-65.62805907568618
-65.62510961749312
-65.6221667996774
-65.6192306185633
-65.61630107044505
-65.61337815158696
-65.61046185822349
-65.6075521865593
-65.60464913276944
-65.60175269299934
-65.59886286336497
-65.59597963995292
-65.59310301882047
-65.59023299599572
-65.58736956747764
-65.5845127292362
-65.58166247721248
-65.57881880731873
-65.5759817154385
-65.57315119742672
-65.57032724910981
-65.56750986628577
-65.56469904472428
-65.56189478016678
-65.55909706832662
-65.55630590488909
-65.55352128551155
-65.55074320582355
-65.54797166142689
-65.54520664789571
-65.54244816077666
-65.53969619558892
-65.53695074782433
-65.53421181294749
-65.53147938639586
-65.52875346357983
-65.52603403988287
-65.5233211106616
-65.52061467124587
-65.51791471693889
-65.51522124301734
-65.51253424473143
-65.50985371730502
-65.50717965593572
-65.50451205579499
-65.50185091202825
-65.49919621975495
-65.4965479740687
-65.49390617003739
-65.4912708027032
-65.4886418670828
-65.48601935816743
-65.48340327092292
-65.48079360028991
-65.4781903411839
-65.4755934884953
-65.47300303708961
-65.4704189818075
-65.46784131746485
-65.46527003885295
-65.46270514073854
-65.46014661786391
-65.45759446494705
-65.45504867668168
-65.45250924773742
-65.44997617275988
-65.4474494463708
-65.4449290631682
-65.44241501772652
-65.43990730459657
-65.4374059183058
-65.4349108533582
-65.43242210423455
-65.42993966539238
-65.42746353126616
-65.42499369626732
-65.42253015478441
-65.42007290118316
-65.41762192980659
-65.4151772349751
-65.41273881098662
-65.41030665211666
-65.40788075261842
-65.40546110672292
-65.40304770863906
-65.40064055255378
-65.39823963263213
-65.39584494301734
-65.39345647783098
-65.39107423117309
-65.38869819712217
-65.38632836973538
-65.38396474304861
-65.38160731107659
-65.37925606781302
-65.37691100723059
-65.3745721232812
-65.37223940989595
-65.36991286098535
-65.36759247043933
-65.36527823212744
-65.36297013989882
-65.36066818758248
-65.35837236898722
-65.35608267790188
-65.35379910809537
-65.3515216533168
-65.34925030729553
-65.34698506374139
-65.34472591634464
-65.34247285877619
-65.34022588468764
-65.33798498771138
-65.33575016146074
-65.33352139953003
-65.33129869549472
-65.32908204291147
-65.32687143531827
-65.32466686623452
-65.32246832916117
-65.32027581758078
-65.31808932495764
-65.3159088447379
-65.31373437034962
-65.3115658952029
-65.30940341269002
-65.30724691618545
-65.30509639904605
-65.30295185461111
-65.30081327620246
-65.29868065712462
-65.29655399066485
-65.29443327009324
-65.29231848866284
-65.29020963960981
-65.28810671615341
-65.28600971149618
-65.28391861882403
-65.28183343130634
-65.27975414209601
-65.27768074432964
-65.2756132311276
-65.27355159559407
-65.27149583081727
-65.26944592986943
-65.26740188580696
-65.26536369167053
-65.2633313404852
-65.26130482526044
-65.25928413899035
-65.25726927465367
-65.25526022521386
-65.25325698361932
-65.25125954280335
-65.24926789568437
-65.2472820351659
-65.24530195413676
-65.24332764547115
-65.2413591020287
-65.23939631665462
-65.23743928217978
-65.23548799142083
-65.23354243718026
-65.23160261224653
-65.2296685093942
-65.22774012138392
-65.22581744096263
-65.22390046086365
-65.2219891738067
-65.2200835724981
-65.21818364963077
-65.21628939788441
-65.21440080992554
-65.21251787840762
-65.21064059597116
-65.20876895524377
-65.20690294884032
-65.20504256936299
-65.20318780940136
-65.20133866153256
-65.19949511832131
-65.19765717232004
-65.19582481606898
-65.19399804209628
-65.19217684291807
-65.19036121103856
-65.18855113895017
-65.18674661913359
-65.18494764405786
-65.18315420618053
-65.18136629794769
-65.17958391179413
-65.17780704014332
-65.17603567540766
-65.17426980998843
-65.17250943627599
-65.1707545466498
-65.16900513347856
-65.16726118912028
-65.1655227059224
-65.16378967622185
-65.16206209234515
-65.16033994660852
-65.15862323131796
-65.15691193876934
-65.15520606124852
-65.15350559103139
-65.151810520384
-65.15012084156267
-65.148436546814
-65.14675762837508
-65.1450840784735
-65.14341588932746
-65.14175305314586
-65.14009556212844
-65.13844340846579
-65.13679658433954
-65.13515508192232
-65.13351889337798
-65.1318880108616
-65.13026242651962
-65.12864213248989
-65.12702712090177
-65.12541738387625
-65.12381291352602
-65.12221370195552
-65.12061974126108
-65.119031023531
-65.11744754084557
-65.1158692852773
-65.11429624889085
-65.11272842374322
-65.11116580188379
-65.10960837535443
-65.10805613618957
-65.10650907641632
-65.10496718805447
-65.10343046311671
-65.10189889360859
-65.1003724715287
-65.09885118886868
-65.09733503761335
-65.0958240097408
-65.09431809722243
-65.09281729202308
-65.09132158610112
-65.08983097140847
-65.08834543989077
-65.0868649834874
-65.0853895941316
-65.08391926375052
-65.08245398426531
-65.08099374759126
-65.0795385456378
-65.07808837030865
-65.07664321350185
-65.07520306710988
-65.07376792301973
-65.07233777311298
-65.07091260926585
-65.06949242334936
-65.06807720722934
-65.06666695276654
-65.06526165181671
-65.06386129623068
-65.06246587785444
-65.06107538852918
-65.05968982009146
-65.05830916437321
-65.05693341320186
-65.05556255840038
-65.05419659178739
-65.05283550517726
-65.05147929038014
-65.0501279392021
-65.04878144344514
-65.04743979490733
-65.04610298538287
-65.04477100666212
-65.04344385053173
-65.04212150877468
-65.0408039731704
-65.0394912354948
-65.03818328752034
-65.03688012101618
-65.03558172774815
-65.03428809947889
-65.03299922796793
-65.03171510497172
-65.03043572224377
-65.02916107153462
-65.02789114459203
-65.02662593316099
-65.02536542898379
-65.02410962380013
-65.02285850934715
-65.0216120773595
-65.02037031956952
-65.01913322770714
-65.01790079350009
-65.01667300867392
-65.01544986495205
-65.01423135405591
-65.01301746770493
-65.01180819761669
-65.01060353550692
-65.00940347308962
-65.00820800207713
-65.00701711418016
-65.00583080110789
-65.00464905456805
-65.00347186626696
-65.00229922790963
-65.00113113119983
-64.99996756784012
-64.998808529532
-64.99765400797592
-64.99650399487139
-64.995358481917
-64.99421746081053
-64.993080923249
-64.9919488609287
-64.99082126554534
-64.98969812879402
-64.98857944236933
-64.98746519796546
-64.98635538727622
-64.98525000199507
-64.98414903381527
-64.98305247442988
-64.98196031553186
-64.9808725488141
-64.97978916596954
-64.97871015869114
-64.97763551867207
-64.97656523760566
-64.97549930718552
-64.9744377191056
-64.97338046506025
-64.97232753674426
-64.97127892585297
-64.97023462408228
-64.96919462312876
-64.96815891468965
-64.967127490463
-64.96610034214767
-64.96507746144341
-64.96405884005097
-64.96304446967204
-64.96203434200945
-64.96102844876712
-64.96002678165021
-64.9590293323651
-64.95803609261952
-64.95704705412254
-64.95606220858467
-64.95508154771795
-64.95410506323593
-64.95313274685378
-64.95216459028836
-64.95120058525823
-64.95024072348377
-64.94928499668715
-64.94833339659252
-64.94738591492595
-64.94644254341556
-64.94550327379157
-64.94456809778639
-64.94363700713457
-64.94270999357295
-64.94178704884065
-64.94086816467919
-64.93995333283246
-64.93904254504683
-64.9381357930712
-64.937233068657
-64.93633436355832
-64.9354396695319
-64.93454897833725
-64.93366228173662
-64.9327795714951
-64.9319008393807
-64.93102607716436
-64.93015527661997
-64.92928842952452
-64.92842552765808
-64.92756656280386
-64.92671152674828
-64.925860411281
-64.925013208195
-64.92416990928659
-64.92333050635551
-64.92249499120499
-64.92166335564178
-64.92083559147628
-64.92001169052251
-64.91919164459819
-64.91837544552475
-64.91756308512738
-64.91675455523513
-64.91594984768086
-64.91514895430134
-64.9143518669373
-64.91355857743345
-64.91276907763856
-64.91198335940548
-64.9112014145912
-64.91042323505694
-64.90964881266811
-64.90887813929444
-64.90811120680999
-64.90734800709318
-64.90658853202684
-64.90583277349832
-64.90508072339942
-64.90433237362653
-64.90358771608062
-64.9028467426673
-64.90210944529686
-64.90137581588432
-64.90064584634949
-64.89991952861698
-64.89919685461625
-64.89847781628168
-64.8977624055526
-64.89705061437328
-64.89634243469308
-64.89563785846642
-64.89493687765278
-64.89423948421687
-64.89354567012857
-64.89285542736299
-64.89216874790054
-64.89148562372695
-64.89080604683329
-64.8901300092161
-64.88945750287728
-64.88878851982427
-64.88812305207004
-64.88746109163311
-64.88680263053762
-64.88614766081332
-64.88549617449571
-64.88484816362595
-64.884203620251
-64.88356253642361
-64.88292490420238
-64.88229071565179
-64.88165996284222
-64.88103263785001
-64.8804087327575
-64.87978823965307
-64.87917115063112
-64.87855745779224
-64.87794715324316
-64.87734022909702
-64.87673667747329
-64.87613649049777
-64.87553966030256
-64.87494617902611
-64.87435603881319
-64.87376923181499
-64.87318575018911
-64.8726055860996
-64.872028731717
-64.87145517921833
-64.87088492078722
-64.87031794861387
-64.86975425489507
-64.86919383183431
-64.86863667164172
-64.86808276653422
-64.86753210873539
-64.86698469047569
-64.86644050399237
-64.8658995415295
-64.86536179533809
-64.86482725767603
-64.86429592080819
-64.86376777700642
-64.86324281854957
-64.86272103772353
-64.86220242682131
-64.86168697814298
-64.86117468399577
-64.8606655366941
-64.86015952855955
-64.85965665192097
-64.85915689911445
-64.85866026248337
-64.85816673437844
-64.85767630715773
-64.85718897318665
-64.85670472483807
-64.85622355449225
-64.85574545453694
-64.85527041736741
-64.85479843538639
-64.85432950100422
-64.85386360663877
-64.85340074471556
-64.85294090766772
-64.85248408793602
-64.85203027796898
-64.85157947022277
-64.85113165716135
-64.8506868312564
-64.85024498498744
-64.84980611084178
-64.84937020131461
-64.84893724890895
-64.84850724613575
-64.84808018551388
-64.84765605957013
-64.8472348608393
-64.84681658186416
-64.84640121519553
-64.84598875339226
-64.8455791890213
-64.84517251465763
-64.84476872288442
-64.84436780629296
-64.8439697574827
-64.84357456906127
-64.84318223364457
-64.84279274385666
-64.84240609232994
-64.84202227170503
-64.84164127463089
-64.84126309376481
-64.8408877217724
-64.8405151513277
-64.84014537511307
-64.83977838581933
-64.83941417614574
-64.8390527388
-64.83869406649832
-64.83833815196537
-64.83798498793436
-64.83763456714703
-64.83728688235372
-64.83694192631332
-64.8365996917933
-64.83626017156982
-64.83592335842762
-64.83558924516015
-64.8352578245695
-64.83492908946648
-64.83460303267064
-64.83427964701025
-64.83395892532232
-64.83364086045266
-64.83332544525588
-64.8330126725954
-64.83270253534347
-64.83239502638118
-64.8320901385985
-64.83178786489428
-64.83148819817627
-64.83119113136117
-64.83089665737457
-64.83060476915105
-64.83031545963415
-64.8300287217764
-64.82974454853934
-64.82946293289352
-64.82918386781856
-64.8289073463031
-64.82863336134486
-64.82836190595066
-64.8280929731364
-64.82782655592713
-64.827562647357
-64.82730124046932
-64.8270423283166
-64.82678590396046
-64.82653196047175
-64.82628049093054
-64.82603148842611
-64.82578494605697
-64.8255408569309
-64.8252992141649
-64.82506001088531
-64.82482324022773
-64.82458889533706
-64.82435696936754
-64.82412745548272
-64.82390034685552
-64.8236756366682
-64.8234533181124
-64.82323338438916
-64.82301582870888
-64.8228006442914
-64.822587824366
-64.82237736217134
-64.82216925095555
-64.82196348397626
-64.82176005450053
-64.82155895580489
-64.82136018117538
-64.82116372390757
-64.82096957730651
-64.8207777346868
-64.82058818937256
-64.82040093469747
-64.82021596400477
-64.82003327064729
-64.81985284798739
-64.81967468939708
-64.81949878825793
-64.81932513796114
-64.81915373190753
-64.81898456350756
-64.8188176261813
-64.81865291335852
-64.8184904184786
-64.81833013499063
-64.81817205635335
-64.81801617603519
-64.8178624875143
-64.81771098427852
-64.8175616598254
-64.81741450766224
-64.81726952130602
-64.8171266942835
-64.8169860201312
-64.81684749239534
-64.81671110463195
-64.8165768504068
-64.81644472329549
-64.81631471688335
-64.81618682476555
-64.81606104054701
-64.81593735784251
-64.81581577027663
-64.81569627148374
-64.81557885510809
-64.81546351480372
-64.81535024423457
-64.81523903707436
-64.81512988700673
-64.81502278772514
-64.81491773293294
-64.81481471634334
-64.81471373167943
-64.8146147726742
-64.81451783307054
-64.8144229066212
-64.81432998708888
-64.81423906824615
-64.81415014387551
-64.81406320776937
-64.81397825373007
-64.81389527556989
-64.81381426711103
-64.81373522218563
-64.81365813463577
-64.81358299831349
-64.81350980708076
-64.81343855480955
-64.81336923538173
-64.81330184268916
-64.81323637063369
-64.81317281312712
-64.81311116409124
-64.8130514174578
-64.81299356716853
-64.81293760717519
-64.81288353143948
-64.81283133393312
-64.81278100863781
-64.81273254954527
-64.81268595065721
-64.81264120598534
-64.8125983095514
-64.81255725538712
-64.81251803753425
-64.81248065004453
-64.81244508697978
-64.81241134241176
-64.81237941042234
-64.81234928510334
-64.81232096055665
-64.81229443089416
-64.81226969023781
-64.81224673271957
-64.81222555248145
-64.81220614367547
-64.81218850046369
-64.81217261701823
-64.81215848752124
-64.8121461061649
-64.81213546715145
-64.81212656469313
-64.81211939301228
-64.81211394634126
-64.81211021892244
-64.81210820500829
-64.81210789886129
-64.81210929475397
-64.8121123869689
-64.81211716979874
-64.81212363754615
-64.81213178452384
-64.81214160505458
-64.81215309347118
-64.81216624411651
-64.81218105134346
-64.81219750951499
-64.81221561300408
-64.8122353561938
-64.81225673347718
-64.81227973925739
-64.81230436794759
-64.81233061397097
-64.8123584717608
-64.81238793576036
-64.81241900042296
-64.81245166021199
-64.81248590960084
-64.81252174307294
-64.81255915512175
-64.81259814025078
-64.81263869297356
-64.81268080781363
-64.81272447930459
-64.81276970199005
-64.81281647042361
-64.81286477916895
-64.81291462279974
-64.81296599589965
-64.81301889306238
-64.81307330889165
-64.81312923800117
-64.81318667501468
-64.81324561456591
-64.81330605129861
-64.81336797986648
-64.81343139493329
-64.81349629117275
-64.81356266326857
-64.81363050591447
-64.81369981381413
-64.81377058168123
-64.8138428042394
-64.81391647622229
-64.8139915923735
-64.81406814744659
-64.8141461362051
-64.81422555342252
-64.81430639388229
-64.81438865237786
-64.81447232371255
-64.8145574026997
-64.81464388416255
-64.81473176293429
-64.81482103385804
-64.81491169178688
-64.81500373158377
-64.81509714812165
-64.81519193628333
-64.81528809096156
-64.815385607059
-64.8154844794882
-64.81558470317164
-64.81568627304166
-64.81578918404054
-64.81589343112039
-64.81599900924326
-64.81610591338104
-64.81621413851549
-64.81632367963829
-64.81643453175091
-64.81654668986477
-64.81666014900104
-64.8167749041908
-64.81689095047497
-64.81700828290431
-64.81712689653938
-64.8172467864506
-64.81736794771821
-64.81749037543224
-64.81761406469258
-64.81773901060886
-64.81786520830056
-64.81799265289693
-64.81812133953702
-64.81825126336966
-64.81838241955344
-64.81851480325675
-64.81864840965773
-64.81878323394426
-64.81891927131399
-64.81905651697433
-64.8191998861019
-64.81936565781189
-64.81958600064164
-64.8199103207452
-64.82040374172956
-64.82114365659174
-64.82221533779588
-64.82370738625536
-64.82570753922997
-64.82829912801436
-64.83155830534989
-64.83555204854353
-64.8403368762106
-64.84595818167425
-64.85245007336627
-64.85983561365876
-64.86812735643473
-64.8773280963633
-64.88743175672965
-64.8984243562571
-64.91028500781445
-64.92298691283757
-64.9364983245987
-64.95078346117863
-64.96580335526673
-64.98151663291081
-64.99788021724058
-65.01484995617031
-65.03238117531204
-65.05042915893452
-65.06894956291855
-65.08789876438304
-65.10723415307164
-65.12691436977265
-65.146899497051
-65.16715120744772
-65.18763287408612
-65.20830964834538
-65.22914850894347
-65.25011828643247
-65.27118966675724
-65.29233517719001
-65.31352915759967
-65.33474771970954
-65.35596869669058
-65.3771715851517
-65.39833748132797
-65.41944901302918
-65.440490268693
-65.46144672469143
-65.48230517186381
-65.50305364209322
-65.5236813356043
-65.54417854953806
-65.56453660825245
-65.58474779570348
-65.60480529018116
-65.62470310160468
-65.64443601152841
-65.66399951593652
-65.683389770881
-65.7026035409886
-65.72163815081755
-65.74049143902415
-65.75916171527942
-65.77764771986132
-65.78753896189451
-65.79215011823146
-65.79288809994586
-65.79057777380105
-65.78579988039203
-65.77899823204443
-65.7705257479613
-65.76066995229084
-65.7496692664178
-65.73772416729383
-65.72500512950144
-65.71165843580047
-65.69781052910385
-65.68357134234398
-65.66903689674463
-65.65429136575436
-65.639408741052
-65.62445419666662
-65.60948522005704
-65.59455256037744
-65.57970103120513
-65.56497019585237
-65.5503949568074
-65.53600606605212
-65.52183056944746
-65.50789219570507
-65.49421169842643
-65.48080715811744
-65.46769424985767
-65.45488648133255
-65.44239540516311
-65.43023080882715
-65.4184008849851
-65.4069123845892
-65.39577075481348
-65.38498026355695
-65.37454411203296
-65.36446453675696
-65.35474290207434
-65.34537978422578
-65.33637504782384
-65.32772791550882
-65.31943703146113
-65.31150051936868
-65.30391603537944
-65.29668081651104
-65.28979172493686
-65.28324528852356
-65.27703773795555
-65.27116504074704
-65.2656229324119
-65.26040694503494
-65.2555124334639
-65.25093459932081
-65.24666851301244
-65.24270913390289
-65.23905132879656
-65.23568988886632
-65.23261954515004
-65.22983498272768
-65.22733085368161
-65.22510178893442
-65.22314240905031
-65.22144733407926
-65.22001119251695
-65.21882862944737
-65.21789431392976
-65.21720294568702
-65.21674926114794
-65.21652803889206
-65.2165341045419
-65.2167623351443
-65.21720766307915
-65.2178650795316
-65.21872963756044
-65.21979645479355
-65.22106071577896
-65.22251767401792
-65.22416265370454
-65.22599105119495
-65.22799833622729
-65.23018005291205
-65.23253182051151
-65.235049334025
-65.23772836459622
-65.24056475975708
-65.2435544435222
-65.2466934163466
-65.24997775495864
-65.25340361207915
-65.25696721603731
-65.26066487029257
-65.26449295287179
-65.26844791572971
-65.2725262840405
-65.27672465542751
-65.28103969913803
-65.28546815516886
-65.29000683334881
-65.29465261238317
-65.29940243886499
-65.30425332625795
-65.30920235385487
-65.31424666571571
-65.31938346958876
-65.32461003581821
-65.32992369624128
-65.33532184307755
-65.34080192781316
-65.3463614600823
-65.35199800654806
-65.35770918978457
-65.36349268716249
-65.36934622973921
-65.37526760115549
-65.38125463653972
-65.38730522142122
-65.39341729065346
-65.39958882734858
-65.40581786182358
-65.41210247055953
-65.41844077517403
-65.42483094140789
-65.43127117812634
-65.43775973633544
-65.44429490821393
-65.45087502616099
-65.45749846186013
-65.46416362535949
-65.47086896416869
-65.47761296237242
-65.48439413976084
-65.49121105097684
-65.49806228468027
-65.5049464627323
-65.5118622393905
-65.5188083005228
-65.52578336283905
-65.53278617313903
-65.53981550757732
-65.54687017094419
-65.55394899596288
-65.56105084260267
-65.56817459740786
-65.5753191728424
-65.58248350664977
-65.58966656122819
-65.59686732302063
-65.6040848019197
-65.6113180306868
-65.61856606438573
-65.62582797983006
-65.63310287504437
-65.64038986873886
-65.6476880997972
-65.65499672677734
-65.66231492742496
-65.66964189819939
-65.67697685381164
-65.68431902677436
-65.69166766696324
-65.69902204118999
-65.70638143278671
-65.71374514120093
-65.72111248160122
-65.72848278449321
-65.73585539534565
-65.7432296742265
-65.75060499544857
-65.75798074722458
-65.76535633133147
-65.77273116278361
-65.78010466951474
-65.78747629206845
-65.7948454832969
-65.80221170806774
-65.80957444297877
-65.81693317608025
-65.8242874066049
-65.83163664470497
-65.83898041120024
-65.84631823733048
-65.85364966450518
-65.86097424406941
-65.86829153707485
-65.8756011140569
-65.88290255481753
-65.89019544821399
-65.89747939195321
-65.9047539923917
-65.91201886434075
-65.91927363087686
-65.92651792315729
-65.9337513802405
-65.9409736489113
-65.9481843835108
-65.95538324577079
-65.96256990465244
-65.96974403618947
-65.97690532333526
-65.98405345581412
-65.99118812997642
-65.99830904865752
-66.00541592104041
-66.01250846252118
-66.01958639457956
-66.0266494446522
-66.03369734600886
-66.04072983763201
-66.04774666409942
-66.05474757546986
-66.061732327174
-66.06870067990472
-66.07565239950979
-66.0825872568886
-66.08950502789169
-66.09640549322292
-66.10328843834395
-66.11015365338112
-66.1170009330346
-66.12383007648988
-66.13064088733125
-66.13743317345755
-66.14420674699993
-66.15096142424154
-66.15769702553926
-66.16441337524724
-66.17111030164226
-66.17778763685098
-66.18444521677873
-66.19108288104012
-66.19770047289126
-66.20429783916347
-66.21087483019866
-66.21743129978606
-66.22396710510051
-66.23048210664177
-66.2369761681759
-66.24344915667764
-66.24990094227415
-66.2563313981898
-66.26274040069235
-66.26912782904024
-66.27549356543106
-66.28183749495113
-66.2881595055262
-66.29445948787311
-66.3007373354527
-66.30699294442341
-66.31322621359624
-66.31943704439021
-66.32562534078919
-66.33179100929925
-66.33793395890719
-66.34405410103966
-66.35015134952332
-66.35622562054634
-66.36227683262115
-66.3683049065462
-66.37430976536868
-66.38029133434796
-66.38624954092009
-66.39218431466291
-66.39809558726198
-66.40398329247708
-66.40984736610947
-66.41568774596973
-66.42150437184614
-66.42729718547378
-66.4330661305041
-66.4388111524751
-66.44453219878201
-66.45022921864857
-66.45590216309884
-66.46155098492969
-66.46717563868354
-66.4727760806216
-66.47835226869745
-66.48390416253116
-66.48943172338384
-66.49493491413267
-66.50041369924625
-66.50586804476056
-66.51129791825504
-66.51670328882932
-66.5220841270804
-66.5274404050801
-66.53277209635289
-66.53807917585407
-66.54336161994826
-66.54861940638826
-66.55385251429423
-66.55906092413325
-66.56424461769912
-66.56940357809255
-66.57453778970164
-66.57964723818266
-66.58473191044114
-66.58979179461322
-66.59482688004731
-66.59983715728605
-66.60482261804847
-66.60978325517686
-66.61471906259153
-66.61963003528071
-66.6245161693029
-66.6293774617893
-66.6342139109423
-66.6390255160296
-66.64381227737509
-66.64857419634691
-66.653311275344
-66.65802351778136
-66.6627109280749
-66.66737351162575
-66.67201127480462
-66.67662422493609
-66.6812123702832
-66.68577572003214
-66.69031428427719
-66.69482807400608
-66.69931710108541
-66.70378137824656
-66.70822091907169
-66.71263573798016
-66.71702585021552
-66.72139127183355
-66.72573201968783
-66.73004811141676
-66.73433956543124
-66.7386064009024
-66.74284863774966
-66.74706629662894
-66.75125939892106
-66.75542796672029
-66.75957202282314
-66.7636915907172
-66.76778669457032
-66.77185735921972
-66.77590361016152
-66.77992547354019
-66.78392297613829
-66.78789614536628
-66.79184500925255
-66.79576959643352
-66.79966993614384
-66.80354605820686
-66.80739799302506
-66.81122577157075
-66.81502942537679
-66.81880898652749
-66.82256448764961
-66.8262959619035
-66.83000344297425
-66.83368696506312
-66.837346562879
-66.84098227162995
-66.84459412701486
-66.84818216521525
-66.85174642288716
-66.85528693715312
-66.85880374559424
-66.86229688624239
-66.86576639757243
-66.86921231849468
-66.8726346883473
-66.87603354688893
-66.87940893429128
-66.88276089113191
-66.88608945838706
-66.88939467742462
-66.89267658999708
-66.89593523823464
-66.89917066463846
-66.90238291207388
-66.90557202376372
-66.90873804328189
-66.9118810145467
-66.9150009818146
-66.91809798967381
-66.9211720830381
-66.92422330714056
-66.9272517075276
-66.93025733005284
-66.93324022087123
-66.93620042643317
-66.93913799348036
-66.94205296903924
-66.94494540041369
-66.94781533517983
-66.95066282118076
-66.95348790652113
-66.95629063956186
-66.9590710689148
-66.96182924343756
-66.96456521222832
-66.96727902462072
-66.96997073017883
-66.97264037869213
-66.97528802017065
-66.97791370484005
-66.98051748313682
-66.98309940570358
-66.98565952338437
-66.98819788722
-66.9907145484435
-66.99320955847564
-66.9956829689204
-66.99813483156068
-67.0005651983538
-67.00297412142736
-67.00536165307494
-67.0077278457519
-67.01007275207128
-67.01239642479973
-67.01469891685343
-67.0169802812942
-67.01924057132548
-67.02147984028855
-67.02369814165863
-67.02589552904114
-67.02807205616797
-67.03022777689381
-67.03236274519247
-67.03447701515337
-67.03657064097794
-67.03864367697615
-67.04069617756308
-67.04272819725546
-67.04473979066836
-67.04673101251187
-67.04870191758779
-67.05065256078647
-67.05258299708353
-67.05449328153678
-67.05638346928308
-67.0582536155353
-67.0601037755793
-67.06193400477088
-67.0637443585329
-67.06553489235239
-67.06730566177761
-67.06905672241527
-67.07078812992772
-67.0724999400302
-67.07419220848813
-67.0758649911144
-67.07751834376677
-67.07915232234524
-67.08076698278946
-67.0823623810762
-67.08393857321687
-67.08549561525504
-67.08703356326396
-67.08855247334422
-67.09005240162136
-67.0915334042435
-67.09299553737908
-67.09443885721456
-67.09586341995217
-67.0972692818081
-67.09865649901023
-67.10002512779567
-67.10137522440857
-67.10270684509798
-67.10402004611592
-67.10531488371531
-67.10659141414794
-67.10784969366262
-67.1090897785031
-67.11031172490628
-67.11151558910024
-67.1127014273024
-67.11386929571772
-67.11501925053688
-67.11615134793445
-67.1172656440672
-67.11836219507236
-67.11944105706588
-67.12050228614076
-67.12154593836544
-67.12257206978212
-67.12358073640517
-67.12457199421956
-67.12554589917931
-67.12650250720593
-67.12744187418691
-67.12836405597427
-67.12926910838306
-67.13015708718991
-67.13102804813165
-67.13188204690391
-67.13271913915968
-67.13353938050803
-67.13434282651274
-67.13512953269101
-67.13589955451214
-67.13665294739627
-67.13738976671316
-67.1381100677809
-67.13881390586478
-67.139501336176
-67.14017241387057
-67.14082719404817
-67.14146573175096
-67.14208808196247
-67.14269429960656
-67.1432844395463
-67.14385855658294
-67.14441670545479
-67.1449589408363
-67.14548531733699
-67.1459958895005
-67.14649071180358
-67.14696983865515
-67.14743332439542
-67.14788122329489
-67.1483135895535
-67.1487304772997
-67.1491319405896
-67.14951803340611
-67.1498888096581
-67.15024432317952
-67.15058462772868
-67.15090977698733
-67.15121982456
-67.15151482397316
-67.15179482867447
-67.15205989203206
-67.15231006733379
-67.15254540778653
-67.1527659665155
-67.15297179656358
-67.15316295089055
-67.15333948237257
-67.15350144380146
-67.15364888788405
-67.15378186724162
-67.15390043440928
-67.15400464183531
-67.15409454188068
-67.15417018681842
-67.15423162883306
-67.15427892002013
-67.1543121123856
-67.15433125784531
-67.1543364082246
-67.15432761525761
-67.15430493058702
-67.15426840576335
-67.15421809224466
-67.15415404139605
-67.15407630448917
-67.15398493270182
-67.15387997711754
-67.15376148872517
-67.15362951841848
-67.15348411699574
-67.15332533515937
-67.1531532235155
-67.15296783257374
-67.15276921274668
-67.15255741434962
-67.15233248760022
-67.15209448261818
-67.15184344942493
-67.15157943794327
-67.15130249799712
-67.15101267931124
-67.15071003151088
-67.15039460412159
-67.15006644656887
-67.14972560817797
-67.14937213817365
-67.14900608567983
-67.14862749971951
-67.14823642921444
-67.1478329229849
-67.14741702974958
-67.14698879812525
-67.14654827662667
-67.14609551366634
-67.14563055755431
-67.14515345649806
-67.14466425860229
-67.14416301186876
-67.14364976419614
-67.14312456337989
-67.14258745711206
-67.1420384929812
-67.14147771847225
-67.14090518096631
-67.14032092774069
-67.13972500596863
-67.13911746271933
-67.13849834495777
-67.13786769954464
-67.13722557323628
-67.13657201268457
-67.13590706443684
-67.13523077493582
-67.13454319051962
-67.1338443574216
-67.13313432177031
-67.13241312958955
-67.13168082679817
-67.13093745921019
-67.1301830725346
-67.12941771237551
-67.128641424232
-67.12785425349811
-67.1270562454629
-67.12624744531034
-67.12542789811943
-67.12459764886408
-67.12375674241316
-67.12290522353054
-67.12204313687502
-67.12117052700046
-67.12028743835569
-67.1193939152846
-67.11849000202618
-67.11757574271446
-67.11665118137867
-67.1157163619432
-67.11477132822765
-67.11381612394692
-67.11285079271121
-67.11187537802611
-67.11088992329265
-67.10989447180734
-67.10888906676227
-67.10787375124517
-67.10684856823943
-67.10581356062428
-67.10476877117476
-67.10371424256186
-67.1026500173526
-67.1015761380101
-67.10049264689368
-67.09939958625897
-67.09829699825794
-67.0971849249391
-67.09606340824753
-67.09493249002499
-67.09379221201004
-67.09264261583816
-67.09148374304185
-67.09031563505071
-67.08913833319166
-67.08795187868891
-67.08675631266422
-67.08555167613693
-67.08433801002414
-67.0831153551408
-67.0818837521999
-67.08064324181252
-67.07939386448803
-67.07813566063416
-67.07686867055725
-67.07559293446228
-67.07430849245304
-67.07301538453227
-67.07171365060182
-67.0704033304628
-67.0690844638157
-67.06775709026063
-67.06642124929738
-67.06507698032564
-67.06372432264511
-67.06236331545573
-67.06099399785771
-67.05961640885184
-67.05823058733955
-67.0568365721231
-67.0554344019058
-67.05402411529207
-67.05260575078768
-67.05117934679993
-67.04974494163777
-67.04830257351212
-67.04685228053633
-67.04539410072596
-67.04392807199882
-67.0338900878849
-67.0186526184928
-66.99964664602766
-66.97771118147173
-66.9534370542784
-66.92727585036583
-66.89958664239536
-66.87066186223433
-66.84074383681191
-66.81003612074181
-66.7787115695459
-66.7469182522235
-66.7147838846662
-66.68241922595942
-66.6499207318859
-66.61737266556516
-66.58484880353501
-66.55241383470482
-66.52012452205244
-66.48803067806273
-66.45617599177045
-66.42459873597946
-66.39333237655303
-66.36240610079568
-66.33184527833369
-66.30167186518547
-66.27190475964213
-66.24256011698058
-66.21365162878351
-66.18519077165759
-66.15718702934525
-66.12964809160188
-66.10258003269301
-66.07598747194429
-66.04987371842797
-66.02424090158317
-65.99909008932332
-65.97442139498047
-65.95023407413127
-65.92652661249605
-65.90329680593238
-65.88054183324262
-65.85825832244224
-65.83644241110272
-65.81508980133354
-65.79419580991507
-65.77375541397406
-65.75376329265995
-65.73421386518045
-65.71510132550829
-65.69641967404897
-65.67816274653406
-65.66032424037775
-65.64289773871225
-65.62587673229694
-65.60925463947868
-65.59302482436446
-65.57718061335932
-65.56171531018903
-65.54662220953654
-65.53189460940982
-65.51752582234036
-65.50350918550573
-65.48983806986203
-65.4765058883653
-65.46350610335469
-65.45083223316412
-65.43847785802387
-65.42643662530897
-65.41470225418637
-65.40326853970917
-65.39212935640235
-65.38127866138088
-65.37071049703826
-65.36041899334032
-65.35039836975682
-65.34064293686053
-65.3311470976218
-65.3219053484237
-65.31291227982207
-65.30416257707184
-65.29565102044016
-65.28737248532519
-65.27932194219778
-65.27149445638223
-65.26388518769102
-65.2564893899272
-65.24930241026742
-65.24231968853728
-65.23553675639005
-65.2289492363987
-65.22255284107078
-65.21634337179452
-65.21031671772442
-65.20446885461354
-65.19879584359931
-65.1932938299493
-65.18795904177244
-65.18278778870138
-65.1777764605506
-65.17292152595505
-65.16821953099316
-65.16366709779834
-65.15926092316231
-65.15499777713347
-65.15087450161322
-65.14688800895293
-65.14303528055407
-65.13931336547355
-65.13571937903637
-65.13225050145749
-65.1289039764749
-65.12567710999463
-65.12256726874885
-65.119571878969
-65.11668842507466
-65.11391444837929
-65.11124754581355
-65.10868536866698
-65.10622562134861
-65.10386606016706
-65.10160449213069
-65.09943877376793
-65.09736680996838
-65.0953865528447
-65.09349600061569
-65.0916931965104
-65.08997622769378
-65.08834322421343
-65.08679235796782
-65.08532184169576
-65.08392992798707
-65.08261490831443
-65.08137511208612
-65.08020890571964
-65.07911469173594
-65.07809090787407
-65.07713602622604
-65.07624855239169
-65.07542702465315
-65.07467001316894
-65.073976119187
-65.07334397427674
-65.07277223957965
-65.0722596050781
-65.07180478888219
-65.07140653653416
-65.07106362033014
-65.07077483865889
-65.07053901535723
-65.07035499908172
-65.07022166269643
-65.07013790267635
-65.07010263852612
-65.07011481221382
-65.07017338761939
-65.07027734999748
-65.07042570545431
-65.07061748043819
-65.07085172124357
-65.07112749352808
-65.07144388184238
-65.0717999891725
-65.07219493649434
-65.07262786234003
-65.07309792237588
-65.07360428899167
-65.07414615090092
-65.0747227127518
-65.07533319474864
-65.07597683228357
-65.07665287557806
-65.07736058933413
-65.07809925239499
-65.07886815741483
-65.07966661053753
-65.08049393108405
-65.08134945124831
-65.08223251580124
-65.08314248180278
-65.08407871832186
-65.0850406061637
-65.0860275376046
-65.08703891613379
-65.08807415620247
-65.08913268297923
-65.09021393211239
-65.09131734949857
-65.09244239105745
-65.0935885225127
-65.09475521917862
-65.09594196575259
-65.09714825611299
-65.09837359312257
-65.09961748843705
-65.10087946231863
-65.1021590434547
-65.10345576878117
-65.10476918331047
-65.10609883996408
-65.10744429940952
-65.10880512990154
-65.1101809071274
-65.11157121405628
-65.11297564079258
-65.11439378443289
-65.11582524892681
-65.11726964494123
-65.11872658972813
-65.1201957069957
-65.12167662678286
-65.12316898533678
-65.12467242499362
-65.12618659406223
-65.12771114671075
-65.12924574285601
-65.13079004805572
-65.13234373340332
-65.13390647542538
-65.13547795598153
-65.13705786216686
-65.13864588621662
-65.14024172541332
-65.14184508199591
-65.1434556630713
-65.14507318052787
-65.14669735095111
-65.14832789554114
-65.14996454003224
-65.15160701461427
-65.15325505385584
-65.15490839662931
-65.15656678603744
-65.15822996934183
-65.15989769789284
-65.1615697270612
-65.16324581617108
-65.16492572843465
-65.16660923088817
-65.1682960943294
-65.1699860932564
-65.17167900580763
-65.17337461370346
-65.17507270218876
-65.17677305997685
-65.1784754791946
-65.18017975532861
-65.18188568717262
-65.18359307677599
-65.18530172939317
-65.18701145343427
-65.18872206041662
-65.19043336491733
-65.19214518452674
-65.19385733980286
-65.19556965422667
-65.19728195415836
-65.1989940687943
-65.20070583012503
-65.20241707289382
-65.20412763455629
-65.20583735524055
-65.20754607770826
-65.20925364731636
-65.21095991197949
-65.2126647221331
-65.21436793069732
-65.21606939304137
-65.2177689669487
-65.2194665125827
-65.22116189245305
-65.2228549713827
-65.22454561647531
-65.2262336970834
-65.22791908477694
-65.22960165331257
-65.23128127860325
-65.23295783868853
-65.23463121370524
-65.23630128585867
-65.2379679393943
-65.2396310605699
-65.2412905376282
-65.24294626076988
-65.2445981221271
-65.24624601573737
-65.24788983751793
-65.24952948524046
-65.25116485850619
-65.25279585872146
-65.25442238907361
-65.25604435450725
-65.25766166170087
-65.25927421904385
-65.26088193661381
-65.26248472615428
-65.26408250105271
-65.26567517631878
-65.26726266856312
-65.26884489597623
-65.27042177830779
-65.27199323684624
-65.2735591943986
-65.27511957527071
-65.27667430524762
-65.27822331157435
-65.27976652293687
-65.2813038694433
-65.28283528260559
-65.28436069532111
-65.28588004185482
-65.28739325782148
-65.28890028016818
-65.29040104715712
-65.29189549834857
-65.29338357458411
-65.29486521797008
-65.2963403718612
-65.29780898084452
-65.29927099072344
-65.3007263485021
-65.3021750023698
-65.30361690168576
-65.30505199696405
-65.30648023985867
-65.3079015831488
-65.30931598072439
-65.31072338757173
-65.31212375975936
-65.31351705442411
-65.31490322975726
-65.31628224499096
-65.3176540603848
-65.31901863721245
-65.32037593774866
-65.32172592525623
-65.32306856397322
-65.3244038191004
-65.32573165678863
-65.3270520441267
-65.32836494912905
-65.32967034072377
-65.3309681887407
-65.33225846389978
-65.33354113779933
-65.33481618290475
-65.33608357253702
-65.33734328086169
-65.33859528287775
-65.3398395544067
-65.34107607208183
-65.3423048133375
-65.34352575639868
-65.34473888027043
-65.34594416472777
-65.34714159030538
-65.34833113828765
-65.34951279069871
-65.35068653029266
-65.35185234054381
-65.35301020563719
-65.354160110459
-65.35530204058732
-65.35643598228282
-65.3575619224796
-65.35867984877623
-65.35978974942672
-65.36089161333177
-65.36198543003
-65.36307118968934
-65.36414888309845
-65.3652185016584
-65.36628003737425
-65.3673334828468
-65.36837883126454
-65.36941607639547
-65.37044521257927
-65.37146623471934
-65.37247913827507
-65.37348391925414
-65.37448057420491
-65.3754691002089
-65.3764494948734
-65.37742175632405
-65.37838588319768
-65.37934187463503
-65.38028973027372
-65.3812294502412
-65.38216103514782
-65.38308448608
-65.38399980459337
-65.38490699270616
-65.38580605289253
-65.38669698807598
-65.38757980162293
-65.38845449733627
-65.38932107944906
-65.39017955261824
-65.39102992191845
-65.3918721928359
-65.39270637126235
-65.39353246348907
-65.39435047620094
-65.39516041647066
-65.3959622917529
-65.39675610987857
-65.39754187904923
-65.39831960783145
-65.39908930515132
-65.39985098028893
-65.40060464287302
-65.40135030287561
-65.40208797060674
-65.40281765670923
-65.40353937215353
-65.4042531282326
-65.4049589365569
-65.40565680904932
-65.40634675794037
-65.40702879576321
-65.40770293534884
-65.40836918982136
-65.40902757259325
-65.40967809736071
-65.41032077809903
-65.41095562905808
-65.41158266475777
-65.41220189998361
-65.41281334978233
-65.41341702945746
-65.41401295456514
-65.41460114090978
-65.41518160453988
-65.4157543617439
-65.41631942904607
-65.41687682320247
-65.41742656119689
-65.41796866023691
-65.41850313774998
-65.41903001137952
-65.41954929898112
-65.42006101861872
-65.42056518856087
-65.42106182727704
-65.42155095343396
-65.42203258589198
-65.4225067437015
-65.42297344609948
-65.42343271250584
-65.42388456252016
-65.42432901591809
-65.42476609264814
-65.42519581282824
-65.42561819674246
-65.42603326483781
-65.42644103772093
-65.42684153615498
-65.42723478105646
-65.42762079349211
-65.42799959467585
-65.42837120596575
-65.42873564886094
-65.4290929449988
-65.4294431161519
-65.42978618422515
-65.43012217125298
-65.43045109939642
-65.4307729909404
-65.4310878682909
-65.43139575397231
-65.43169667062465
-65.43199064100098
-65.4322776879647
-65.432557834487
-65.43283110364425
-65.4330975186155
-65.43335710267995
-65.43360987921444
-65.43385587169108
-65.43409510367474
-65.43432759882069
-65.43455338087229
-65.43477247365857
-65.434984901092
-65.43519068716616
-65.4353898559535
-65.43558243160318
-65.43576843833874
-65.43594790045609
-65.43612084232122
-65.4362872883682
-65.43644726309705
-65.43660079107164
-65.4367478969177
-65.43688860532076
-65.43702294102422
-65.43715092882734
-65.43727259358329
-65.4373879601973
-65.43749705362468
-65.43759989886902
-65.43769652098031
-65.43778694505313
-65.43787119622486
-65.43794929967386
-65.43802128061778
-65.43808716431174
-65.43814697604674
-65.43820074114787
-65.43824848497266
-65.43829023290948
-65.43832601037586
-65.43835584281693
-65.43837975570382
-65.43839777453205
-65.43840992482008
-65.43841623210771
-65.4384167219546
-65.43841141993879
-65.43840035165525
-65.43838354271438
-65.43836101874065
-65.43833280537115
-65.4382989282542
-65.438259413048
-65.43821428541928
-65.43816357104191
-65.43810729559564
-65.43804548476481
-65.437978164237
-65.43790535970179
-65.43782709684957
-65.43774340137023
-65.43765429895197
-65.43755981528012
-65.43745997603595
-65.43735480689548
-65.43724433352835
-65.43712858159667
-65.43700757675393
-65.43688134464385
-65.43674991089934
-65.43661330114139
-65.43647154097803
-65.43632465600328
-65.43617267179613
-65.43601561391948
-65.43585350791922
-65.43568637932317
-65.43551425364014
-65.43533715635897
-65.43515511294757
-65.43496814885202
-65.43477628949562
-65.43457956027798
-65.43437798657416
-65.4341715937338
-65.43396040708016
-65.43374445190943
-65.43352375348971
-65.43329833706031
-65.43306822783089
-65.43283345098062
-65.43259403165749
-65.43234999497739
-65.43210136602346
-65.4318481698453
-65.43159043145818
-65.43132817584235
-65.43106142794232
-65.43079021266612
-65.43051455488464
-65.43023447943087
-65.42995001109932
-65.42966117464526
-65.42936799478413
-65.42907049619086
-65.42876870349923
-65.42846264130131
-65.42815233414677
-65.42783780654231
-65.42751908295108
-65.42719618779202
-65.42686914543938
-65.4265379802221
-65.42620271642318
