-65.0
-64.70561315287112
-64.41255949218979
-64.12083034861229
-63.830418187448316
-63.54131545125444
-63.25351458422096
-62.967008232583446
-62.681789084969886
-62.39784918257809
-62.11518074103519
-61.833776093356725
-61.55362693730198
-61.2747245807743
-60.997060490249524
-60.72062622285959
-60.44541157517934
-60.17140659454731
-59.898601496625005
-59.62698563039548
-59.35654674286635
-59.087272878141526
-58.81915228300196
-58.55217064313135
-58.28631260078005
-58.021563169008544
-57.757907617651036
-57.49532587568062
-57.233797973625826
-56.973304420751305
-56.71382520430777
-56.45533260530909
-56.197799832596196
-55.94120074000498
-55.685506814925745
-55.43067998877101
-55.17668346713941
-54.92348134738628
-54.67103294145723
-54.41928514930946
-54.168186636072086
-53.917687298296634
-53.66772941855964
-53.418238160807775
-53.16914111553613
-52.920367535400466
-52.671836036121704
-52.42344036817402
-52.17507752746599
-51.926646637072515
-51.67803282336079
-51.42908427346023
-51.179653265072226
-50.9295945017214
-50.67874337741236
-50.426881388002116
-50.173794561833915
-49.91927094325141
-49.663066315451594
-49.40486290071081
-49.14434636010456
-48.881201922409616
-48.61504656246682
-48.345410552453764
-48.07182220495413
-47.79380175091073
-47.51070486496959
-47.22181895618807
-46.926413097946394
-46.62365981640953
-46.31247243387812
-45.991721967369934
-45.66020826809354
-45.316252834800466
-44.958078110381244
-44.583710314011185
-44.1904908818712
-43.77552970528158
-43.33522762457225
-42.8651894824364
-42.36019414227993
-41.81348497215068
-41.216852326478644
-40.559699947298974
-39.828300883086634
-39.00501188483515
-38.06640953678865
-36.98054277015333
-35.704012123809235
-34.176523693449745
-32.31539881993929
-30.008358026543874
-27.113301885805257
-23.481711897244395
-19.05015240254864
-14.033481057993136
-9.089493658083825
-5.065347026283904
-2.389386335848186
-0.8892417984237657
-0.14276497959520684
0.20565148479130307
0.36725769017738075
0.44698288182133067
0.4921908095813102
0.5232997022698341
0.5489978947784943
0.5730219778072552
0.5970255210341653
0.6217715671980378
0.6476300288569038
0.6747889510193709
0.7033468086769669
0.7333542156212842
0.7648334176229321
0.7977876388600866
0.8322055901896644
0.8680635735396935
0.9053263556296843
0.9439474102474735
0.9838688559628804
1.0250212807263486
1.067320701698357
1.1106707390792054
1.1549647985837426
1.2000855748725843
1.2459051411321753
1.2922854593173905
1.3390792248829784
1.3861309956383117
1.4332785685406948
1.4803545716852406
1.5271882370511467
1.5736083662118598
1.6194448146756333
1.6645296955434286
1.7086995438317676
1.7517974008845254
1.7936747828612343
1.8341934948477565
1.873227253312364
1.910663083486132
1.9464024640720499
1.9803621988906002
2.012475003121865
2.0426883339355806
2.070964435702593
2.097283055229085
2.1216403511207855
2.144047780378428
2.1645309180723205
2.1831281964348874
2.199889568908861
2.2148751162500164
2.228153618095559
2.2398011160748648
2.2498994946679205
2.258535104403614
2.2657974492246393
2.2717779563761815
2.276568843347969
2.2802620924812858
2.2829485400480922
2.284717083069217
2.2856540039676614
2.2858424104173554
2.2853617854804704
2.284287641333652
2.2826912685499927
2.280639571997759
2.2781949838959243
2.2754154443806964
2.2723544400331592
2.2690610911423894
2.2655802789794106
2.261952804987371
2.258215574509525
2.254401798441779
2.2505412069794435
2.2466602704028342
2.2427824225936965
2.2389282836790767
2.235115878850911
2.2313608510017744
2.227676665346541
2.2240748046656225
2.220564954209146
2.2171551756460444
2.213852069731251
2.2106609276028886
2.20758587081446
2.2046299803596825
2.2017954150650496
2.199083519812118
2.1964949241126503
2.1940296315992467
2.1916871010157775
2.189466319299146
2.187365867339716
2.185383978994536
2.1835185939077157
2.1817674046674855
2.180127898801463
2.1785973960814506
2.1771730815778847
2.175852034872552
2.1746312558070477
2.1735076871141725
2.172478234250327
2.1715397827192815
2.1706892131515834
2.1699234143794373
2.1692392947241648
2.168633791692332
2.1681038802573034
2.167646579885229
2.167258960448311
2.1669381471534215
2.166681324600801
2.1664857400754367
2.166348706162789
2.1662676027706724
2.1662398786302326
2.1662630523409745
2.1663347130176698
2.1664525205905427
2.1666142058044144
2.1668175699573564
2.1670604844148165
2.1673408899311095
2.167656795806499
2.1680062789048615
2.168387482554022
2.168798615348274
2.1692379498702903
2.16970382134761
2.170194626257049
2.170708820888772
2.1712449198803405
2.1718014947297504
2.1723771722953646
2.172970633289622
2.173580610772515
2.174205888650039
2.174845300182108
2.1754977265038042
2.176162095163285
2.1768373786791697
2.1775225931198072
2.1782167967064208
2.1789190884418135
2.1796286067659936
2.1803445282398277
2.181066066257591
2.181792469789076
2.1825230221517504
2.183257039813279
2.1839938712246
2.184732895683617
2.1854735222294632
2.186215188567202
2.186957360022745
2.1876995285277068
2.1884412116338474
2.1891819515567064
2.1899213142479907
2.1906588884962432
2.1913942850552766
2.1921271357998537
2.1928570929080533
2.1935838280697584
2.1943070317206868
2.1950264123013743
2.195741695540517
2.196452623762072
2.1971589552155195
2.197860463428685
2.1985569365825266
2.1992481769072922
2.1999340000994607
2.2006142347588846
2.201288721845562
2.201957314155466
2.2026198758148836
2.2032762817927076
2.203926417430144
2.204570177987316
2.2052074682062357
2.2058382018896445
2.206462301495226
2.2070796977447027
2.207690329247355
2.208294142137486
2.208891089725395
2.2094811321614136
2.2100642361125833
2.2106403744515517
2.211209525957288
2.2117716750272223
2.2123268114004246
2.212874929891455
2.2134160301345163
2.2139501163375668
2.214477197046047
2.2149972849158917
2.2155103964955014
2.21601655201637
2.2165157751920606
2.217008093025238
2.2174935356224776
2.217972136016568
2.218443929996052
2.218908955941738
2.219367254669941
2.2198188692821996
2.220263845021253
2.2207022291330314
2.2211340707344567
2.2215594206868343
2.2219783314746313
2.2223908570894477
2.222797052918981
2.2231969756408105
2.2235906831208085
2.223978234316019
2.2243596891818287
2.224735108583271
2.2251045542103083
2.2254680884969402
2.225825774543995
2.2261776760454612
2.226523857218227
2.2268643827350916
2.227199317660931
2.2275287273918876
2.2278526775974696
2.2281712341654503
2.2284844631494525
2.2287924307191163
2.2290952031127467
2.229392846592345
2.229685427400925
2.2299730117220307
2.2302556656413612
2.2305334551104172
2.2308064459120946
2.2310747036281406
2.231338293608398
2.231597280941765
2.2318517304288013
2.2321017065559112
2.232347273471038
2.2325884949608086
2.232825434429068
2.233058154876743
2.2332867188829826
2.2335111885875163
2.2337316256741833
2.2339480913555807
2.234160646358781
2.234369350912074
2.234574264732691
2.234775447015463
2.234972956422374
2.2351668510729765
2.235357188535617
2.2355440258194474
2.235727419367182
2.235907425048567
2.236084098154528
2.236257493391966
2.236427664879174
2.2365946661418383
2.236758550109608
2.2369193691131914
2.237077174881967
2.237232018542078
2.237383950614987
2.2375330210164663
2.23767927905601
2.2378227734366356
2.237963552255067
2.2381016630022668
2.2382371525643094
2.2383700672235776
2.2385004526602525
2.2386283539540983
2.2387538155865125
2.2388768814428364
2.2389975948149
2.239115998403801
2.239232134322895
2.2393460441009854
2.2394577686857056
2.239567348447076
2.2396748231812325
2.2397802321143025
2.2398836139064358
2.239985006655963
2.2400844479036857
2.240181974637284
2.2402776232958286
2.2403714297743975
2.240463429428786
2.2405536570802993
2.2406421470206235
2.2407289330167717
2.2408140483160914
2.240897525651331
2.2409793972457597
2.241059694818337
2.2411384495889184
2.241215692283501
2.241291453139502
2.24136576191106
2.2414386478743626
2.241510139832991
2.241580266123276
2.241649054619671
2.241716532740122
2.241782727451453
2.241847665274738
2.241911372290681
2.241973874144983
2.2420351960537035
2.2420953628086076
2.2421543987825028
2.2422123279345554
2.2422691738155893
2.242324959573366
2.242379707957839
2.2424334413263844
2.2424861816490047
2.242537950513504
2.242588769130636
2.2426386583392164
2.2426876386112053
2.242735730056756
2.2427829524292258
2.2428293251301548
2.242874867214202
2.2429195973940486
2.242963534045258
2.2430066952110956
2.243049098607313
2.2430907616268816
2.243131701344694
2.2431719345222128
2.243211477612086
2.243250346762709
2.2432885578227495
2.243326126345625
2.2433630675939313
2.2433993965438344
2.24343512788941
2.2434702760469385
2.2435048551591548
2.2435388790994533
2.2435723614760423
2.2436053156360587
2.2436377546696273
2.243669691413884
2.2437011384569447
2.2437321081418284
2.24376261257034
2.2437926636069014
2.243822272882336
2.2438514517976116
2.2438802115275327
2.2439085630243896
2.2439365170215617
2.243964084037075
2.2439912743771147
2.244018098139491
2.244044565217064
2.2440706853011205
2.2440964678847086
2.244121922265928
2.2441470575511753
2.2441718826583474
2.244196406320003
2.2442206370864777
2.2442445833289595
2.244268253242523
2.2442916548491185
2.2443147960005225
2.2443376843812466
2.2443603275114046
2.2443827327495405
2.2444049072954155
2.244426858192757
2.2444485923319664
2.24447011645279
2.2444914371469498
2.2445125608607346
2.2445334938975607
2.2445542424204863
2.244574812454693
2.244595209889932
2.244615440482933
2.244635509859775
2.244655423518226
2.244675186830045
2.244694805043249
2.2447142832843476
2.2447336265605435
2.2447528397618983
2.2447719276634652
2.244790894927392
2.244809746104988
2.244828485638762
2.2448471178644263
2.244865647012873
2.244884077212115
2.2449024124892007
2.2449206567720985
2.2449388138915474
2.2449568875828843
2.244974881487838
2.244992799156297
2.24501064404805
2.2450284195344947
2.2450461289003236
2.2450637753451814
2.2450813619852936
2.2450988918550734
2.2451163679086976
2.2451337930216595
2.2451511699922984
2.2451685015432994
2.245185790323174
2.24520303890771
2.245220249801406
2.2452374254388756
2.2452545681862293
2.2452716803424364
2.245288764140662
2.2453058217495823
2.2453228552746785
2.2453398667595086
2.2453568581869567
2.245373831480463
2.245390788505234
2.2454077310694283
2.245424660925327
2.245441579770481
2.2454584892488385
2.2454753909518574
2.2454922864195943
2.245509177141776
2.2455260645588546
2.2455429500630397
2.245559834999319
2.2455767206664574
2.245593608317978
2.24561049916313
2.245627394367835
2.2456442950556195
2.2456612023085314
2.24567811716804
2.2456950406359186
2.245711973675113
2.2457289172105934
2.245745872130195
2.245762839285438
2.245779819492337
2.2457968135321944
2.2458138221523813
2.245830846067101
2.245847885958142
2.2458649424756154
2.2458820162386828
2.245899107836264
2.245916217827738
2.2459333467436284
2.2459504950862796
2.2459676633305135
2.245984851924284
2.24600206128931
2.2460192918217023
2.2460365438925796
2.2460538178486673
2.2460711140128935
2.2460884326849655
2.2461057741419403
2.246123138638786
2.2461405264089276
2.2461579376647856
2.2461753725983056
2.2461928313814736
2.2462103141668277
2.246227821087954
2.246245352259976
2.246262907780036
2.246280487727763
2.246298092165738
2.2463157211399425
2.2463333746802054
2.246351052800636
2.2463687555000535
2.2463864827624036
2.246404234557169
2.246422010839772
2.2464398115519697
2.2464576366222397
2.246475485966159
2.246493359486777
2.2465112570749777
2.2465291786098383
2.2465471239589774
2.2465650929788987
2.246583085515327
2.2466011014035363
2.246619140468673
2.2466372025260712
2.2466552873815635
2.246673394831782
2.246691524664456
2.2467096766587047
2.246727850585319
2.246746046207041
2.24676426327884
2.246782501548175
2.246800760755261
2.2468190406333224
2.246837340908845
2.246855661301821
2.246874001525991
2.2468923612890777
2.246910740293015
2.2469291382341763
2.2469475548035924
2.2469659896871685
2.2469844425658936
2.247002913116049
2.247021401009409
2.2470399059134367
2.247058427491481
2.24707696540296
2.247095519303551
2.247114088845367
2.2471326736771347
2.247151273444366
2.2471698877895276
2.247188516352204
2.2472071587692604
2.2472258146749984
2.2472444837013095
2.2472631654778255
2.2472818596320643
2.2473005657895744
2.2473192835740736
2.2473380126075835
2.2473567525105653
2.2473755029020497
2.2473942633997614
2.2474130336202442
2.247431813178981
2.247450601690513
2.247469398768553
2.247488204026097
2.247507017075536
2.2475258375287583
2.2475446649972564
2.2475634990922284
2.2475823394246737
2.2476011856054905
2.24762003724557
2.247638893955887
2.2476577553475865
2.247676621032074
2.247695490621096
2.2477143637268227
2.2477332399619274
2.247752118939666
2.2477710002739477
2.2477898835794132
2.247808768471502
2.2478276545665223
2.2478465414817195
2.24786542883534
2.2478843162466955
2.2479032033362225
2.247922089725544
2.2479409750375257
2.2479598588963348
2.2479787409274894
2.247997620757917
2.248016498016001
2.248035372331633
2.248054243336259
2.2480731106629257
2.2480919739463276
2.248110832822847
2.2481296869305987
2.248148535909469
2.2481673794011536
2.2481862170491995
2.2482050484990364
2.248223873398015
2.24824269139544
2.248261502142602
2.24828030529281
2.2482991005014212
2.248317887425868
2.2483366657256894
2.2483554350625545
2.24837419510029
2.2483929455049037
2.2484116859446086
2.248430416089846
2.2484491356133036
2.2484678441899413
2.248486541497006
2.248505227214052
2.24852390102296
2.2485425626079505
2.2485612116556024
2.248579847854868
2.2485984708970856
2.2486170804759937
2.2486356762877437
2.2486542580309115
2.2486728254065076
2.2486913781179894
2.248709915871269
2.2487284383747217
2.248746945339195
2.248765436478017
2.2487839115070014
2.2488023701444555
2.2488208121111826
2.2488392371304906
2.248857644928193
2.248876035232615
2.248894407774596
2.2489127622874903
2.248931098507172
2.2489494161720356
2.248967715022996
2.2489859948034883
2.2490042552594702
2.2490224961394216
2.2490407171943394
2.2490589181777407
2.2490770988456594
2.2490952589566433
2.249113398271752
2.249131516554553
2.24914961357112
2.2491676890900276
2.2491857428823465
2.2492037747216393
2.2492217843839577
2.249239771647833
2.2492577362942745
2.249275678106761
2.2492935968712344
2.2493114923760955
2.2493293644121946
2.2493472127728253
2.249365037253716
2.249382837653026
2.2494006137713303
2.2494183654116187
2.2494360923792835
2.2494537944821107
2.249471471530272
2.2494891233363163
2.249506749715157
2.2495243504840663
2.249541925462664
2.249559474472907
2.2495769973390773
2.249594493887776
2.2496119639479097
2.249629407350679
2.24964682392957
2.2496642135203433
2.2496815759610187
2.249698911091869
2.2497162187554056
2.249733498796368
2.249750751061711
2.249767975400594
2.249785171664367
2.249802339706562
2.2498194793828765
2.2498365905511655
2.2498536730714243
2.249870726805781
2.249887751618481
2.2499047473758735
2.2499217139464016
2.2499386512005866
2.249955559011017
2.2499724372523358
2.249989285801225
2.2500061045363955
2.2500228933385706
2.250039652090477
2.2500563806768272
2.2500730789843097
2.250089746901574
2.2501063843192166
2.250122991129769
2.2501395672276834
2.2501561125093206
2.250172626872934
2.2501891102186575
2.2502055624484933
2.2502219834662953
2.250238373177759
2.2502547314904047
2.250271058313566
2.2502873535583756
2.250303617137752
2.250319848966385
2.2503360489607216
2.2503522170389565
2.250368353121013
2.250384457128533
2.250400528984863
2.250416568615038
2.2504325759457715
2.2504485509054404
2.250464493424071
2.2504804034333263
2.2504962808664914
2.2505121256584633
2.250527937745732
2.250543717066373
2.25055946356003
2.2505751771679035
2.2505908578327354
2.2506065054987996
2.250622120111884
2.250637701619281
2.2506532499697736
2.25066876511362
2.2506842470025448
2.2506996955897214
2.2507151108297623
2.250730492678705
2.2507458410939987
2.250761156034492
2.2507764374604204
2.250791685333394
2.250806899616383
2.2508220802737067
2.2508372272710195
2.2508523405753
2.250867420154837
2.250882465979219
2.2508974780193203
2.250912456247287
2.250927400636531
2.25094231116171
2.2509571877987207
2.2509720305246845
2.2509868393179358
2.2510016141580103
2.2510163550256337
2.2510310619027076
2.2510457347723016
2.251060373618638
2.2510749784270816
2.2510895491841274
2.2511040858773907
2.251118588495594
2.2511330570285564
2.2511474914671816
2.2511618918034477
2.251176258030395
2.2511905901421154
2.2512048881337408
2.251219152001434
2.2512333817423746
2.25124757735475
2.251261738837745
2.2512758661915306
2.251289959417252
2.2513040185170206
2.2513180434939013
2.2513320343519023
2.251345991095966
2.2513599137319584
2.2513738022666563
2.251387656707741
2.2514014770637845
2.251415263344243
2.2514290155594443
2.2514427337205785
2.251456417839689
2.2514700679296613
2.2514836840042145
2.2514972660778914
2.251510814166048
2.2515243282848454
2.251537808451239
2.2515512546829712
2.2515646669985587
2.251578045417287
2.251591389959198
2.2516047006450832
2.2516179774964744
2.2516312205356326
2.251644429785542
2.2516576052698998
2.251670747013106
2.2516838550402585
2.2516969293771396
2.251709970050212
2.251722977086607
2.251735950514119
2.251748890361193
2.251761796656921
2.25177466943103
2.251787508713876
2.251800314536436
2.2518130869302975
2.2518258259276536
2.251838531561294
2.2518512038645953
2.251863842871517
2.25187644861659
2.25188902113491
2.251901560462133
2.251914066634462
2.2519265396886454
2.2519389796619658
2.2519513865922347
2.2519637605177825
2.251976101477455
2.2519884095106035
2.2520006846570784
2.252012926957223
2.252025136451866
2.252037313182314
2.2520494571903447
2.2520615685182017
2.252073647208586
2.25208569330465
2.25209770684999
2.252109687888642
2.2521216364650725
2.252133552624174
2.2521454364112574
2.252157287872047
2.252169107052672
2.2521808939996624
2.252192648759942
2.2522043713808237
2.2522160619099996
2.25222772039554
2.2522393468858835
2.2522509414298337
2.252262504076552
2.2522740348755517
2.252285533876694
2.252297001130181
2.2523084366865485
2.2523198405966642
2.252331212911719
2.2523425536832233
2.2523538629630013
2.2523651408031844
2.2523763872562084
2.2523876023748057
2.252398786212001
2.2524099388211076
2.2524210602557195
2.252432150569709
2.2524432098172196
2.2524542380526635
2.252465235330715
2.2524762017063042
2.2524871372346165
2.252498041971083
2.25250891597138
2.2525197592914203
2.2525305719873527
2.252541354115555
2.2525521057326285
2.2525628268953968
2.252573517660899
2.252584178086385
2.252594808229313
2.252605408147344
2.2526159778983375
2.2526265175403486
2.2526370271316205
2.2526475067305847
2.252657956395854
2.2526683761862203
2.2526787661606487
2.2526891263782747
2.2526994568984007
2.2527097577804907
2.2527200290841676
2.2527302708692094
2.252740483195544
2.2527506661232497
2.2527608197125453
2.252770944023791
2.2527810391174836
2.252791105054252
2.2528011418948557
2.2528111497001793
2.2528211285312296
2.252831078449134
2.2528409995151337
2.2528508917905836
2.2528607553369477
2.252870590215795
2.252880396488798
2.2528901742177285
2.2528999234644544
2.252909644290937
2.252919336759227
2.2529290009314633
2.252938636869868
2.252948244636744
2.2529578242944743
2.2529673759055147
2.2529768995323947
2.252986395237713
2.252995863084136
2.2530053031343917
2.2530147154512714
2.253024100097624
2.2530334571363535
2.253042786630419
2.253052088642828
2.2530613632366374
2.253070610474949
2.2530798304209068
2.253089023137696
2.2530981886885386
2.2531073271366933
2.2531164385454505
2.2531255229781326
2.2531345804980885
2.2531436111686944
2.2531526150533496
2.253161592215475
2.253170542718509
2.25317946662591
2.253188364001148
2.253197234907707
2.253206079409081
2.253214897568773
2.25322368945029
2.2532324551171454
2.2532411946328543
2.253249908060931
2.2532585954648883
2.253267256908235
2.2532758924544734
2.2532845021670993
2.2532930861095988
2.2533016443454446
2.2533101769380988
2.2533186839510058
2.253327165447595
2.2533356214912756
2.2533440521454375
2.2533524574734476
2.2533608375386494
2.2533691924043606
2.253377522133871
2.253385826790443
2.2533941064373066
2.253402361137661
2.2534105909546716
2.2534187959514678
2.253426976191143
2.2534351317367527
2.2534432626513112
2.253451368997793
2.2534594508391286
2.2534675082382045
2.2534755412578633
2.253483549960899
2.253491534410059
2.253499494668038
2.2535074307974825
2.253515342860986
2.253523230921087
2.253531095040271
2.2535389352809663
2.2535467517055436
2.253554544376316
2.2535623133555354
2.2535700587053937
2.2535777804880195
2.2535854787654794
2.253593153599774
2.2536008050528396
2.253608433186545
2.253616038062691
2.25362361974301
2.2536311782891634
2.2536387137627423
2.2536462262252663
2.2536537157381806
2.253661182362857
2.253668626160592
2.253676047192607
2.253683445520045
2.2536908212039717
2.2536981743053732
2.2537055048851578
2.253712813004151
2.2537200987230976
2.25372736210266
2.2537346032034176
2.2537418220858645
2.253749018810412
2.253756193437383
2.2537633460270152
2.2537704766394597
2.253777585334778
2.253784672172943
2.2537917372138385
2.253798780517259
2.253805802142905
2.2538128021503874
2.253819780599224
2.253826737548839
2.253833673058563
2.2538405871876326
2.253847479995188
2.253854351540275
2.253861201881842
2.2538680310787407
2.2538748391897245
2.2538816262734493
2.253888392388471
2.253895137593247
2.253901861946134
2.2539085655053888
2.253915248329168
2.2539219104755244
2.2539285520024093
2.253935172967672
2.2539417734290588
2.253948353444211
2.2539549130706664
2.253961452365858
2.2539679713871146
2.253974470191659
2.2539809488366065
2.2539874073789683
2.2539938458756468
2.2540002643834387
2.254006662959031
2.2540130416590047
2.2540194005398315
2.2540257396578736
2.254032059069385
2.2540383588305093
2.254044638997281
2.2540508996256223
2.2540571407713474
2.254063362490158
2.254069564837644
2.254075747869286
2.254081911640449
2.2540880562063896
2.2540941816222486
2.254100287943056
2.2541063752237274
2.2541124435190665
2.254118492883762
2.2541245233723894
2.2541305350394096
2.2541365279391696
2.2541425021259016
2.2541484576537227
2.2541543945766347
2.254160312948525
2.254166212823165
2.254172094254209
2.254177957295198
2.254183801999555
2.254189628420587
2.2541954366114845
2.2542012266253226
2.2542069985150577
2.254212752333531
2.2542184881334646
2.2542242059674646
2.2542299058880193
2.2542355879475005
2.25424125219816
2.254246898692135
2.254252527481442
2.25425813861798
2.25426373215353
2.2542693081397562
2.2542748666282026
2.254280407670295
2.254285931317341
2.2542914376205294
2.254296926630931
2.254302398399497
2.2543078529770595
2.2543132904143324
2.2543187107619107
2.2543241140702697
2.254329500389766
2.2543348697706374
2.254340222263002
2.254345557916858
2.254350876782086
2.2543561789084463
2.25436146434558
2.254366733143008
2.2543719853501347
2.254377221016242
2.254382440190495
2.254387642921937
2.2543928292594932
2.2543979992519696
2.2544031529480524
2.254408290396309
2.254413411645187
2.2544185167430153
2.254423605738003
2.2544286786782393
2.2544337356116957
2.2544387765862233
2.254443801649555
2.2544488108493037
2.2544538042329636
2.2544587818479096
2.2544637437413986
2.2544686899605675
2.2544736205524343
2.2544785355638997
2.2544834350417435
2.2544883190326286
2.254493187583099
2.254498040739579
2.254502878548376
2.2545077010556773
2.2545125083075535
2.2545173003499563
2.254522077228719
2.254526838989557
2.2545315856780688
2.2545363173397335
2.2545410340199132
2.254545735763853
2.2545504226166786
2.2545550946233996
2.254559751828908
2.254564394277979
2.2545690220152697
2.2545736350853205
2.254578233532555
2.254582817401281
2.254587386735688
2.2545919415798497
2.2545964819777233
2.25460100797315
2.2546055196098553
2.254610016931447
2.2546144999814186
2.2546189688031464
2.254623423439893
2.254627863934804
2.2546322903309095
2.2546367026711254
2.2546411009982523
2.254645485354975
2.2546498557838652
2.2546542123273783
2.2546585550278566
2.2546628839275273
2.2546671990685034
2.2546715004927846
2.2546757882422557
2.254680062358689
2.2546843228837425
2.2546885698589607
2.2546928033257756
2.2546970233255053
2.2547012298993563
2.254705423088421
2.254709602933681
2.254713769476003
2.2547179227561447
2.254722062814749
2.254726189692349
2.254730303429365
2.2547344040661064
2.2547384916427706
2.2547425661994445
2.2547466277761044
2.254750676412615
2.2547547121487304
2.2547587350240956
2.254762745078245
2.2547667423506015
2.2547707268804795
2.254774698707084
2.25477865786951
2.2547826044067434
2.2547865383576613
2.254790459761032
2.2547943686555154
2.2547982650796614
2.254802149071913
2.2548060206706046
2.254809879913964
2.25481372684011
2.254817561487054
2.2548213838927
2.2548251940948467
2.254828992131184
2.254832778039296
2.2548365518566595
2.254840313620646
2.254844063368521
2.2548478011374438
2.254851526964468
2.254855240886542
2.2548589429405084
2.2548626331631056
2.254866311590968
2.254869978260623
2.2548736332084958
2.2548772764709066
2.2548809080840706
2.254884528084102
2.2548881365070086
2.254891733388697
2.25489531876497
2.2548988926715268
2.2549024551439647
2.254906006217779
2.254909545928361
2.2549130743110024
2.254916591400892
2.254920097233116
2.254923591842661
2.2549270752644106
2.25493054753315
2.2549340086835605
2.2549374587502267
2.2549408977676295
2.254944325770151
2.2549477427920745
2.2549511488675824
2.254954544030758
2.2549579283155863
2.254961301755952
2.2549646643856422
2.2549680162383448
2.2549713573476495
2.254974687747048
2.2549780074699353
2.254981316549607
2.254984615019262
2.2549879029120032
2.2549911802608347
2.254994447098665
2.254997703458306
2.255000949372473
2.2550041848737856
2.2550074099947675
2.2550106247678463
2.255013829225355
2.2550170233995313
2.2550202073225183
2.2550233810263633
2.2550265445430195
2.2550296979043467
2.2550328411421106
2.2550359742879817
2.2550390973735386
2.2550422104302648
2.255045313489553
2.2550484065827017
2.2550514897409157
2.2550545629953094
2.255057626376903
2.255060679916627
2.255063723645318
2.255066757593722
2.255069781792494
2.2550727962721973
2.2550758010633047
2.2550787961961976
2.255081781701168
2.255084757608418
2.2550877239480576
2.2550906807501097
2.2550936280445057
2.2550965658610895
2.255099494229614
2.2551024131797446
2.255105322741057
2.2551082229430395
2.255111113815092
2.2551139953865262
2.2551168676865667
2.2551197307443496
2.255122584588924
2.2551254292492526
2.2551282647542106
2.2551310911325864
2.255133908413083
2.255136716624316
2.255139515794817
2.2551423059530293
2.255145087127312
2.2551478593459398
2.255150622637101
2.2551533770288996
2.2551561225493546
2.2551588592264014
2.2551615870878905
2.2551643061615883
2.2551670164751783
2.2551697180562598
2.2551724109323494
2.25517509513088
2.255177770679202
2.255180437604583
2.2551830959342083
2.2551857456951807
2.2551883869145217
2.2551910196191702
2.2551936438359848
2.2551962595917407
2.2551988669131346
2.25520146582678
2.2552040563592106
2.25520663853688
2.255209212386162
2.255211777933348
2.255214335204653
2.25521688422621
2.2552194250240722
2.255221957624216
2.2552244820525376
2.255226998334854
2.2552295064969035
2.2552320065643476
2.255234498562768
2.2552369825176695
2.255239458454479
2.255241926398546
2.255244386375143
2.2552468384094646
2.25524928252663
2.25525171875168
2.25525414710958
2.2552565676252194
2.2552589803234118
2.2552613852288936
2.255263782366327
2.2552661717602986
2.25526855343532
2.2552709274158262
2.25527329372618
2.255275652390668
2.2552780034335025
2.2552803468788234
2.255282682750695
2.2552850110731075
2.255287331869979
2.255289645165154
2.255291950982403
2.255294249345425
2.2552965402778447
2.255298823803216
2.2553010999450196
2.255303368726664
2.255305630171486
2.255307884302752
2.2553101311436548
2.255312370717317
2.2553146030467897
2.2553168281550544
2.2553190460650203
2.2553212567995278
2.2553234603813452
2.255325656833172
2.2553278461776376
2.2553300284373017
2.2553322036346546
2.255334371792117
2.255336532932041
2.255338687076709
2.255340834248336
2.255342974469068
2.2553451077609816
2.255347234146087
2.2553493536463263
2.2553514662835723
2.255353572079631
2.255355671056243
2.2553577632350787
2.255359848637744
2.2553619272857763
2.255363999200648
2.2553660644037645
2.255368122916465
2.2553701747600217
2.2553722199556434
2.2553742585244714
2.2553762904875816
2.2553783158659857
2.2553803346806305
2.2553823469523966
2.2553843527021007
2.255386351950495
2.2553883447182685
2.255390331026044
2.2553923108943823
2.255394284343779
2.2553962513946666
2.2553982120674148
2.25540016638233
2.255402114359655
2.2554040560195716
2.2554059913821964
2.2554079204675848
2.2554098432957304
2.2554117598865644
2.2554136702599554
2.2554155744357116
2.2554174724335785
2.2554193642732407
2.255421249974322
2.2554231295563847
2.2554250030389307
2.255426870441401
2.2554287317831765
2.255430587083577
2.2554324363618625
2.255434279637234
2.255436116928832
2.2554379482557376
2.2554397736369727
2.2554415930914993
2.2554434066382205
2.2554452142959813
2.255447016083567
2.255448812019706
2.255450602123066
2.255452386412258
2.255454164905836
2.2554559376222936
2.2554577045800683
2.25545946579754
2.255461221293032
2.2554629710848086
2.2554647151910787
2.255466453629994
2.2554681864196495
2.2554699135780836
2.255471635123278
2.255473351073159
2.2554750614455963
2.2554767662584045
2.2554784655293423
2.2554801592761127
2.2554818475163634
2.2554835302676874
2.255485207547622
2.2554868793736507
2.255488545763201
2.255490206733647
2.255491862302309
2.25549351248645
2.255495157303283
2.255496796769966
2.255498430903602
2.2555000597212413
2.255501683239881
2.255503301476464
2.2555049144478816
2.2555065221709714
2.255508124662519
2.255509721939256
2.255511314017863
2.2555129009149684
2.255514482647148
2.2555160592309247
2.255517630682771
2.2555191970191077
2.2555207582563033
2.2555223144106757
2.2555238654984913
2.2555254115359658
2.255526952539264
2.2555284885245
2.2555300195077366
2.255531545504987
2.255533066532214
2.2555345826053315
2.255536093740201
2.2555375999526364
2.2555391012584
2.255540597673207
2.255542089212721
2.2555435758925575
2.255545057728283
2.2555465347354158
2.255548006929424
2.255549474325727
2.255550936939697
2.2555523947866583
2.255553847881885
2.2555552962406047
2.2555567398779965
2.255558178809193
2.2555596130492774
2.2555610426132873
2.2555624675162114
2.255563887772992
2.2555653033985243
2.255566714407657
2.2555681208151923
2.2555695226358843
2.255570919884442
2.255572312575528
2.255573700723759
2.2555750843437052
2.255576463449891
2.2555778380567943
2.255579208178849
2.255580573830442
2.2555819350259165
2.25558329177957
2.255584644105654
2.255585992018376
2.2555873355318985
2.2555886746603395
2.255590009417772
2.2555913398182255
2.2555926658756844
2.2555939876040907
2.25559530501734
2.2555966181292857
2.2555979269537376
2.255599231504461
2.255600531795178
2.2556018278395684
2.255603119651268
2.2556044072438697
2.255605690630924
2.2556069698259384
2.2556082448423775
2.255609515693663
2.255610782393176
2.255612044954253
2.25561330339019
2.255614557714241
2.2556158079396176
2.25561705407949
2.255618296146987
2.2556195341551946
2.255620768117159
2.255621998045885
2.2556232239543363
2.2556244458554344
2.2556256637620624
2.2556268776870603
2.2556280876432284
2.2556292936433273
2.255630495700076
2.255631693826155
2.255632888034203
2.25563407833682
2.2556352647465645
2.2556364472759576
2.255637625937479
2.25563880074357
2.2556399717066316
2.255641138839026
2.255642302153077
2.2556434616610685
2.2556446173752462
2.2556457693078165
2.255646917470947
2.255648061876768
2.2556492025373704
2.255650339464807
2.2556514726710932
2.2556526021682046
2.2556537279680806
2.2556548500826223
2.2556559685236928
2.255657083303118
2.2556581944326863
2.2556593019241493
2.25566040578922
2.2556615060395755
2.255662602686855
2.2556636957426623
2.255664785218563
2.2556658711260873
2.2556669534767275
2.2556680322819402
2.255669107553145
2.2556701793017275
2.255671247539034
2.255672312276378
2.255673373525035
2.255674431296246
2.255675485601215
2.2556765364511118
2.2556775838570697
2.2556786278301884
2.2556796683815303
2.2556807055221237
2.2556817392629624
2.255682769615005
2.2556837965891745
2.2556848201963606
2.2556858404474185
2.255686857353167
2.255687870924392
2.255688881171846
2.2556898881062457
2.2556908917382743
2.255691892078582
2.2556928891377837
2.255693882926462
2.255694873455166
2.2556958607344098
2.255696844774675
2.25569782558641
2.2556988031800302
2.2556997775659178
2.255700748754421
2.2557017167558575
2.2557026815805092
2.255703643238628
2.2557046017404314
2.2557055570961055
2.2557065093158046
2.2557074584096495
2.2557084043877293
2.2557093472600998
2.255710287036787
2.2557112237277837
2.255712157343052
2.255713087892521
2.255714015386089
2.255714939833623
2.2557158612449584
2.2557167796298994
2.2557176949982187
2.255718607359658
2.2557195167239286
2.25572042310071
2.2557213264996525
2.2557222269303736
2.2557231244024623
2.255724018925475
2.2557249105089396
2.2557257991623527
2.2557266848951802
2.25572756771686
2.255728416987996
2.255729167625449
2.25572974276705
2.255730078554881
2.2557301377245698
2.255729911549293
2.2557294147686724
2.2557286780276833
2.2557277100042024
2.2557264879061587
2.2557249761762717
2.2557231488539644
2.2557210019216054
2.2557185548226593
2.2557158454830284
2.255712923138683
2.2557098416160715
2.255706654188295
2.2557034101904705
2.255700153138622
2.255696919963887
2.255693740991699
2.2556906403694272
2.2556876367281404
2.2556847439349417
2.2556819718464705
2.2556793270125053
2.2556768133043037
2.255674432458602
2.2556721845379415
2.255670068313352
2.2556680815779706
2.2556662214009746
2.2556644843310325
2.2556628665577225
2.255661364038417
2.2556599725970745
2.2556586880003846
2.2556575060157855
2.2556564224550875
2.2556554026852713
2.2556543778907603
2.2556532676731544
2.255652004737297
2.2556505484139415
2.255648886581352
2.255647030604149
2.255645007797805
2.25564285420547
2.2556406089014334
2.2556383100609008
2.25563599257232
2.2556336868197353
2.2556314182701502
2.255629207568496
2.255627070921481
2.255625020620774
2.25562306560955
2.2556212120349524
2.2556194637551905
2.255617822786967
2.25561628968938
2.255614863886505
2.2556135439340417
2.2556123277367743
2.255611212723897
2.2556101959889205
2.2556092744002503
2.2556084446877587
2.2556077035099
2.2556070475051895
2.255606473331201
2.255605977693676
2.25560555736783
2.255605209213563
2.255604930185912
2.2556047173418303
2.255604567844149
2.2556044789633805
2.2556044480779076
2.255604472672962
2.2556045503387154
2.255604678767736
2.2556048557519985
2.2556050791796016
2.2556053470312976
2.2556056573769303
2.2556060083718372
2.2556063982532697
2.255606825336862
2.2556072880131817
2.2556077847443707
2.255608314060894
2.255608844082385
2.255609308760953
2.2556096304279096
2.255609744426795
2.2556096126035596
2.2556092252176545
2.255608595885061
2.255607754053849
2.255606737793567
2.25560558811
2.255604345023985
2.2556030451905182
2.255601720686029
2.2556003985993174
2.255599101129194
2.2555978459704757
2.255596646839026
2.2555955140400523
2.255594455022302
2.2555934748869357
2.2555925768367926
2.255591762562192
2.2555910325654733
2.255590386429629
2.255589823037781
2.255589340750517
2.2555889375477993
2.2555886111415124
2.2555883590639714
2.255588178736921
2.2555880675248465
2.25558802277574
2.2555880418519125
2.2555881221529495
2.2555882611324845
2.2555884563101647
2.2555887052798704
2.255589005715047
2.2555893553718236
2.2555897520904495
2.255590193795464
2.2555906784949182
2.2555912042789092
2.2555917693176117
2.2555923718589694
2.2555930102261508
2.255593682814863
2.255594388090588
2.255595124585797
2.2555958908971703
2.2555966856828626
2.2555975076598216
2.255598355601182
2.255599228333742
2.2556001247355284
2.2556010437334546
2.255601984301067
2.2556029454563924
2.2556039262598744
2.2556049258124
2.255605943253417
2.2556069777591343
2.255608028540812
2.2556090948431233
2.25561014546838
2.2556111150205145
2.2556119264509755
2.255612515691719
2.2556128451467847
2.255612905605687
2.2556127111889364
2.255612291825854
2.255611686045791
2.255610904840804
2.255609924002137
2.255608704280497
2.255607214792546
2.2556054460902
2.2556034121634005
2.255601145768708
2.255598691433288
2.2555960988180446
2.2555934175928383
2.2555906940304555
2.255587969080868
2.255585277549613
2.2555826480179353
2.2555801032131164
2.2555776606174396
2.255575333173578
2.2555731299973965
2.2555710570469443
2.2555691177217967
2.255567313383046
2.255565643793944
2.255564107486586
2.2555627020626026
2.2555614244367272
2.2555602710319698
2.255559237934468
2.2555583210151795
2.2555575160245915
2.2555568186656667
2.255556224649377
2.2555557297363933
2.255555329767837
2.255555020687459
2.255554798557117
2.2555546595670597
2.25555460004222
2.255554616445448
2.255554705378436
2.255554863580911
2.2555550879285464
2.2555553754299558
2.255555723223026
2.2555561285708103
2.255556588857138
2.2555571015820637
2.2555576643572475
2.2555582749013365
2.2555589310353947
2.2555596306784276
2.2555603718430133
2.255561122222998
2.255561815451076
2.255562373598588
2.255562731749784
2.2555628514539117
2.2555627226242905
2.255562358487543
2.2555617880738734
2.2555610490227007
2.2555601819114943
2.2555592263451243
2.2555582185819434
2.255557190325044
2.255556168314911
2.2555551744272044
2.255554226057878
2.255553306263232
2.2555523605977
2.255551320157628
2.2555501266464524
2.2555487462620407
2.2555471719752385
2.2555454188038846
2.2555435165760476
2.2555415029613224
2.2555394179835817
2.255537300258414
2.255535154387085
2.2555329461236884
2.2555306245137023
2.255528146578879
2.2555254911648484
2.255522661382482
2.255519680149588
2.2555165832621147
2.255513412734143
2.2555102115979886
2.2555070203970913
2.255503875150144
2.255500806420783
2.255497839136453
2.2554949928678534
2.255492282358463
2.2554897181617974
2.255487307296605
2.255485053867678
2.2554829293307748
2.2554808692740806
2.255478765981618
2.255476489563969
2.255473924065173
2.2554709940449085
2.2554676730988428
2.2554639783856945
2.255459958525676
2.2554556805543227
2.2554512189340117
2.2554466476037187
2.25544203493324
2.2554374409968423
2.255432916501781
2.2554285027933263
2.255424232494012
2.25542013046616
2.2554162148935206
2.2554124681503356
2.2554088341194287
2.255405241460274
2.2554016287844267
2.2553979586405957
2.25539421990915
2.2553904232033504
2.25538659375545
2.255382764555005
2.2553789709477376
2.2553752469379384
2.2553716229787883
2.2553681248876685
2.255364773530751
2.255361584987554
2.2553585709834185
2.255355739445651
2.2553530950914693
2.2553506399934173
2.255348374093325
2.2553462956522483
2.2553444016338373
2.255342688024276
2.255341150094876
2.2553397826145734
2.255338580019741
2.255337506386439
2.255336491858466
2.255335455070973
2.2553343275804987
2.255333067227338
2.255331660025276
2.255330115158421
2.2553284575439787
2.2553267207117345
2.2553249411955347
2.2553231546697066
2.2553213936069265
2.255319686088361
2.2553180554052767
2.2553165201586416
2.2553150946412157
2.255313789355043
2.255312611570122
2.255311565868023
2.2553106546399464
2.2553098785254124
2.255309236787996
2.255308727630442
2.2553083484545957
2.2553080960728775
2.255307966878313
2.2553079569797663
2.2553080623084023
2.2553082787006353
2.255308601962042
2.2553090279160073
2.255309552440205
2.2553101714934534
2.2553108509650555
2.2553115230060015
2.255312108382532
2.255312540856609
2.2553127805120567
2.2553128156164757
2.255312657595953
2.2553123335800955
2.255311879267442
2.25531133330609
2.255310733422052
2.255310114071435
2.2553095052468946
2.255308932077174
2.255308414925927
2.2553079697740466
2.255307608738157
2.2553073406308615
2.2553071715063457
2.2553071051607136
2.255307113403888
2.255307132757333
2.255307087117781
2.255306912394982
2.2553065700482176
2.2553060491185817
2.255305361340765
2.2553045337977973
2.255303601873872
2.2553026037042905
2.2553015763585074
2.2553005535352333
2.2552995644023506
2.2552986030680366
2.2552976250252197
2.2552965698881677
2.2552953862856993
2.255294015601692
2.255292390715997
2.2552904538185476
2.2552881737542685
2.255285552574894
2.255282622089819
2.255279435231029
2.255276056470451
2.2552725536748324
2.2552689922364446
2.255265431422865
2.2552619225104653
2.2552585081885965
2.255255222782355
2.2552520929466895
2.255249138587989
2.2552463738539874
2.2552438080956847
2.2552414467485735
2.255239292109098
2.2552373440000526
2.2552356003290006
2.255234057549211
2.255232711034981
2.2552315553836717
2.255230584656194
2.2552297925665834
2.2552291726299405
2.2552287182766735
2.255228422939687
2.255228280120014
2.2552282834353843
2.255228426655377
2.255228703726089
2.255229108786661
2.255229636179529
2.2552302804558746
2.2552310363774346
2.2552318989155835
2.255232863248394
2.255233924756237
2.2552350790163405
2.255236321796644
2.255237649049195
2.255239056903283
2.255240541658455
2.2552420997775235
2.2552437278796424
2.255245422733514
2.2552471812507657
2.2552490004795276
2.255250877598228
2.255252809909618
2.2552547948350328
2.2552568299088893
2.2552588826159674
2.255260886704341
2.255262764514401
2.255264451338754
2.255265908736549
2.2552671263913733
2.2552681170866746
2.2552689092535654
2.2552695398394147
2.2552700486913086
2.255270474686689
2.25527085338732
2.2552712158471686
2.2552715882131684
2.2552719918251634
2.2552724435993485
2.255272956547894
2.2552735403403785
2.255274201850626
2.255274945658322
2.255275774491474
2.2552766896060517
2.255277691105063
2.2552787782024453
2.255279949438457
2.255281202853548
2.2552825059489128
2.2552837921110878
2.2552849830479667
2.2552860132389907
2.255286843316574
2.255287461969755
2.2552878809496457
2.2552881276369807
2.2552882077550223
2.255288096084963
2.255287754953443
2.2552871562690284
2.2552862936559404
2.2552851839151478
2.255283862097646
2.2552823744327353
2.2552807717144465
2.2552791042464664
2.2552774185213313
2.255275755378969
2.2552741492607127
2.2552726281936604
2.2552712142136175
2.255269924016092
2.255268769694615
2.2552677594789308
2.2552668984232764
2.2552661890201557
2.2552656317309627
2.2552652254343033
2.255264967798087
2.255264855583908
2.2552648848929913
2.255265051362769
2.2552653503224143
2.255265776914682
2.2552663261903865
2.2552669931808427
2.2552677729527053
2.2552686606488384
2.2552696515181747
2.2552707409369463
2.2552719244232016
2.255273197646126
2.2552745564313805
2.2552759967634026
2.255277514785424
2.2552791067977855
2.255280769255008
2.2552824987619706
2.255284292069471
2.255286146069373
2.255288057789511
2.2552900243884584
2.2552920431502645
2.25529411147922
2.255296226894704
2.255298387026144
2.2553005896081224
2.255302832475638
2.2553051135595372
2.2553074308821173
2.255309782552915
2.2553121667646634
2.2553145817894285
2.2553170259749162
2.2553194977409468
2.2553219955760913
2.255324518034463
2.25532706373266
2.2553296313468514
2.255332219610005
2.25533482730924
2.255337453283316
2.255340096420233
2.2553427556549526
2.255345429967228
2.2553481183795383
2.2553508199551198
2.255353533796098
2.2553562590417022
2.255358994866575
2.2553617404791555
2.2553644951201455
2.2553672580610478
2.255370028602776
2.255372806074329
2.2553755898315337
2.255378379255842
2.2553811737531935
2.255383972752924
2.2553867757067367
2.255389582087711
2.25539239138937
2.2553952031247846
2.255398016825725
2.2554008320418504
2.255403648339939
2.255406465303153
2.2554092825303416
2.255412099635371
2.2554149162464943
2.2554177320057454
2.255420546568364
2.255423359602246
2.2554261707874224
2.25542897981556
2.2554317863894884
2.2554345902227455
2.255437391039148
2.255440188572379
2.2554429825655986
2.2554457727710657
2.255448558949786
2.25545134087117
2.255454118312707
2.2554568910596604
2.2554596589047673
2.255462421647959
2.2554651790960927
2.255467931062693
2.2554706773677085
2.2554734178372757
2.255476152303498
2.255478880604228
2.2554816025828677
2.25548431808817
2.2554870269740546
2.255489729099427
2.2554924243280103
2.2554951125281817
2.2554977935728147
2.255500467339131
2.255503133708557
2.2555057925665887
2.2555084438026562
2.255511087310002
2.2555137229855604
2.2555163507298386
2.25551897044681
2.255521582043806
2.255524185431414
2.255526780523381
2.2555293672365186
2.2555319454906124
2.2555345152083373
2.2555370763151723
2.2555396287393217
2.255542172411638
2.255544707265549
2.255547233236982
2.2555497502643034
2.2555522582882443
2.2555547572518417
2.2555572471003766
2.255559727781314
2.255562199244247
2.25556466144084
2.2555671143247777
2.2555695578517128
2.2555719919792163
2.2555744166667306
2.2555768318755227
2.255579237568639
2.2555816337108627
2.255584020268672
2.2555863972101986
2.2555887645051897
2.2555911221249696
2.255593470042401
2.255595808231853
2.2555981366691618
2.255600455331601
2.255602764197846
2.255605063247944
2.2556073524632825
2.2556096318265584
2.25561190132175
2.255614160934089
2.255616410650032
2.255618650457232
2.2556208803445155
2.2556231003018534
2.2556253103203403
2.255627510392167
2.2556297005105965
2.255631880669944
2.255634050865551
2.255636211093766
2.2556383613519206
2.255640501638311
2.255642631952175
2.2556447522936742
2.255646862663873
2.2556489630647194
2.255651053499027
2.2556531339704566
2.2556552044834985
2.255657265043453
2.2556593156564158
2.2556613563292593
2.2556633870696174
2.2556654078858682
2.2556674187871186
2.2556694197831897
2.2556714108845997
2.2556733921025502
2.255675363448912
2.2556773249362085
2.255679276577604
2.25568121838689
2.255683150378469
2.255685072567343
2.2556869849691004
2.255688887599903
2.255690780476474
2.2556926636160832
2.255694537036538
2.2556964007561686
2.2556982547938187
2.2557000991688327
2.255701933901044
2.255703759010764
2.2557055745187724
2.2557073804463053
2.2557091768150435
2.255710963647105
2.2557127409650315
2.255714508791782
2.255716267150718
2.255718016065599
2.2557197555605697
2.2557214856601506
2.2557232063892303
2.255724917773055
2.2557266198372212
2.2557283126076637
2.2557299961106514
2.255731670372774
2.2557333354209383
2.2557349912823557
2.255736637984536
2.255738275555281
2.255739904022673
2.25574152341507
2.2557431337610976
2.25574473508964
2.2557463274298333
2.2557479108110603
2.25574948526294
2.2557510508153227
2.255752607498282
2.2557541553421108
2.2557556943773087
2.2557572246345825
2.255758746144834
2.2557602589391577
2.2557617630488314
2.255763258505312
2.2557647453402283
2.2557662235853764
2.255767693272712
2.255769154434347
2.2557706071025403
2.255772051309696
2.2557734870883555
2.255774914471193
2.2557763334910104
2.2557777441807305
2.255779146573394
2.255780540702153
2.255781926600266
2.2557833043010946
2.255784673838097
2.255786035244823
2.2557873885549116
2.2557887338020834
2.255790071020139
2.255791400242952
2.255792721504467
2.255794034838694
2.2557953402797035
2.255796637861625
2.25579792761864
2.255799209584979
2.255800483794918
2.2558017502827754
2.2558030090829067
2.2558042602297013
2.2558055037575784
2.255806739700985
2.2558079680943903
2.255809188972284
2.2558104023691725
2.2558116083195734
2.255812806858016
2.2558139980190353
2.255815181837169
2.255816358346957
2.255817527582934
2.255818689579631
2.2558198443715685
2.2558209919932573
2.2558221324791914
2.2558232658638504
2.255824392181691
2.2558255114671506
2.255826623754639
2.255827729078539
2.2558288274732026
2.2558299189729505
2.255831003612067
2.2558320814247987
2.255833152445353
2.2558342167078957
2.255835274246547
2.2558363250953817
2.2558373692884244
2.25583840685965
2.2558394378429814
2.255840462272285
2.255841480181371
2.2558424916039908
2.2558434965738354
2.2558444951245336
2.2558454872896485
2.255846473102679
2.2558474525970547
2.2558484258061364
2.2558493927632144
2.2558503535015046
2.25585130805415
2.2558522564542165
2.2558531987346937
2.2558541349284917
2.255855065068441
2.255855989187288
2.2558569073176997
2.2558578194922556
2.255858725743451
2.2558596261036934
2.255860520605302
2.2558614092805076
2.2558622921614484
2.2558631692801727
2.2558640406686346
2.2558649063586946
2.2558657663821173
2.255866620770573
2.2558674695556324
2.255868312768769
2.255869150441358
2.2558699826046738
2.2558708092898896
2.255871630528077
2.2558724463502045
2.255873256787138
2.2558740618696382
2.2558748616283615
2.255875656093857
2.2558764452965687
2.2558772292668325
2.255878008034876
2.2558787816308197
2.2558795500846722
2.255880313426335
2.2558810716855966
2.255881824892136
2.2558825730755196
2.255883316265202
2.255884054490525
2.255884787780717
2.255885516164893
2.255886239672054
2.255886958331086
2.25588767217076
2.2558883812197306
2.2558890855065385
2.255889785059608
2.2558904799072446
2.255891170077639
2.255891855598865
2.255892536498877
2.2558932128055136
2.2558938845464933
2.255894551749418
2.2558952144417708
2.255895872650915
2.2558965264040958
2.2558971757284394
2.255897820650952
2.255898461198521
2.2558990973979127
2.2558997292757756
2.255900356858636
2.2559009801729024
2.2559015992448623
2.2559022141006824
2.2559028247664092
2.2559034312679693
2.255904033631169
2.2559046318816938
2.2559052260451082
2.255905816146857
2.2559064022122644
2.2559069842665336
2.2559075623347478
2.2559081364418696
2.2559087066127415
2.2559092728720844
2.2559098352445006
2.2559103937544713
2.255910948426357
2.2559114992843994
2.2559120463527185
2.2559125896553156
2.2559131292160726
2.255913665058751
2.2559141972069927
2.2559147256843204
2.2559152505141378
2.2559157717197293
2.25591628932426
2.255916803350778
2.2559173138222097
2.2559178207613657
2.2559183241909384
2.2559188241335004
2.2559193206115076
2.2559198136472984
2.255920303263094
2.2559207894809976
2.255921272322997
2.2559217518109613
2.255922227966645
2.2559227008116856
2.255923170367605
2.255923636655809
2.255924099697588
2.255924559514118
2.2559250161264592
2.2559254695555584
2.255925919822247
2.255926366947244
2.2559268109511526
2.2559272518544633
2.2559276896775553
2.255928124440693
2.2559285561640285
2.255928984867603
2.255929410571345
2.255929833295072
2.25593025305849
2.255930669881194
2.255931083782669
2.25593149478229
2.255931902899322
2.2559323081529197
2.2559327105621305
2.2559331101458917
2.2559335069230326
2.2559339009122743
2.255934292132231
2.2559346806014093
2.2559350663382083
2.2559354493609214
2.255935829687735
2.2559362073367306
2.255936582325884
2.255936954673066
2.2559373243960423
2.2559376915124747
2.255938056039922
2.255938417995838
2.2559387773975743
2.25593913426238
2.255939488607402
2.255939840449684
2.2559401898061697
2.2559405366937018
2.255940881129021
2.2559412231287688
2.255941562709487
2.255941899887617
2.2559422346795017
2.255942567101386
2.2559428971694158
2.2559432248996383
2.2559435503080056
2.2559438734103705
2.255944194222492
2.255944512760029
2.255944829038549
2.255945143073521
2.2559454548803206
2.255945764474229
2.2559460718704316
2.2559463770840233
2.255946680130003
2.255946981023278
2.2559472797786633
2.2559277786449226
2.255891724311361
2.2558440301195537
2.2557887390991427
2.2557288758714154
2.2556666397769174
2.2556036095446723
2.2555409069923527
2.2554793195842455
2.255419390454504
2.255361484236922
2.255305835229393
2.2552525827110426
2.255201796904675
2.2551534981068313
2.2551076708098017
2.2550642741397957
2.255023249576468
2.254984526660239
2.2549480272065434
2.2549136684098614
2.25488136512083
2.2548510315066825
2.2548225822514643
2.254795933412702
2.2547710030217303
2.2547477114929504
2.2547259818909633
2.254705740092307
2.2546869148693776
2.2546694379172756
2.2546532438391473
2.2546382701017285
2.254624456969871
2.254611747426635
2.254600087083865
2.2545894240869164
2.2545797090162525
2.25457089478791
2.2545629365543056
2.25455579160643
2.254549419278183
2.2545437808533726
2.25453883947571
2.254534560062033
2.2545309092188637
2.2545278551623564
2.254525367641629
2.254523417865433
2.2545219784321033
2.254521023262683
2.2545205275371414
2.254520467633565
2.2545208210702112
2.2545215664503098
2.254522683409497
2.254524152565771
2.25452595547185
2.2545280745698304
2.2545304931480366
2.2545331646696405
2.254536008946639
2.2545389347576585
2.254541864579108
2.2545447481271568
2.2545475642628965
2.2545503158900804
2.2545530223681887
2.254555712237763
2.254558417477726
2.2545611695361876
2.254563996910844
2.2545669239054242
2.2545699701959157
2.254573150908007
2.254576476986075
2.2545799557034214
2.2545835912172634
2.2545873851106464
2.2545913368897317
2.2545954444219825
2.254599704311281
2.254604112212102
2.254608663088085
2.254613351421726
2.254618171382221
2.25462311695817
2.2546281820612215
2.2546333606059776
2.254638646570706
2.2546440340426672
2.25464951725122
2.2546550905912786
2.2546607486392114
2.254666486162879
2.254672298127139
2.2546781796959032
2.254684126231578
2.2546901332925686
2.2546961966293524
2.254702312179536
2.2547084760622083
2.2547146845718316
2.2547209341718504
2.2547272214881704
2.2547335433026023
2.254739896546356
2.2547462782936405
2.2547526857554145
2.2547591162733123
2.2547655673137674
2.254772036462348
2.254778521418306
2.2547850199893475
2.2547915300866235
2.25479804971993
2.2548045769931284
2.2548111100997663
2.2548176473188986
2.254824187011103
2.2548307276146797
2.254837267642028
2.2548438056761966
2.2548503403675952
2.254856870430861
2.2548633946418786
2.254869911834936
2.254876420900022
2.254882920780251
2.254889410469408
2.2548958890096173
2.254902355489115
2.2549088090401357
2.254915248836896
2.2549216740936737
2.2549280840629837
2.2549344780338356
2.2549408553300765
2.254947215308815
2.2549535573589172
2.254959880899576
2.2549661547962847
2.254972313582091
2.2549782800781366
2.2549839901187
2.254989406100777
2.254994518913706
2.254999342872305
2.2550039081693614
2.2550082536396516
2.2550124210528013
2.255016451175738
2.2550203813809975
2.255024244427852
2.2550280680506
2.255031875056005
2.255035683710644
2.255039508268214
2.2550433595405504
2.2550472454546786
2.255051171564495
2.2550551415026727
2.2550591573688776
2.2550632200564746
2.2550672989862712
2.255071328563979
2.2550752309533513
2.255078940907292
2.2278438372888414
2.1789675635669115
2.1154101459458876
2.0421412396564502
1.962604536354392
1.8792236992139504
1.79372530732828
1.707346284276369
1.620972758667778
1.535236988524814
1.4505861325811544
1.3673315931101035
1.285684984666539
1.2057849384281518
1.127716630085356
1.0515259027749786
0.9772299753345789
0.9048256567565809
0.8342951737697021
0.765610503881163
0.6987365301182208
0.6336331283956772
0.5702571901144609
0.508564248890875
0.448509164431645
0.3900470430520668
0.3331335748885997
0.2777253440890639
0.22377988258703646
0.1712559572435443
0.09551175081470215
0.0019233520535906629
-0.10313143656933227
-0.21520106533932587
-0.3312607259213918
-0.44922223916265197
-0.5676287052855471
-0.685461336061031
-0.8020097082589548
-0.916784670427611
-1.0526323677368057
-1.2039542507935543
-1.3644389495231861
-1.5297448602458108
-1.6969687529474453
-1.8641445334636595
-2.029931796719891
-2.193423320317966
-2.35401518455184
-2.5113165533682187
-2.665091720679863
-2.8152110247655977
-2.961619289618432
-3.104317830066573
-3.2433471517830634
-3.3787700950950916
-3.510665725785969
-3.639120129404302
-3.7642271460651764
-3.886085338670562
-4.004793490994809
-4.120445980065336
-4.233134193450515
-4.342946673088145
-4.449970812630831
-4.554289607664763
-4.655983382985394
-4.755127416020363
-4.85179621585537
-4.946061417087904
-5.037990661779518
-5.127646932282642
-5.215091217694399
-5.300381072720624
-5.383572532230478
-5.4647193603585755
-5.5438718873414
-5.621077109902535
-5.696379232805352
-5.769820226145381
-5.84144272214192
-5.911288193108112
-5.979397123876682
-6.045807972456535
-6.110559517221987
-6.173689363080687
-6.235232162624546
-6.295220678718704
-6.353687834436343
-6.410665419796509
-6.46618349600003
-6.5202707077475806
-6.572954883684562
-6.624263550724969
-6.674223637617805
-6.722862455813834
-6.770206352467724
-6.816280676037697
-6.861109780201525
-6.904717899000647
-6.947129220987067
-6.988366651924265
-7.028452036871822
-7.06740724994552
-7.105253518652483
-7.142011006200695
-7.177699226228013
-7.21233784386347
-7.245946049513604
-7.278542876238925
-7.310147100385506
-7.340776718595414
-7.370449114755027
-7.399181197569388
-7.426989503132933
-7.453890335808302
-7.479899664102982
-7.5050337513130625
-7.529308314794077
-7.55273882752208
-7.575340669700277
-7.597128555451623
-7.618116651421388
-7.638318698933793
-7.657748093340808
-7.676417935775783
-7.69434106754176
-7.711530093125933
-7.727997395686018
-7.743755147586331
-7.758815317725605
-7.773189676829035
-7.7868898014865335
-7.7999270774521525
-7.812312702537736
-7.8240576893108225
-7.835172867724383
-7.845668887751358
-7.855556222208631
-7.864845169747279
-7.873545857743613
-7.881668245035412
-7.889222124597442
-7.89621714908099
-7.902662838140537
-7.9085685645235335
-7.913943537718895
-7.91879679582977
-7.923137206311285
-7.926973472187039
-7.9303141479096535
-7.933167645854631
-7.93554223598308
-7.937446049387066
-7.938887083043195
-7.939873204233213
-7.940412157963891
-7.940511573515787
-7.94017895716585
-7.939421693342347
-7.938247047769058
-7.936662170552782
-7.934674098806994
-7.932289758907407
-7.92951596853322
-7.926359438592151
-7.922826775077005
-7.918924480874236
-7.914658957532883
-7.910036506997476
-7.905063333306766
-7.899745942691821
-7.894090760432426
-7.888103960859669
-7.900338002372197
-7.945337161954383
-8.014520293546369
-8.10006705051767
-8.19656164286546
-8.300227864381291
-8.408368095034986
-8.519027989774356
-8.630776271209308
-8.742559175976934
-8.85360375900068
-8.963345807922762
-9.07137543036766
-9.177405080927263
-9.281239570824328
-9.382748666189338
-9.481849012509654
-9.578493679124362
-9.672664317150092
-9.764366730327843
-9.853626742921005
-9.940480633064679
-10.024971404373877
-10.107146053630515
-10.18705590472077
-10.264753922975455
-10.340295119928589
-10.413733841159711
-10.485122919216375
-10.554513708250848
-10.621956446872984
-10.687501740765276
-10.75119917393849
-10.813097216239704
-10.873243155944518
-10.931681984828815
-10.98845888427866
-11.043616557192253
-11.097197401191933
-11.14924039322616
-11.19978178486378
-11.24885621307031
-11.296496859880653
-11.342735764574238
-11.387604627465029
-11.431134001782219
-11.473355201462264
-11.514297415553447
-11.553988176042422
-11.592453639661239
-11.629718824108178
-11.665807801582737
-11.700743766666086
-11.734549109845826
-11.767245490464106
-11.798853898567934
-11.82939470827391
-11.85888777658844
-11.88735246002211
-11.914807604086983
-11.941271536252893
-11.966762104944575
-11.991296997865328
-12.014893374220497
-12.037568793388944
-12.059340071285295
-12.095391333668092
-12.142443211197236
-12.196835840519773
-12.256079580377651
-12.318479106989054
-12.382831559081293
-12.46305361797135
-12.555153724176005
-12.654975150093035
-12.759658346865384
-12.867228006892889
-12.976273033294943
-13.085763740779626
-13.194949443023354
-13.303270224728003
-13.410307866360107
-13.515756089285667
-13.61939324231254
-13.721060339749553
-13.820647405795379
-13.918085526722464
-14.013331410269288
-14.106362252519368
-14.197179171372282
-14.28579209295958
-14.372220161084094
-14.456489535281717
-14.538631622445827
-14.618682540454495
-14.696686029617561
-14.772688458105474
-14.84673484043955
-14.918868942666808
-14.989133533901349
-15.057570519458183
-15.124226111765065
-15.189141561598793
-15.252355461757224
-15.313905885574652
-15.373830425775363
-15.432168252448594
-15.488955865098873
-15.54422787619368
-15.598017505044016
-15.650356798273247
-15.701276758578166
-15.750807662382641
-15.798979641274006
-15.845824206205911
-15.891370724300893
-15.9356467629036
-15.978678377694841
-16.020490044495748
-16.06110686700633
-16.100553491900538
-16.138851901447058
-16.17602284707982
-16.212086271195993
-16.2470626584594
-16.280971437096067
-16.313830881108068
-16.345658455315146
-16.376470981462653
-16.406284729444558
-16.435115475561677
-16.46297864241439
-16.4898893097863
-16.51586221799441
-16.540911767616297
-16.56505195067414
-16.588296296855315
-16.61065744239473
-16.632147869344067
-16.652779946446337
-16.672565700927617
-16.691516830050638
-16.70964478941364
-16.726960801381246
-16.74347590722229
-16.759200950042032
-16.77414654121554
-16.78832304120432
-16.801740555822526
-16.814408941671203
-16.82633801507546
-16.837538861296682
-16.848021643600056
-16.857795745897825
-16.866870006915793
-16.875252955897093
-16.882952885474058
-16.889977845643433
-16.89633567010897
-16.90203400149967
-16.907080311886965
-16.911481919871107
-16.915246027217787
-16.91837973530483
-16.920890030157352
-16.922783773986666
-16.92406770619986
-16.924748452603367
-16.924832536564896
-16.9243261816179
-16.923235208949997
-16.92156549872739
-16.91932296667008
-16.916513516715938
-16.913143013269067
-16.909217266152623
-16.904742022544074
-16.89972296292702
-16.894165712647666
-16.888075845159797
-16.88145887465067
-16.874320246956895
-16.866665334521393
-16.85849943618832
-16.84982778032827
-16.840655370557485
-16.830987065383827
-16.820827698716027
-16.810182099697062
-16.79905508679655
-16.78745146025106
-16.77537599673715
-16.76283344612694
-16.749828529744203
-16.736365939661916
-16.722450338725064
-16.708086361081666
-16.693278624473745
-16.678031758817163
-16.6623504046367
-16.64623918312208
-16.62970295528584
-16.612746949834197
-16.595375493737453
-16.577592867028265
-16.559403447235997
-16.540811601708903
-16.521821669800634
-16.50243796959942
-16.482665858603138
-16.46251022849108
-16.44197554242436
-16.421066068413733
-16.399785981629798
-16.378139470734446
-16.35613061134068
-16.333763204504006
-16.31104104499111
-16.287967992239793
-16.26454797014422
-16.240784953798812
-16.216682957600717
-16.192246026862154
-16.167477637234196
-16.142380362005902
-16.116957294611232
-16.09121196646302
-16.06514818570961
-16.03876993591296
-16.01208131487618
-15.985086556370831
-15.957791456669858
-15.93020193100101
-15.902322733546436
-15.874158296339
-15.845712904641667
-15.816990747976195
-15.787995884870515
-15.758732363187551
-15.729205981524595
-15.699421882251176
-15.66938377026287
-15.639094176688804
-15.608555934142048
-15.577772181327775
-15.546746262166534
-15.515481663856598
-15.483981981926862
-15.45225089911944
-15.420292171419364
-15.388109617950557
-15.355707113147844
-15.323088580443038
-15.29026094497631
-15.257230338324852
-15.22400187188372
-15.190579990432951
-15.156968596803448
-15.123170131640498
-15.089187594853314
-15.0550245196369
-15.020684735541982
-14.986172190399072
-14.95149393330974
-14.916657272069292
-14.881667071790332
-14.846527252105592
-14.811241244429745
-14.775812227850652
-14.740243268204564
-14.704537434315503
-14.668697995458945
-14.632728173361501
-14.596630370797028
-14.56040681238881
-14.524059994485215
-14.487592711629373
-14.451008217244034
-14.414309912675456
-14.377501210481816
-14.340585537131737
-14.30356641722006
-14.266447381751954
-14.229231899169571
-14.19192339139573
-14.154527694874622
-14.117049470355058
-14.079493335299281
-14.041865544856952
-14.00417064075791
-13.96641196869619
-13.928594985647344
-13.89072290158998
-13.852797923920464
-13.814822284322146
-13.776798119148557
-13.738727420334099
-13.70061207791964
-13.662453940543479
-13.624254864169542
-13.586016932514314
-13.54774236562805
-13.509434156394613
-13.471095211725002
-13.432727949429516
-13.394334494739113
-13.355919427324576
-13.31748563862543
-13.279035176059894
-13.240569660096574
-13.20209059208267
-13.163599734261425
-13.125098835514962
-13.086589517084239
-13.048073278045763
-13.00955153393757
-12.971025655226905
-12.93249995642077
-12.893978398325707
-12.855464656965154
-12.816962979004428
-12.778476053470143
-12.740005437033327
-12.70155200438026
-12.663116255829086
-12.624698512702352
-12.586299702251521
-12.5479223004957
-12.509567897028282
-12.471237574750798
-12.432932082093746
-12.39465197609626
-12.356398547702101
-12.318174213630932
-12.279980715140399
-12.241819011665783
-12.203689532719594
-12.182383307913504
-12.174927359362053
-12.177621468073033
-12.187834648311371
-12.203685409058936
-12.223686288718241
-12.246762333039682
-12.272074032790314
-12.298951642602683
-12.326854632150793
-12.355343751095397
-12.384060597437589
-12.412712445432499
-12.441060518055698
-12.468910682565264
-12.496105942368626
-12.522520302388749
-12.564210397821538
-12.618031573590365
-12.680228222663864
-12.748149644737124
-12.819917010210819
-12.89414434965197
-12.969779277833839
-13.046009131111441
-13.122204021851129
-13.197874227513742
-13.272638204202224
-13.346201591851452
-13.418335852666955
-13.488864366104874
-13.557653282042864
-13.62460374299776
-13.68964500041298
-13.752730311330273
-13.813833009276513
-13.872943523774909
-13.930065298149225
-13.985211565314952
-14.038403631227187
-14.089673984762673
-14.13905613337594
-14.186584449000131
-14.23229555925794
-14.27622795132058
-14.318421423561542
-14.35891659893957
-14.397756142207475
-14.434984201566252
-14.470643334008477
-14.504774679106934
-14.537418167429404
-14.568612622189873
-14.598395775334508
-14.626804246775878
-14.653873528781787
-14.67963723239958
-14.704128142328699
-14.72737821789204
-14.749418492107486
-14.770279018651737
-14.78998885429081
-14.808576694897445
-14.826070158092175
-14.842495487668849
-14.857877814581691
-14.872241289596277
-14.885609161706437
-14.89800383474998
-14.90944691326468
-14.919959242022651
-14.929560941608415
-14.938271414562593
-14.946109397842775
-14.953093016303962
-14.959239803290338
-14.964566745703966
-14.969090278187812
-14.972826296493162
-14.975790182667119
-14.977996832501981
-14.979460681760193
-14.980195730409884
-14.980215564926583
-14.97953337889893
-14.978161992179153
-14.976113868781033
-14.973401133686666
-14.970035588688763
-14.966028718788698
-14.961391714792791
-14.956135491858431
-14.950270690054898
-14.943807682292446
-14.936756599765006
-14.929127347526306
-14.920929607996626
-14.912172841873126
-14.902866292370792
-14.893018993547782
-14.88263978114997
-14.871737304228239
-14.860320036369485
-14.84839628599257
-14.835974675591725
-14.823063725930714
-14.80967089138945
-14.79580349251324
-14.781468802750668
-14.766674040333646
-14.751426359782672
-14.735732838193286
-14.719600468160785
-14.703036155749267
-14.686046720922155
-14.668638899058012
-14.6508193429416
-14.632594624982618
-14.613971239523028
-14.594955605172151
-14.575554067145156
-14.555772899590186
-14.535618307891475
-14.515096430936687
-14.494213343337742
-14.472975085851411
-14.451387658007814
-14.429456947006438
-14.407188729145512
-14.38458868792642
-14.36166256170718
-14.338415675489676
-14.314853373714605
-14.290981084124695
-14.2668042282996
-14.242328165758948
-14.217558173864548
-14.192499447118678
-14.167158989147767
-14.141543271043469
-14.115658054872101
-14.089509131973932
-14.063102910314898
-14.036444711836882
-14.009539338186004
-13.982391337490514
-13.955006604873638
-13.927390873434424
-13.899548963720743
-13.87148529634057
-13.843203878173735
-13.814708332845015
-13.786002300490903
-13.75708955471222
-13.727974139562926
-13.69866014546571
-13.669151610630959
-13.639452517361919
-13.609566934334568
-13.579498954137996
-13.549252629589182
-13.518831949988378
-13.488240988121676
-13.457483826728986
-13.426564511178832
-13.395487064083198
-13.364255919172741
-13.332875338482143
-13.301350835047591
-13.269687066734003
-13.237887749479947
-13.20595613290461
-13.173895226943923
-13.141707974092613
-13.109397564840188
-13.076967191692903
-13.044419943342755
-13.011758804392562
-12.978986684303528
-12.946108031351049
-12.913128239404857
-12.88005255328625
-12.8630046671808
-12.859070526523043
-12.86467996232646
-12.877312626166717
-12.895177592341293
-12.916943248552451
-12.941586244027313
-12.968303085235439
-12.996453901496727
-13.025524267535802
-13.055100057388303
-13.084846304367096
-13.11448996916376
-13.143808627145221
-13.172621569093986
-13.200782899212772
-13.228175475009945
-13.254706011050816
-13.280301137944726
-13.304904701029074
-13.328475195271116
-13.350982323432463
-13.372405091110267
-13.39273032593952
-13.411951440047625
-13.430067360536562
-13.447081601919459
-13.463001464805197
-13.477837346830272
-13.4916021526166
-13.504310790327947
-13.51597974462541
-13.52662671408242
-13.536270302445176
-13.54492976215913
-13.552624779057187
-13.559375292905582
-13.565201348727078
-13.570122974438611
-13.574160080929364
-13.577332381230224
-13.57965932588603
-13.581160052009833
-13.581853343912178
-13.597031983291364
-13.623798324796672
-13.658702222877329
-13.699335541176717
-13.744006681516302
-13.791474564652718
-13.840800108681274
-13.891258523867142
-13.942282890604028
-13.993426010497801
-14.044333501418205
-14.094730709184445
-14.144397209396095
-14.193156142754445
-14.240868293668157
-14.287425448346406
-14.33274480272002
-14.376764408920357
-14.419443434666391
-14.460753796119958
-14.500677615166017
-14.539205691993846
-14.576336096460217
-14.612072934685784
-14.646425218080624
-14.679405532230756
-14.71102908751983
-14.741313940297495
-14.77028035443329
-14.797950215240444
-14.82434764617337
-14.849497210643168
-14.873423397741194
-14.89615070506145
-14.91770358764137
-14.938106352744517
-14.957383023085688
-14.975557307885303
-14.992652661070967
-15.008692150440787
-15.023699118041865
-15.037696352855903
-15.050705435773464
-15.062747200842034
-15.073841848570906
-15.084008995811086
-15.093267705005994
-15.101636504265521
-15.1231457785282
-15.155054475549132
-15.194186092748609
-15.23835099829896
-15.286023575576406
-15.336090984885217
-15.387715218248406
-15.440251721076834
-15.493197816818247
-15.546157675567366
-15.59881784949783
-15.650935696223458
-15.70231959115378
-15.752816586899083
-15.802303530807635
-15.850683578452399
-15.897882278461676
-15.9438436905664
-15.988527050042185
-16.031903965442208
-16.07395914795188
-16.11468379202683
-16.154074478161167
-16.19213309738805
-16.228866046717812
-16.26428343567664
-16.298398284935974
-16.331225893957274
-16.362782842101318
-16.393086377386282
-16.422156574892224
-16.45001403171556
-16.4766796504939
-16.50217456695734
-16.526520039282342
-16.549737419956667
-16.57184799757831
-16.592872859159062
-16.612832792049566
-16.631748219878677
-16.66253427750993
-16.702609943245655
-16.749049082193324
-16.799854759664754
-16.85365100109422
-16.909440626061322
-16.96647328277933
-17.02417012429982
-17.082082905148095
-17.139861732705892
-17.197228097698574
-17.25396246328203
-17.309889574210338
-17.36487000390268
-17.418793974278202
-17.471576058074554
-17.523150461710276
-17.573465313817987
-17.622483357442377
-17.670179418707086
-17.71653801423872
-17.761551445335442
-17.805218286526955
-17.847542082996465
-17.888529638457182
-17.92819122211661
-17.966540028075173
-18.00359296686165
-18.039372359778536
-18.073903443367083
-18.107207636790296
-18.13930532510837
-18.17021650085774
-18.199960253963813
-18.22855535109369
-18.256020986857397
-18.28237686337769
-18.307642640939967
-18.331837740719045
-18.354981268594305
-18.377091984388183
-18.39818828083578
-18.418288183049345
-18.437409348894953
-18.45556902202583
-18.472783998775956
-18.489070615599754
-18.50444465964904
-18.518921275063924
-18.532515233488798
-18.545240975827564
-18.55711260184142
-18.5681438516114
-18.57834809294152
-18.58773831773246
-18.59632715411541
-18.604126883513565
-18.611149442931424
-18.617406403255973
-18.622908995084526
-18.627668124931585
-18.631694385900932
-18.634998068128493
-18.637589176152368
-18.639477459315298
-18.64067241572535
-18.641183289359702
-18.641019071188925
-18.640188505104835
-18.638700096840072
-18.63656212428428
-18.6457299178571
-18.663877304027938
-18.688369387308434
-18.717414834425686
-18.749773164067342
-18.78453778503863
-18.82101979410226
-18.85868199983245
-18.89709799961431
-18.935925010009704
-18.97488514166256
-19.0137523431332
-19.05234220493816
-19.090504407000555
-19.12811706593742
-19.165078937410343
-19.201306156772528
-19.236729016622334
-19.271289968956182
-19.304942647465072
-19.337650451836467
-19.369385081064507
-19.40012523639251
-19.429855525177988
-19.458565545724884
-19.486249115288935
-19.51290361056526
-19.53852941590906
-19.563129737826806
-19.586710005698105
-19.609277290799863
-19.630839958963115
-19.651407426694394
-19.67098996485464
-19.689598531311443
-19.70724462576543
-19.723940163422338
-19.73969736526777
-19.754528686954803
-19.768446764567763
-19.781464339517385
-19.793594165990807
-19.804848838036378
-19.815240783429626
-19.824782288350956
-19.8334854885782
-19.84136234763684
-19.84842463512718
-19.854683917899358
-19.871502164249847
-19.896677509714767
-19.92772767931046
-19.96297001872692
-20.001241116869988
-20.041690897627113
-20.083676812199872
-20.126694956890116
-20.170343992384435
-20.214300282002004
-20.258307097732086
-20.302153150195565
-20.345663430778668
-20.388692905397843
-20.431121225663663
-20.472848582467766
-20.513792385309472
-20.55388195638771
-20.593060416968996
-20.631282796750874
-20.668514005047495
-20.70472719958377
-20.73990261759446
-20.77402614096023
-20.80708852008871
-20.839084636841463
-20.870012866404796
-20.899874645619708
-20.928674306585883
-20.95641819354046
-20.983114026486714
-21.008770536724498
-21.033398331465158
-21.05700983716306
-21.079616797050736
-21.101231269466712
-21.121865544233348
-21.14153209585228
-21.160243553149606
-21.178012551293293
-21.19485144327766
-21.21077273120035
-21.225789095852317
-21.23991330707492
-21.253158127358347
-21.265536239515313
-21.277060204335424
-21.28774461382065
-21.297603076425005
-21.306648119079707
-21.314891465371126
-21.322344242235637
-21.329017112619184
-21.33492036046333
-21.340063944900802
-21.344457534660293
-21.348110530180943
-21.351032078192812
-21.35323108168737
-21.35471620709149
-21.35549588979207
-21.35557833874647
-21.354971540649373
-21.35368326542699
-21.351721075317133
-21.349092332482098
-21.345804202953175
-21.34186365814475
-21.337277479756988
-21.332052266496625
-21.32619443737653
-21.319710232450145
-21.312605713465416
-21.304886467357
-21.296557723820644
-21.28762462018927
-21.278092240178783
-21.267965596107995
-21.25724960956515
-21.24594909873733
-21.23406877147497
-21.221613222358787
-21.208586932458193
-21.19499427089066
-21.180839501171526
-21.166126785621735
-21.150860187166014
-21.135043670875643
-21.11868195823509
-21.101780793187928
-21.08434488773674
-21.066376948853645
-21.047879783511657
-21.02885637703386
-21.009309804159948
-20.989243174601466
-20.968660730388322
-20.94756685108614
-20.925964919815232
-20.903858123757328
-20.881249324803075
-20.858140877557275
-20.8345349738709
-20.81043337468553
-20.785837055989603
-20.760747201279266
-20.73516537596237
-20.709093464816174
-20.682533590516485
-20.655488051163687
-20.627959277340803
-20.59994972591651
-20.583129507397835
-20.57545053595267
-20.57450752437541
-20.57866017178586
-20.586763752172196
-20.597970636442348
-20.611624729357278
-20.627202516152114
-20.64427713664202
-20.662494912360994
-20.681559208411343
-20.70121889996548
-20.721259906737792
-20.74149873486253
-20.761777432568117
-20.781959648513237
-20.80192747551988
-20.82157887380116
-20.840825536357872
-20.859590460392436
-20.877806844171563
-20.89541726931748
-20.91237261608607
-20.92863102808378
-20.944156753159465
-20.958919573044284
-20.97289416175396
-20.986059533674013
-20.998398574434646
-21.009897585348856
-21.020546882930237
-21.030338700618998
-21.039267237118686
-21.047328611920207
-21.05452068472238
-21.060842860456074
-21.066295903151094
-21.07088176512907
-21.074603432831772
-21.07746479536505
-21.079470526993568
-21.080625976469197
-21.08093706088203
-21.08041017006378
-21.079052084305186
