-65.0
-64.99414803789259
-64.98728486592317
-64.98087107877137
-64.9747967508293
-64.96892111172683
-64.96315225835808
-64.95743578553348
-64.9517403982976
-64.94604842717615
-64.94035014240939
-64.93464036629696
-64.92891649745185
-64.92317736308837
-64.91742255778146
-64.91165206719761
-64.90586605785577
-64.90006476285681
-64.89424842246466
-64.88841725553469
-64.8825714478767
-64.87671114956912
-64.87083647670985
-64.86494751510301
-64.8590443245417
-64.85312694300595
-64.847195390463
-64.84124967215689
-64.83528978137761
-64.82931570174944
-64.8233274090983
-64.81732487296189
-64.81130805780303
-64.80527692397996
-64.79923142851952
-64.7931715257316
-64.78709716769627
-64.78100830464962
-64.77490488528856
-64.76878685701158
-64.76265416610849
-64.75650675790997
-64.75034457690501
-64.74416756683323
-64.73797567075717
-64.7317688311188
-64.72554698978355
-64.71931008807451
-64.71305806679875
-64.70679086626765
-64.70050842631217
-64.69421068629437
-64.68789758511595
-64.68156906122425
-64.67522505261645
-64.6688654968422
-64.66249033100506
-64.65609949176306
-64.6496929153284
-64.64327053746663
-64.63683229349526
-64.63037811828212
-64.62390794624326
-64.61742171134071
-64.61091934707993
-64.60440078650726
-64.597865962207
-64.5913148062986
-64.58474725043357
-64.57816322579242
-64.57156266308151
-64.56494549252977
-64.55831164388543
-64.55166104641268
-64.54499362888825
-64.53830931959797
-64.53160804633335
-64.52488973638792
-64.51815431655382
-64.51140171311805
-64.50463185185892
-64.49784465804235
-64.4910400564181
-64.48421797121608
-64.47737832614249
-64.47052104437603
-64.46364604856402
-64.45675326081846
-64.44984260271212
-64.44291399527457
-64.43596735898807
-64.42900261378361
-64.42201967903672
-64.41501847356342
-64.40799891561593
-64.40096092287855
-64.39390441246333
-64.38682930090579
-64.37973550416056
-64.37262293759706
-64.36549151599493
-64.35834115353973
-64.35117176381829
-64.34398325981421
-64.33677555390328
-64.32954855784875
-64.32230218279675
-64.31503633927143
-64.30775093717031
-64.30044588575933
-64.29312109366806
-64.28577646888472
-64.27841191875126
-64.27102734995829
-64.26362266854005
-64.25619777986927
-64.24875258865202
-64.2412869989225
-64.23380091403774
-64.22629423667232
-64.21876686881292
-64.21121871175302
-64.20364966608734
-64.1960596317063
-64.18844850779051
-64.18081619280503
-64.17316258449375
-64.16548757987363
-64.15779107522884
-64.15007296610499
-64.14233314730309
-64.13457151287368
-64.1267879561107
-64.11898236954546
-64.11115464494043
-64.10330467328303
-64.09543234477937
-64.08753754884786
-64.07962017411285
-64.07168010839813
-64.06371723872037
-64.05573145128258
-64.04772263146737
-64.03969066383024
-64.0316354320928
-64.02355681913588
-64.01545470699257
-64.00732897684124
-63.99917950899841
-63.991006161665744
-63.98280424827182
-63.97457248646059
-63.96631038289858
-63.95801761084634
-63.94969389678707
-63.94133899170789
-63.93295266022718
-63.924534628056364
-63.91608459375886
-63.90760232411545
-63.89908759762853
-63.89054019571281
-63.88195990047047
-63.87334649367256
-63.864699756151815
-63.85601946741746
-63.847305405405926
-63.838557346316094
-63.82977506449696
-63.820958332367674
-63.812106920357714
-63.80322059685942
-63.79429912818843
-63.7853422785489
-63.77634981000187
-63.76732148243543
-63.758257053536234
-63.74915627876158
-63.74001891131198
-63.730844702103845
-63.721633399742274
-63.71238475049368
-63.70309849825838
-63.69377438454283
-63.68441214843177
-63.675011526559956
-63.66557225308366
-63.65609405965177
-63.646576675376586
-63.63701982680421
-63.627423237884585
-63.617786629941094
-63.608109721639785
-63.59839222895816
-63.588633865153525
-63.578834340730936
-63.56899336341064
-63.559110638095106
-63.54918586683558
-63.53921874879813
-63.52920898022928
-63.519156254421056
-63.50906026167562
-63.49892068926935
-63.48873722141638
-63.478509539231666
-63.46823732069349
-63.4579202406054
-63.44755797055761
-63.43715017888787
-63.42669653064169
-63.41619668753204
-63.40565030789843
-63.39505704666537
-63.38441655530027
-63.37372848177064
-63.362992470500735
-63.35220816232747
-63.34137519445574
-63.330493200413045
-63.319561810003414
-63.30858064926068
-63.29754934040103
-63.28646750177479
-63.27533474781757
-63.26415068900059
-63.25291493178029
-63.24162707854715
-63.230286727573706
-63.218893472961845
-63.207446904589204
-63.19594660805477
-63.18439216462367
-63.17278315117105
-63.161119140125145
-63.149399699409386
-63.13762439238369
-63.125792777784746
-63.11390440966542
-63.10195883733319
-63.08995560528762
-63.0778942531568
-63.06577431563285
-63.05359532240634
-63.04135679809969
-63.02905826219953
-63.01669922898789
-63.004279207472415
-62.99179106361047
-62.979230421972495
-62.966595733371186
-62.95388606323173
-62.94110054437277
-62.928238344268564
-62.91529864811914
-62.90228064929362
-62.8891833018011
-62.87600575800471
-62.862747197004516
-62.84940679855562
-62.83598373726812
-62.822477180158636
-62.80888628518452
-62.795210200273175
-62.781448062648714
-62.76759899834086
-62.753662121804304
-62.73963653560394
-62.72552133013851
-62.71131558338601
-62.697018360660564
-62.68262871437459
-62.668145683802365
-62.653568294842714
-62.638895559779115
-62.624126477036505
-62.60926003093389
-62.594295191432444
-62.57923091387869
-62.56406613874252
-62.548799791349786
-62.533430781609304
-62.517958003734016
-62.502380335956225
-62.48669664023665
-62.470905761967146
-62.45500652966692
-62.43899775467207
-62.4228782308183
-62.406646734116485
-62.390302022421146
-62.37384283509138
-62.35726789264423
-62.34057589640023
-62.32376552812088
-62.30683544963793
-62.289784302474146
-62.27261070745542
-62.255313264313926
-62.23789055128213
-62.22034112467738
-62.202663518476825
-62.184856243882386
-62.16691778887553
-62.1488466177616
-62.130641170703285
-62.11229986324311
-62.09382108581448
-62.07520320324109
-62.05644455422424
-62.03754345081787
-62.01849817789082
-61.99929532813167
-61.9799256275943
-61.960384243910354
-61.940668519516684
-61.920775769394766
-61.900703320039035
-61.88044849428632
-61.860008473687884
-61.839380135073945
-61.81856064492499
-61.79754717799088
-61.77633687408097
-61.754926827122034
-61.73331407972386
-61.711495619434544
-61.689468375851526
-61.66722921823209
-61.64477495339279
-61.6221023237661
-61.59920800553204
-61.57608860677371
-61.5527406656248
-61.529160648389116
-61.50534494761888
-61.48128988014322
-61.45699168504049
-61.4324465215496
-61.4076504669165
-61.382599514172234
-61.35728956983942
-61.33171645156393
-61.305875885668634
-61.27976350462612
-61.25337484444691
-61.22670534197999
-61.19975033212202
-61.17250504493159
-61.14496460264467
-61.11712401658735
-61.088978183981574
-61.06052188463967
-61.03174977754297
-61.00263271888884
-60.97315282767401
-60.94329858015362
-60.91306201173798
-60.88243516303138
-60.851409908439564
-60.8199779705745
-60.788130120466306
-60.75585733315427
-60.723150656419314
-60.690000958059485
-60.65639887563619
-60.622334794999134
-60.58779883453723
-60.552780831438106
-60.517270328876485
-60.48125656357225
-60.44472845336667
-60.4076745845871
-60.37008319904704
-60.331942180574856
-60.29323904099272
-60.25396090548348
-60.21409449729215
-60.17362612171271
-60.1325416493129
-60.090826498349045
-60.04846561632169
-60.005401841198534
-59.96159619934515
-59.917020519224536
-59.87165260638633
-59.8254700045079
-59.77844943745889
-59.73056643209763
-59.68179443619666
-59.632107302432665
-59.581478109672275
-59.5298789427972
-59.47728079958731
-59.423653516377605
-59.36896569687408
-59.31318464054005
-59.25627626885651
-59.198205048309504
-59.138933909238254
-59.07842415983998
-59.016581872368555
-58.95331098397181
-58.88854343363214
-58.822219974324625
-58.7542812945
-58.684664862448194
-58.61330341680661
-58.54012541238729
-58.46505758370225
-58.38802303745408
-58.30894071613849
-58.227725028089665
-58.144285484392945
-58.058511494303445
-57.970158322570015
-57.879070142734285
-57.78509701700571
-57.688094170514674
-57.58790557464205
-57.484362220908245
-57.37727994365533
-57.26646560068207
-57.15171234061562
-57.03270053823065
-56.909010149300514
-56.78029440179336
-56.64621539594368
-56.50641422670391
-56.36049772725344
-56.208023830058885
-56.04841145545735
-55.88082713333412
-55.70453717366951
-55.518789636000214
-55.32276217652905
-55.11552818385423
-54.89548889762031
-54.66118400077576
-54.41103691615277
-54.14329704865686
-53.85521756319491
-53.54392354212578
-53.2062155835113
-52.83757888308059
-52.432757841995425
-51.985191751346505
-51.48619479585174
-50.92474826198433
-50.286194995089986
-49.55046224834998
-48.690138898012876
-47.66629345706583
-46.422169863878224
-44.873391337301236
-42.893474695106086
-40.29381670973077
-36.81468084999725
-32.169449403143744
-26.21686640062824
-19.20377433512673
-11.741248475284033
-4.4234346860344305
2.342387661872656
8.31672749610588
13.448838629070124
17.801314081764584
21.47147644326032
24.556649140387023
27.143224944381483
29.304461332300665
31.10118099301355
32.583305798268334
33.791502509113776
34.758734153313085
35.511594544707684
36.07146389664183
36.45547704246886
36.67734588374239
36.74805684508764
36.67646513164007
36.46980504622088
36.13412722721309
35.67467081665263
35.096178771103396
34.40317284222157
33.600160038221205
32.691814456928384
31.683101581146545
30.579365553047232
29.386378428070834
28.11035396683884
26.757927720410564
25.33609439578867
23.852168631316456
22.313673115210914
20.72824587701669
19.10354155483117
17.447127233364636
15.766346973306309
14.068291440206048
12.359664421232434
10.646684294191953
8.935118886994495
7.23018863976293
5.536484255105738
3.8580321187526527
2.1983264804862976
0.5601996957690154
-1.0541015596965668
-2.642708752398793
-4.204488308198034
-5.73858010843587
-7.244613313046653
-8.722689571653612
-10.173090627244518
-11.596584955066293
-12.994125347898791
-14.366724870824806
-15.716148292791225
-17.043544761545828
-18.350781747255006
-19.63987477461567
-20.912448469334525
-22.170266002698014
-23.41566042094943
-24.65062182606674
-25.87675096532735
-27.095616698425534
-28.309039016540023
-29.518578415375238
-30.72521917525345
-31.92960445695412
-33.13198490085418
-34.33242563865179
-35.530915803847805
-36.72667841639076
-37.918580166919746
-39.105155518999034
-40.2846412261547
-41.45526498864526
-42.61464465586934
-43.7600286892864
-44.8884094926967
-45.996615208207515
-47.081456370528386
-48.13972781871181
-49.16846937416097
-50.165087546692014
-51.12746183755962
-52.054002037626596
-52.94366435965281
-53.795927067938884
-54.610742973285085
-55.388487948797255
-56.129877709401505
-56.83582477261167
-57.50747387046553
-58.14613941696843
-58.75320288449768
-59.330052592896635
-59.87815777020534
-60.398926126663774
-60.893771731922094
-61.364057277816535
-61.81110246855289
-62.23616757659313
-62.64046968882481
-63.025142054392724
-63.39129053166032
-63.739932013516075
-64.0720448152009
-64.38855792833564
-64.69032110372902
-64.97815437734477
-65.25283134260279
-65.51506561219692
-65.76553327710224
-66.00487527607046
-66.23369383543253
-66.45254407109152
-66.66195414171099
-66.86242322462817
-67.05442061838585
-67.2383863170917
-67.41472717960669
-67.58383252959558
-67.74606944281003
-67.90178342972018
-68.05129970652615
-68.19492325234805
-68.33293825815394
-68.46561639713116
-68.59321435193681
-68.7159743356752
-68.83412493315382
-68.94788194611829
-69.05744919424122
-69.16301757274198
-69.26476733482659
-69.36287061520261
-69.45749052952182
-69.54878153287353
-69.63688990830373
-69.7219542501969
-69.80410592197872
-69.88346948563171
-69.96016310378273
-70.0342989158232
-70.1059821725245
-70.17531312355374
-70.24238782273768
-70.30729769852714
-70.37012972529007
-70.43096665552874
-70.48988725059415
-70.5469665002173
-70.60227582953885
-70.65588329386543
-70.70785376173005
-70.75824908692131
-70.80712827015401
-70.85454761103462
-70.90056085094415
-70.94521930742512
-70.98857200062338
-71.03066540923795
-71.07154361861701
-71.11124934543305
-71.14982355522156
-71.18730546801902
-71.22373263018655
-71.25914099354368
-71.29356499248837
-71.32703761759073
-71.3595904854543
-71.39125390491478
-71.42205693972315
-71.4520274678849
-71.48119223783338
-71.50957692161278
-71.53720616524065
-71.56410363641183
-71.59029206969727
-71.61579330938237
-71.640628350081
-71.66481737525332
-71.68837979374729
-71.7113342744767
-71.73369877934147
-71.75549059448943
-71.77672636001266
-71.79742209816584
-71.8175932401886
-71.83725465180896
-71.85642065750014
-71.87510506355883
-71.89332118006885
-71.91108184181014
-71.92839942816978
-71.94528588210812
-71.96175272823015
-71.97781099868563
-71.99347113499869
-72.00874345753671
-72.02363797010986
-72.03816435156466
-72.05233195926225
-72.06614983632936
-72.07962672809533
-72.09277109136325
-72.10559110524679
-72.11809468182709
-72.13028947641087
-72.14218289737006
-72.15378211557059
-72.16509407340348
-72.1761254934334
-72.18688288668066
-72.19737256055204
-72.20760062643662
-72.21757300698144
-72.22729544306176
-72.23677350045983
-72.2460125762658
-72.25501790501309
-72.26379456456101
-72.27234748173548
-72.28068143773937
-72.2888010733428
-72.29671089386304
-72.304415273944
-72.31191846214377
-72.319224585339
-72.32633765295441
-72.33326156102476
-72.34000009609699
-72.34655693897935
-72.3529356683443
-72.35913976419135
-72.36517261117613
-72.37103750181119
-72.37673763954422
-72.38227614171879
-72.38765604242269
-72.39288029522845
-72.3979517758308
-72.40287328458521
-72.40764754895169
-72.41227722584777
-72.41676490391451
-72.42111310569888
-72.4253242897562
-72.42940085267583
-72.43334513103298
-72.4371594032701
-72.44084589151024
-72.44440676330532
-72.447844133322
-72.45116006496728
-72.45435657195678
-72.45743561982732
-72.4603991273965
-72.46324896817109
-72.46598697170634
-72.46861492491809
-72.47113457334933
-72.47354762239341
-72.47585573847508
-72.47806055019115
-72.48016364941256
-72.48216659234885
-72.48407090057685
-72.4858780620348
-72.48758953198302
-72.48920673393282
-72.49073106054429
-72.49216387449464
-72.49350650931771
-72.49476027021615
-72.49592643484691
-72.4970062540812
-72.49800095273991
-72.49891173030522
-72.49973976160926
-72.50048619750088
-72.501152165491
-72.50173877037764
-72.50224709485093
-72.50267820007932
-72.50303312627719
-72.50331289325487
-72.50351850095144
-72.50365092995102
-72.50371114198322
-72.50370008040804
-72.50361867068604
-72.50346782083416
-72.5032484218676
-72.50296134822845
-72.50260745820133
-72.50218759431652
-72.5017025837412
-72.50115323865882
-72.5005403566374
-72.4998647209869
-72.49912710110604
-72.49832825281902
-72.49746891870237
-72.49654982840234
-72.49557169894315
-72.49453523502622
-72.49344112932097
-72.4922900627472
-72.49108270474952
-72.4898197135639
-72.48850173647686
-72.48712941007715
-72.48570336050057
-72.48422420366794
-72.48269254551634
-72.48110898222417
-72.47947410042974
-72.47778847744414
-72.47605268145811
-72.47426727174343
-72.47243279884866
-72.47054980478984
-72.46861882323591
-72.46664037968922
-72.46461499166121
-72.46254316884348
-72.46042541327436
-72.45826221950097
-72.45605407473721
-72.45380145901753
-72.45150484534668
-72.44916469984571
-72.44678148189412
-72.44435564426838
-72.44188763327692
-72.4393778888917
-72.43682684487646
-72.43423492891172
-72.4316025627166
-72.42893016216775
-72.42621813741509
-72.42346689299492
-72.42067682794007
-72.41784833588741
-72.41498180518275
-72.41207761898312
-72.40913615535669
-72.40615778738012
-72.4031428832337
-72.40009180629411
-72.3970049152251
-72.39388256406589
-72.39072510231753
-72.38753287502725
-72.3843062228708
-72.3810454822329
-72.37775098528581
-72.37442306006602
-72.37106203054931
-72.36766821672394
-72.36424193466233
-72.3607834965909
-72.35729321095855
-72.35377138250342
-72.35021831231833
-72.34663429791453
-72.34301963328424
-72.33937460896168
-72.3356995120828
-72.3319946264437
-72.32826023255778
-72.32449660771158
-72.32070402601948
-72.31688275847722
-72.31303307301418
-72.3091552345447
-72.30524950501811
-72.30131614346783
-72.29735540605944
-72.29336754613765
-72.28935281427233
-72.2853114583036
-72.28124372338596
-72.27714985203147
-72.27303008415217
-72.26888465710141
-72.26471380571455
-72.26051776234873
-72.2562967569218
-72.25205101695057
-72.24778076758818
-72.24348623166078
-72.23916762970352
-72.23482517999567
-72.23045909859526
-72.22606959937286
-72.22165689404477
-72.21722119220557
-72.21276270136002
-72.2082816269543
-72.20377817240679
-72.19925253913802
-72.19470492660028
-72.19013553230657
-72.18554455185891
-72.1809321789763
-72.176298605522
-72.17164402153038
-72.1669686152332
-72.16227257308547
-72.15755607979084
-72.15281931832635
-72.14806246996702
-72.14328571430971
-72.1384892292967
-72.13367319123878
-72.12883777483798
-72.12398315320978
-72.11910949790506
-72.11421697893155
-72.10930576477494
-72.1043760224196
-72.09942791736896
-72.09446161366546
-72.08947727391029
-72.0844750592826
-72.07945512955853
-72.0744176431298
-72.06936275702208
-72.06429062691294
-72.05920140714953
-72.05409525076605
-72.04897230950073
-72.04383273381266
-72.03867667289836
-72.03350427470797
-72.02831568596115
-72.02311105216289
-72.01789051761885
-72.01265422545059
-72.00740231761043
-72.00213493489616
-71.9968522169655
-71.99155429782651
-71.98624131394578
-71.98091340364721
-71.9755706987532
-71.97021333331863
-71.96484144074346
-71.95945515341279
-71.95405460266757
-71.94863991881931
-71.94321123120552
-71.93776866817849
-71.93231213720243
-71.92684164905023
-71.92135730045172
-71.91585920386416
-71.91034747552948
-71.90482223278495
-71.89928359316225
-71.89373167397073
-71.88816659206917
-71.88258846373107
-71.87699740456232
-71.87139352945023
-71.86577695253222
-71.86014778717686
-71.8545061459733
-71.84885214072615
-71.84318588245404
-71.83750748139087
-71.83181704698895
-71.82611468792325
-71.82040051209682
-71.81467462664673
-71.80893713795047
-71.8031881516328
-71.79742777257277
-71.79165610491094
-71.78587325205656
-71.78007931669497
-71.77427440079495
-71.76845860561603
-71.7626320317158
-71.75679477895714
-71.75094694651551
-71.74508863288598
-71.73921993589033
-71.73334095268409
-71.72745177976336
-71.72155251297167
-71.71564324750672
-71.70972407792705
-71.70379509815857
-71.69785640150104
-71.69190808063448
-71.68595022762548
-71.67998293393343
-71.67400629041663
-71.6680203873384
-71.66202531437301
-71.6560211606116
-71.65000801456799
-71.64398596418444
-71.63795509683727
-71.6319154993425
-71.62586725796132
-71.61981045840552
-71.61374518584296
-71.60767152490268
-71.6015895596803
-71.59549937374311
-71.58940105013508
-71.58329467138203
-71.57718031949646
-71.5710580759825
-71.56492802184073
-71.5587902375729
-71.5526448031867
-71.54649179820035
-71.5403313016472
-71.53416339208023
-71.52798814757654
-71.52180564574172
-71.51561596371424
-71.50941917816972
-71.50321536532518
-71.49700460094317
-71.49078696033601
-71.48456251836977
-71.47833134946833
-71.4720935276174
-71.46584912636835
-71.45959821884219
-71.45334087773334
-71.44707717531344
-71.44080718343504
-71.43453097353536
-71.42824861663988
-71.42196018336595
-71.41566574392634
-71.40936536813278
-71.40305912539937
-71.39674708474607
-71.39042931480203
-71.38410588380896
-71.37777685962443
-71.37144230972514
-71.36510230121009
-71.35875690080384
-71.3524061748596
-71.34605018936236
-71.33968900993196
-71.3333227018261
-71.32695132994341
-71.32057495882628
-71.31419365266395
-71.30780747529526
-71.30141649021158
-71.29502076055965
-71.28862034914432
-71.28221531843135
-71.2758057305501
-71.26939164729626
-71.2629731301345
-71.25655024020111
-71.25012303830657
-71.24369158493818
-71.23725594026256
-71.23081616412816
-71.22437231606777
-71.217924455301
-71.21147264073663
-71.20501693097506
-71.19855738431072
-71.19209405873433
-71.18562701193531
-71.17915630130399
-71.17268198393396
-71.16620411662423
-71.15972275588155
-71.15323795792249
-71.14674977867568
-71.14025827378399
-71.1337634986065
-71.12726550822077
-71.12076435742483
-71.11426010073923
-71.10775279240907
-71.10124248640605
-71.0947292364304
-71.08821309591285
-71.08169411801664
-71.07517235563934
-71.06864786141483
-71.06212068771511
-71.05559088665223
-71.04905851008007
-71.0425236095962
-71.03598623654368
-71.02944644201278
-71.02290427684282
-71.01635979162388
-71.00981303669852
-71.00326406216345
-70.99671291787132
-70.9901596455547
-70.98360429040953
-70.9770469063842
-70.97048754425244
-70.96392624616337
-70.95736305894053
-70.95079803098233
-70.94423121078957
-70.9376626467367
-70.93109189503289
-70.92451882903741
-70.91794345043247
-70.91136578680265
-70.90478587352771
-70.89820374940682
-70.89161945507564
-70.88503303223428
-70.87844452320806
-70.87185397067864
-70.86526141751192
-70.85866690664466
-70.85207048100786
-70.84547218347396
-70.8388720568197
-70.8322701436997
-70.82566648662743
-70.81906112796126
-70.81245410989443
-70.80584547444762
-70.79923526346359
-70.79262351860332
-70.78601028134338
-70.77939559297403
-70.7727794945981
-70.76616202713039
-70.75954323129744
-70.75292314763755
-70.74630181650117
-70.73967927805138
-70.73305557226453
-70.72643073893101
-70.71980481765608
-70.71317784786079
-70.70654986878296
-70.69992091947807
-70.69329103882045
-70.68666026550412
-70.68002863804395
-70.67339619477673
-70.66676297386215
-70.6601290132839
-70.65349435085075
-70.64685902419755
-70.64022307078633
-70.6335865279073
-70.62694943267994
-70.62031182205396
-70.61367373281043
-70.60703520156267
-70.60039626475736
-70.59375695867551
-70.58711731943342
-70.5804773829837
-70.57383718511623
-70.56719676145916
-70.56055614747982
-70.55391537848568
-70.54727448962537
-70.54063351588948
-70.53399249211161
-70.52735145296923
-70.5207104329846
-70.51406946652565
-70.50742858780696
-70.50078783089052
-70.49414722968673
-70.48750681795521
-70.48086662930565
-70.47422669719873
-70.4675870549469
-70.46094773571531
-70.45430877252254
-70.44767019824151
-70.44103204560028
-70.43439434718286
-70.42775713543
-70.42112044264002
-70.41448430096962
-70.40784874243461
-70.40121379891073
-70.39457950213443
-70.38794588370364
-70.38131297507849
-70.37468080758212
-70.36804941240139
-70.36141882058766
-70.35478906305747
-70.34816017059335
-70.34153217384447
-70.33490510332742
-70.32827898942686
-70.32165386239629
-70.31502975235873
-70.30840668930738
-70.30178470310635
-70.29516382349138
-70.28854408007041
-70.28192550232436
-70.27530811960773
-70.26869196114933
-70.26207705605287
-70.25546343329766
-70.24885112173921
-70.24224015010992
-70.2356305470197
-70.22902234095659
-70.22241556028742
-70.21581023325837
-70.20920638799566
-70.20260405250612
-70.1960032546778
-70.18940402228058
-70.18280638296679
-70.17621036427174
-70.16961599361439
-70.16302329829786
-70.15643230551007
-70.14984304232428
-70.14325553569965
-70.13666981248188
-70.13008589940365
-70.1235038230853
-70.11692361003531
-70.11034528665085
-70.10376887921838
-70.09719441391412
-70.09062191680465
-70.08405141384739
-70.07748293089118
-70.07091649367673
-70.06435212783725
-70.05778985889887
-70.05122971228118
-70.04467171329776
-70.03811588715666
-70.03156225896095
-70.02501085370913
-70.0184616962957
-70.01191481151163
-70.00537022404484
-69.99882795848065
-69.99228803503391
-69.985750460466
-69.97921526871019
-69.97268248722882
-69.96615214201167
-69.95962424844107
-69.95309882627272
-69.94657589929903
-69.94005544994722
-69.93353671338103
-69.92701955593287
-69.92050395230386
-69.91398990251759
-69.907477415656
-69.90096650527954
-69.89445718754476
-69.88794948022311
-69.8814434021262
-69.87493897274797
-69.86843621203354
-69.8619351402251
-69.85543577775691
-69.84893814518212
-69.84244226312065
-69.83594815222158
-69.8294558331355
-69.82296532649403
-69.81647665289442
-69.80998983288792
-69.80350488697098
-69.79702183557856
-69.79054069907897
-69.7840614977701
-69.77758425187633
-69.7711089815465
-69.76463570685218
-69.7581644477865
-69.75169522426337
-69.74522805611683
-69.73876296310075
-69.73229996488867
-69.72583908107363
-69.71938033116837
-69.71292373460528
-69.70646931073678
-69.70001707883537
-69.69356705809402
-69.68711926762639
-69.68067372646723
-69.67423045357268
-69.66778946782058
-69.66135078801092
-69.65491443286612
-69.64848042103145
-69.6420487710754
-69.63561950149004
-69.62919263069145
-69.62276817702
-69.61634615874087
-69.60992659404424
-69.60350950104588
-69.59709489778734
-69.59068280223646
-69.58427323228764
-69.57786620576229
-69.57146174040915
-69.56505985390466
-69.55866056385332
-69.5522638877881
-69.54586984317076
-69.53947844739217
-69.53308971777275
-69.52670367156274
-69.52032032594262
-69.51393969802342
-69.50756180484706
-69.50118666338669
-69.49481429054708
-69.48844470316493
-69.48207791800915
-69.47571395178132
-69.46935282111588
-69.46299454258057
-69.45663913267673
-69.45028660783957
-69.44393698443858
-69.43759027877778
-69.43124650709609
-69.42490568556762
-69.418567830302
-69.41223295734467
-69.40590108267722
-69.39957222221767
-69.39324639182084
-69.38692360727855
-69.38060388432001
-69.37428723861211
-69.3679736857597
-69.36166324130585
-69.35535592073224
-69.34905173945937
-69.34275071284688
-69.33645285619386
-69.33015818473912
-69.32386671366145
-69.31757845807995
-69.31129343305429
-69.30501165358498
-69.29873313461368
-69.29245789102346
-69.28618593763905
-69.27991728922713
-69.27365196049662
-69.26738996609897
-69.26113132062835
-69.25487603862197
-69.24862413456034
-69.24237562286754
-69.23613051791143
-69.22988883400399
-69.2236505854015
-69.21741578630487
-69.21118445085982
-69.20495659315718
-69.19873222723312
-69.19251136706943
-69.18629402659373
-69.18008021967971
-69.17386996014744
-69.16766326176352
-69.16146013824141
-69.1552606032416
-69.14906467037189
-69.14287235318758
-69.13668366519181
-69.13049861983565
-69.12431723051843
-69.11813951058794
-69.11196547334066
-69.10579513202198
-69.09962849982645
-69.09346558989799
-69.08730641533008
-69.08115098916603
-69.0749993243992
-69.06885143397318
-69.06270733078202
-69.05656702767047
-69.05043053743415
-69.04429787281983
-69.03816904652554
-69.0320440712009
-69.02592295944724
-69.01980572381783
-69.01369237681807
-69.00758293090577
-69.00147739849126
-68.99537579193763
-68.98927809896233
-68.98318433520583
-68.97709452002374
-68.97100866880037
-68.96492679561862
-68.95884890595671
-68.95277500156742
-68.94670509363903
-68.94063826279826
-68.93457420794819
-68.92851285882718
-68.92245419260742
-68.91639820121996
-68.91034488334869
-68.90429424149337
-68.89824628052405
-68.89220100685465
-68.88615842793531
-68.88011855192634
-68.87408138748256
-68.86804694360676
-68.86201522954798
-68.8559862547293
-68.8499600286958
-68.8439365610763
-68.837915861555
-68.83189793985008
-68.82588280569752
-68.81987046883877
-68.81386093901122
-68.80785422594083
-68.80185033933661
-68.79584928888616
-68.78985108425233
-68.78385573507066
-68.77786325094733
-68.77187364145773
-68.76588691614522
-68.75990308452035
-68.7539221560602
-68.7479441402079
-68.74196904637238
-68.73599688392811
-68.73002766221502
-68.72406139053845
-68.71809807816912
-68.71213773434322
-68.70618036826247
-68.70022598909424
-68.69427460597163
-68.68832622799366
-68.6823808642254
-68.67643852369812
-68.6704992154095
-68.66456294832375
-68.65862973137178
-68.65269957345141
-68.64677248342761
-68.64084847013254
-68.63492754236584
-68.62900970889478
-68.62309497845445
-68.6171833597479
-68.61127486144642
-68.60536949218961
-68.59946726058563
-68.59356817521136
-68.58767224461259
-68.58177947730417
-68.5758898817702
-68.57000346646421
-68.56412023980938
-68.55824021019863
-68.55236338599482
-68.54648977553099
-68.54061938711041
-68.53475222900686
-68.52888830946473
-68.52302763669924
-68.51717021889655
-68.51131606421399
-68.50546518078013
-68.49961757669506
-68.49377326003045
-68.4879322388298
-68.48209452110851
-68.4762601148541
-68.47042902802637
-68.46460126855752
-68.45877684435233
-68.45295576328832
-68.44713803321588
-68.44132366195844
-68.43551265731261
-68.42970502704837
-68.42390077890914
-68.41809992061205
-68.41230245984794
-68.40650840428162
-68.40071776155199
-68.39493053927214
-68.38914674502955
-68.38336638638621
-68.37758947087876
-68.37181600601862
-68.36604599929215
-68.3602794581608
-68.3545163900612
-68.34875680240535
-68.34300070258071
-68.33724809795038
-68.33149899585322
-68.32575340360394
-68.32001132849331
-68.3142727777882
-68.30853775873182
-68.30280627854374
-68.2970783444201
-68.29135396353368
-68.28563314303409
-68.27991589004783
-68.27420221167846
-68.26849211500668
-68.26278560709054
-68.25708269496543
-68.25138338564435
-68.2456876861179
-68.23999560335452
-68.23430714430046
-68.22862231588007
-68.22294112499577
-68.21726357852828
-68.21158968333663
-68.20591944625836
-68.20025287410961
-68.1945899736852
-68.18893075175879
-68.18327521508296
-68.17762337038934
-68.17197522438869
-68.16633078377103
-68.16069005520578
-68.15505304534179
-68.14941976080752
-68.14379020821112
-68.13816439414049
-68.13254232516348
-68.12692400782792
-68.12130944866172
-68.11569865417302
-68.11009163085023
-68.10448838516221
-68.09888892355832
-68.09329325246847
-68.08770137830332
-68.08211330745432
-68.07652904629381
-68.07094860117512
-68.06537197843264
-68.05979918438199
-68.05423022532003
-68.04866510752497
-68.04310383725652
-68.03754642075592
-68.03199286424602
-68.02644317393144
-68.0208973559986
-68.01535541661582
-68.00981736193343
-68.00428319808381
-67.99875293118156
-67.99322655791507
-67.98770405629442
-67.98218544835245
-67.97667074558878
-67.97115995698813
-67.96565309049802
-67.9601501535859
-67.95465113351113
-67.94915509975367
-67.94366152390293
-67.93817028526227
-67.93268134101072
-67.92719467027109
-67.92171026153694
-67.91622810843995
-67.91074820776758
-67.9052705583564
-67.89979516042017
-67.89432201512221
-67.88885112429455
-67.88338249024805
-67.87791611564157
-67.87245200338943
-67.86699015659492
-67.8615305785018
-67.85607327245818
-67.85061824188952
-67.8451654902781
-67.83971502114731
-67.83426683804964
-67.82882094455734
-67.82337734425519
-67.81793604073493
-67.81249703759084
-67.80706033841638
-67.80162594680151
-67.79619386633068
-67.79076410058121
-67.78533665312207
-67.77991152751294
-67.77448872730345
-67.7690682560327
-67.76365011722876
-67.75823431440851
-67.75282085107726
-67.74740973072873
-67.74200095684489
-67.73659453289594
-67.73119046234027
-67.72578874862448
-67.7203893951834
-67.71499240544013
-67.70959778280609
-67.7042055306811
-67.69881565245339
-67.6934281514998
-67.68804303118573
-67.68266029486527
-67.67727994588135
-67.67190198756572
-67.66652642323909
-67.66115325621126
-67.65578248978113
-67.65041412723687
-67.64504817185593
-67.63968462690521
-67.63432349564108
-67.62896478130956
-67.62360848714631
-67.61825461637679
-67.61290317221629
-67.60755415787013
-67.60220757653359
-67.59686343139215
-67.59152172562148
-67.58618246238754
-67.58084564484673
-67.57551127614592
-67.57017935942251
-67.56484989780459
-67.559522894411
-67.55419835235136
-67.54887627472621
-67.5435566646271
-67.53823952513665
-67.53292485932859
-67.52761267026793
-67.522302961011
-67.51699573460547
-67.51169099409057
-67.50638874249701
-67.50108898284718
-67.49579171815519
-67.49049695142689
-67.48520468566005
-67.47991492384438
-67.47462766896159
-67.4693429239855
-67.46406069188211
-67.45878097560966
-67.45350377811873
-67.44822910235227
-67.44295695124572
-67.43768732772708
-67.4324202347169
-67.4271556751285
-67.42189365186793
-67.41663416783405
-67.41137722591863
-67.4061228290064
-67.4008709799752
-67.39562168169589
-67.39037493703255
-67.3851307488425
-67.3798891199764
-67.37465005327824
-67.36941355158551
-67.36417961772919
-67.35894825453383
-67.35371946481764
-67.34849325139255
-67.34326961706425
-67.33804856463229
-67.33283009689008
-67.32761421662504
-67.3224009266186
-67.31719022964627
-67.31198212847775
-67.30677662587694
-67.30157372460197
-67.29637342740536
-67.29117573703401
-67.28598065622927
-67.28078818772701
-67.27559833425768
-67.27041109854635
-67.26522648331277
-67.26004449127146
-67.25486512513173
-67.24968838759776
-67.24451428136864
-67.23934280913845
-67.23417397359627
-67.22900777742629
-67.22384422330781
-67.21868331391535
-67.21352505191867
-67.2083694399828
-67.20321648076819
-67.19806617693062
-67.19291853112136
-67.18777354598721
-67.1826312241705
-67.1774915683092
-67.17235458103687
-67.16722026498289
-67.16208862277233
-67.1569596570261
-67.15183337036095
-67.14670976538956
-67.14158884472056
-67.13647061095857
-67.13135506670429
-67.12624221455451
-67.12113205710216
-67.11602459693638
-67.11091983664255
-67.10581777880229
-67.10071842599362
-67.09562178079089
-67.09052784576488
-67.08543662348285
-67.08034811650853
-67.07526232740226
-67.07017925872091
-67.06509891301806
-67.0600212928439
-67.05494640074538
-67.0498742392662
-67.0448048109469
-67.0397381183248
-67.03467416393418
-67.02961295030622
-67.02455447996901
-67.01949875544776
-67.01444577926462
-67.00939555393889
-67.00434808198696
-66.99930336592242
-66.99426140095831
-66.9892221473117
-66.98418562899751
-66.97915185567028
-66.9741208335034
-66.9690925673208
-66.96406706141718
-66.95904353215714
-66.95402108719856
-66.94899952086176
-66.94397876392097
-66.93895878129162
-66.93393955121299
-66.92892105892982
-66.92390329390457
-66.91888624830169
-66.91386991608086
-66.90885429242729
-66.90383937338179
-66.89882515559412
-66.89381163615492
-66.88879881247833
-66.8837866822186
-66.87877524320976
-66.87376449342119
-66.86875443092444
-66.86374505386831
-66.8587363604598
-66.85372834894945
-66.84872101762018
-66.84371436477846
-66.83870838874759
-66.83370308786232
-66.82869846046476
-66.82369450490114
-66.81869121951925
-66.81368860266647
-66.80868665268825
-66.80368536792682
-66.7986847467203
-66.79368478740197
-66.7886854882997
-66.78368684773547
-66.77868886402504
-66.77369153547775
-66.76869486039627
-66.76369883707646
-66.75870346380728
-66.75370873887071
-66.74871466054172
-66.74372122708823
-66.73872843677103
-66.7337362878439
-66.72874477855352
-66.72375390713952
-66.7187636718345
-66.71377407086402
-66.7087851024467
-66.70379676479415
-66.69880905611109
-66.69382197459534
-66.68883551843784
-66.68384968582275
-66.67886447492742
-66.67387988392242
-66.66889591097167
-66.66391255423235
-66.65892981185505
-66.65394768198372
-66.64896616275576
-66.64398525230203
-66.63900494874693
-66.63402525020838
-66.62904615479788
-66.62406766062054
-66.61908976577517
-66.61411246835422
-66.6091357664439
-66.60415965812416
-66.59918414146878
-66.59420921454533
-66.5892348754153
-66.58426112213405
-66.57928795275089
-66.57431536530912
-66.56934335784602
-66.56437192839296
-66.55940107497533
-66.55443079561269
-66.54946108831871
-66.54449195110124
-66.53952338196237
-66.53455537889843
-66.52958793990001
-66.52462106295204
-66.51965474603378
-66.51468898711886
-66.50972378417536
-66.50475913516577
-66.49979503804707
-66.49483149077075
-66.48986849128282
-66.48490603752388
-66.47994412742915
-66.47498275892845
-66.47002192994627
-66.46506163840183
-66.46010188220905
-66.45514265927659
-66.45018396750795
-66.44522580480141
-66.44026816905011
-66.43531105814208
-66.43035446996024
-66.42539840238244
-66.42044285328154
-66.41548782052537
-66.41053330197678
-66.4055792954937
-66.4006257989291
-66.39567281013113
-66.39072032694303
-66.38576834720322
-66.38081686874536
-66.37586588939827
-66.37091540698609
-66.36596541932818
-66.36101592423927
-66.3560669195294
-66.35111840300398
-66.3461703724638
-66.34122282570512
-66.33627576051957
-66.33132917469433
-66.32638306601204
-66.32143743225087
-66.31649227118457
-66.31154758058246
-66.30660335820943
-66.30165960182607
-66.29671630918858
-66.29177347804888
-66.28683110615458
-66.28188919124902
-66.27694773107135
-66.27200672335643
-66.267066165835
-66.26212605623363
-66.2571863922747
-66.25224717167657
-66.24730839215344
-66.24237005141546
-66.23743214716879
-66.23249467711551
-66.22755763895375
-66.2226210303777
-66.21768484907754
-66.21274909273961
-66.20781375904632
-66.2028788456762
-66.19794435030394
-66.19301027060047
-66.18807660423283
-66.18314334886435
-66.17821050215457
-66.17327806175935
-66.1683460253308
-66.16341439051739
-66.15848315496389
-66.15355231631145
-66.14862187219762
-66.14369182025635
-66.13876215811801
-66.13383288340945
-66.128903993754
-66.12397548677143
-66.1190473600781
-66.11411961128688
-66.10919223800722
-66.10426523784514
-66.09933860840329
-66.09441234728092
-66.08948645207397
-66.08456092037501
-66.07963574977333
-66.07471093785495
-66.0697864822026
-66.06486238039578
-66.05993863001076
-66.05501522862063
-66.05009217379529
-66.04516946310147
-66.04024709410278
-66.03532506435971
-66.03040337142964
-66.0254820128669
-66.02056098622275
-66.01564028904541
-66.01071991888008
-66.005799873269
-66.00088014975138
-65.99596074586354
-65.99104160136802
-65.98612272705557
-65.98120413435122
-65.97628582657009
-65.97136780469327
-65.9664482816931
-65.96152682645022
-65.95660330725636
-65.95167764981503
-65.9467497800163
-65.94181966109683
-65.93688726679262
-65.93195257584952
-65.92701557004541
-65.92207623312775
-65.91713455015778
-65.9121905070883
-65.90724409048583
-65.90229528734434
-65.89734408495802
-65.89239047083261
-65.88743443262244
-65.882475958085
-65.87751503504742
-65.87255165138163
-65.86758579498552
-65.86261745376862
-65.85764661564109
-65.85267326850513
-65.8476974002484
-65.84271899873877
-65.83773805182018
-65.83275454730949
-65.82776847299384
-65.8227798166286
-65.8177885659358
-65.81279470860274
-65.80779823228094
-65.80279912458532
-65.79779737309339
-65.79279296534474
-65.78778588884053
-65.78277613104301
-65.77776367937524
-65.77274852122072
-65.76773064392313
-65.76271003478608
-65.7576866810729
-65.75266057000638
-65.74763168876864
-65.74260002450086
-65.73756556430321
-65.7325282952346
-65.72748820431252
-65.72244527851291
-65.71739950476999
-65.71235086997606
-65.70729936098144
-65.7022449645942
-65.69718766758008
-65.69212745666232
-65.68706431852148
-65.6819982397953
-65.67692920707859
-65.67185720692297
-65.66678222583683
-65.66170425028507
-65.65662326668905
-65.65153926142632
-65.64645222083055
-65.6413621311913
-65.63626897875392
-65.63117274971935
-65.62607343024398
-65.62097100643946
-65.61586546437259
-65.61075679006505
-65.60564496949338
-65.60052998858868
-65.59541183323653
-65.59029048927678
-65.5851659425034
-65.58003817866427
-65.57490718346108
-65.56977294254911
-65.56463544153705
-65.55949466598686
-65.55435060141357
-65.54920323328513
-65.54405254702216
-65.53889852799792
-65.53374116153795
-65.52858043292002
-65.52341632737394
-65.51824883008132
-65.51307792617541
-65.50790360074093
-65.5027258388139
-65.49754462538144
-65.49235994538152
-65.48717178370293
-65.48198012518492
-65.4767849546171
-65.47158625673927
-65.46638401624116
-65.46117821776231
-65.4559688458918
-65.45075588516812
-65.44553932007896
-65.44031913506102
-65.43509531449973
-65.42986784272922
-65.42463670403197
-65.41940188263864
-65.41416336272796
-65.4089211284264
-65.40367516380807
-65.39842545289444
-65.39317197965421
-65.38791472800301
-65.38265368180329
-65.37738882486404
-65.37212014094062
-65.36684761373455
-65.36157122689325
-65.3562909640099
-65.35100680862315
-65.345718744217
-65.34042675422046
-65.33513082200746
-65.32983093089653
-65.32452706415066
-65.31921920497702
-65.31390733652677
-65.30859144189482
-65.30327150411965
-65.297947506183
-65.29261943100973
-65.28728726146754
-65.28195098036676
-65.27661057046015
-65.27126601444259
-65.26591729495094
-65.26056439456372
-65.25520729580096
-65.24984598112391
-65.24448043293481
-65.23911063357666
-65.23373656533298
-65.22835821042759
-65.22297555102432
-65.21758856922683
-65.2121972470783
-65.20680156656121
-65.20140150959715
-65.19599705804647
-65.19058819370812
-65.18517489831935
-65.17975715355546
-65.17433494102957
-65.16890824229237
-65.16347703883184
-65.15804131207298
-65.15260104337762
-65.14715621404406
-65.14170680530694
-65.13625279833684
-65.13079417424011
-65.12533091405857
-65.11986299876926
-65.11439040928416
-65.10891312644992
-65.1034311310476
-65.0979444037924
-65.09245292533338
-65.08695667625318
-65.08145563706776
-65.07594978822611
-65.07043911011
-65.06492358303366
-65.05940318724353
-65.05387790291795
-65.04834771016691
-65.04281258903173
-65.03727251948482
-65.03172748142933
-65.02617745469892
-65.02062241905745
-65.01506235419863
-65.00949723974585
-65.00392705525175
-64.99835178019802
-64.99277136224501
-64.98718571919147
-64.9815948685677
-64.97599629782339
-64.9703893759821
-64.96477389276579
-64.95914973027604
-64.95351680177137
-64.94787503555759
-64.94222434021125
-64.93656462243678
-64.93089582233823
-64.92521788718442
-64.91953076701894
-64.91383441339725
-64.90812877876046
-64.90241381605313
-64.89668947847875
-64.89095571934088
-64.88521249193874
-64.8794597494974
-64.87369744512011
-64.86792553175509
-64.8621439621718
-64.85635268894346
-64.85055166443401
-64.84474084078799
-64.8389201699226
-64.83308960352122
-64.82724909302812
-64.82139858964395
-64.8155380443219
-64.80966740776428
-64.80378663041951
-64.79789566247926
-64.79199445387603
-64.7860829542806
-64.78016111309987
-64.77422887947456
-64.76828620227717
-64.76233303010989
-64.75636931130252
-64.75039499391053
-64.74441002571301
-64.73841435421069
-64.73240792662399
-64.72639068989105
-64.72036259066569
-64.71432357531548
-64.70827358991971
-64.70221258026739
-64.69614049185525
-64.69005726988567
-64.6839628592647
-64.67785720459992
-64.67174025019843
-64.66561194006471
-64.6594722178986
-64.65332102709304
-64.6471583107321
-64.64098401158867
-64.63479807212238
-64.62860043447738
-64.62239104048012
-64.61616983163715
-64.60993674913287
-64.60369173382725
-64.59743472625354
-64.59116566661599
-64.58488449478756
-64.57859115030749
-64.572285572379
-64.56596769986695
-64.55963747129535
-64.553294824845
-64.54693969835103
-64.54057202930045
-64.53419175482968
-64.52779881172198
-64.52139313640504
-64.51497466494831
-64.50854333306056
-64.50209907608719
-64.49564182900765
-64.48917152643284
-64.48268810260242
-64.47619149138215
-64.46968162626118
-64.46315844034929
-64.45662186637425
-64.45007183667894
-64.44350828321859
-64.436931137558
-64.43034033086865
-64.42373579392581
-64.41711745710576
-64.41048525038275
-64.4038391033261
-64.39717894509728
-64.39050470444684
-64.38381630971143
-64.3771136888108
-64.37039676924458
-64.36366547808936
-64.35691974199547
-64.3501594871838
-64.3433846394427
-64.3365951241247
-64.32979086614331
-64.32297178996976
-64.31613781962966
-64.30928887869973
-64.30242489030442
-64.29554577711251
-64.28865146133376
-64.28174186471537
-64.27481690853863
-64.26787651361529
-64.26092060028412
-64.25394908840728
-64.24696189736676
-64.23995894606074
-64.23294015289993
-64.22590543580384
-64.21885471219711
-64.21178789900571
-64.20470491265313
-64.19760566905659
-64.19049008362315
-64.1833580712458
-64.17620954629957
-64.1690444226375
-64.16186261358666
-64.15466403194415
-64.14744858997294
-64.14021619939778
-64.13296677140113
-64.12570021661881
-64.1184164451359
-64.11111536648244
-64.10379688962908
-64.09646092298277
-64.08910737438238
-64.08173615109423
-64.07434715980767
-64.06694030663054
-64.05951549708463
-64.05207263610109
-64.04461162801577
-64.03713237656459
-64.02963478487875
-64.02211875548005
-64.014584190276
-64.007030990555
-63.99945905698144
-63.99186816711702
-63.984253787320945
-63.97661500369848
-63.96895142128622
-63.96126276565638
-63.9535488051242
-63.94580932898316
-63.93804413858623
-63.93025303834806
-63.922435735787744
-63.91459202942521
-63.90672173269072
-63.89882466266311
-63.89090063755384
-63.88294947566056
-63.874970994764205
-63.86696501175324
-63.85893134238551
-63.85086980113513
-63.842780201091806
-63.834662353892156
-63.82651606967061
-63.81834115702222
-63.8101374229727
-63.80190467295299
-63.79364271077641
-63.78535133861752
-63.7770303569919
-63.768679564736566
-63.76029875899057
-63.751887735175806
-63.74344628697778
-63.73497420632637
-63.726471283376405
-63.71793730648813
-63.70937206220748
-63.70077533524614
-63.692146908461424
-63.68348656283586
-63.67479407745661
-63.66606922949457
-63.65731179418324
-63.64852154479733
-63.639698252631106
-63.63084168697642
-63.62195161510047
-63.613027802223286
-63.6040700114949
-63.59507800397222
-63.58605153859562
-63.576990372165156
-63.56789425931653
-63.55876295249672
-63.54959620193924
-63.540393755639094
-63.53115535932742
-63.521880756445746
-63.51256968811992
-63.50322189313366
-63.49383710790179
-63.48441506644306
-63.47495550035262
-63.46545813877411
-63.455922708371375
-63.44634893329976
-63.43673653517706
-63.42708523305401
-63.41739474338438
-63.4076647799947
-63.39789505405351
-63.388085274040186
-63.378235145713354
-63.36834437207882
-63.35841265335713
-63.348439686950535
-63.338425167409646
-63.32836878639948
-63.31827023266513
-63.30812919199686
-63.297945347194776
-63.28771837803292
-63.27744796122292
-63.26713377037704
-63.25677547597081
-63.24637274530496
-63.235925242466955
-63.22543262829188
-63.21489456032278
-63.204310692770456
-63.193680676472596
-63.1830041588524
-63.1722807838765
-63.161510192012386
-63.15069202018506
-63.13982590173316
-63.12891146636441
-63.11794834011033
-63.106936145280415
-63.095874500415505
-63.084763020240516
-63.07360131561646
-63.0623889934917
-63.05112565685258
-63.03981090467314
-63.028444331864264
-63.01702552922189
-63.005554083374534
-62.99402311979758
-62.98242903068942
-62.970770415942596
-62.95904649686721
-62.9472565369469
-62.93539982787939
-62.92347567712066
-62.911483400009736
-62.89942217567649
-62.887291214652045
-62.87508981171715
-62.86281727158614
-62.850472896986375
-62.838055985437144
-62.82556582768713
-62.81300170674554
-62.80036289723662
-62.78764866494938
-62.77485826650559
-62.76199094909823
-62.749045950271054
-62.73602249772146
-62.72291980911583
-62.70973709191091
-62.69647354317735
-62.68312834942302
-62.66970068641479
-62.656189718997716
-62.64259460091135
-62.62891447460257
-62.615148471034864
-62.60129570949381
-62.5873552973886
-62.57332633004954
-62.55920789052138
-62.54499904935239
-62.530698864379026
-62.51630638050615
-62.50182062948264
-62.48724062967231
-62.472565385820026
-62.45779388881288
-62.44292511543632
-62.427958028125076
-62.41289157470888
-62.39772468815264
-62.38245628629112
-62.36708527155786
-62.35161053070835
-62.33603093453707
-62.3203453375885
-62.30455257786177
-62.28865147650885
-62.272640837526154
-62.25651944743929
-62.24028607498085
-62.223939470761124
-62.20747836693133
-62.19090147683949
-62.17420749467842
-62.157395095125885
-62.14046293297662
-62.12340964276596
-62.10623383838491
-62.088934112686445
-62.07150903708273
-62.05395716113308
-62.03627701212244
-62.018467094630005
-62.000513426811615
-61.9824088717546
-61.964149275590074
-61.94573232984471
-61.927155704615004
-61.90841706846507
-61.88951408548572
-61.870444381826
-61.85120513696293
-61.83179386787911
-61.8122081126734
-61.792445383450946
-61.77250315532351
-61.7523788613327
-61.732069889082375
-61.711573578215
-61.69088721838099
-61.67000804749619
-61.64893325015969
-61.62765995615258
-61.60618523896832
-61.58450611434479
-61.56261953877898
-61.540522408012706
-61.518211555481464
-61.49568375072133
-61.47293569772981
-61.44996403327788
-61.426765325170386
-61.40333607045264
-61.37967269356084
-61.355771544414154
-61.33162889644622
-61.30724094457371
-61.282603803099626
-61.25771350354883
-61.23256599243323
-61.20715712894397
-61.181482682567804
-61.15553833062473
-61.12931965572386
-61.102822143134354
-61.07604117806802
-61.04897204287019
-61.02160347776796
-60.99390707415637
-60.965871547394975
-60.937487703370884
-60.90874869363797
-60.879647348529474
-60.850176358143095
-60.82032826678556
-60.79009452196606
-60.75946716961026
-60.728438183586654
-60.6969993617452
-60.66514229765978
-60.632858364520956
-60.600138702315036
-60.56697420647111
-60.533355517234284
-60.499273009325385
-60.46471678160509
-60.42967664655931
-60.394142119484165
-60.358102407286765
-60.32154639684036
-60.28446264284558
-60.24683935515636
-60.20866438553281
-60.16992521378451
-60.13060893326748
-60.09070223569728
-60.050191395238826
-60.009022399998905
-59.96715945333322
-59.92457698814378
-59.88125434277842
-59.837171182826474
-59.792306375499074
-59.74663794138613
-59.700141540998324
-59.6527934560421
-59.604569328941665
-59.555443939898154
-59.50539112121604
-59.454383692017174
-59.40239339678755
-59.3493908441503
-59.29534544424537
-59.240225343652035
-59.18399735707209
-59.1266268951582
-59.068077887965586
-59.00824355475096
-58.947046787120094
-58.884425278513795
-58.820325529658135
-58.75469235572704
-58.6874677294847
-58.61858887132092
-58.547989765933636
-58.47560268477109
-58.40135660449176
-58.32517674654162
-58.24698425311617
-58.16669586874076
-58.0842236060233
-57.99935307534409
-57.911924189670344
-57.82179045161014
-57.72882002736971
-57.63287071197811
-57.533790665093186
-57.43141116221626
-57.32555682891659
-57.21604068364057
-57.102662143370154
-56.98500832599364
-56.86274159703801
-56.73553523336684
-56.60307166008137
-56.465002190317094
-56.3209424930241
-56.17046684349628
-56.01292596164404
-55.84757383916763
-55.67370334677214
-55.4906025254243
-55.29747776758927
-55.09339215189492
-54.87681251338739
-54.646349169849785
-54.40050231224552
-54.13759738043959
-53.85497560038426
-53.54991127426383
-53.219368013881116
-52.8590887143219
-52.464090064276725
-52.02827262455762
-51.543432939988534
-50.999451477032686
-50.382644045783536
-49.674664881787365
-48.85068093022144
-47.87554275232424
-46.6984233861219
-45.24466042151165
-43.40279537861976
-41.00678299121087
-37.82215430900394
-33.56739516987002
-28.04435914841446
-21.37055941224205
-14.063893455191334
-6.738038850189528
0.1554719185056621
6.3256994864041145
11.668702715641007
16.220569124183022
20.070197900180215
23.313976644207578
26.039898714596447
28.323574979802597
30.228219072157238
31.805984679220494
33.09952459404207
34.14351812015475
34.96604235073355
35.5897370248306
36.03279612496514
36.30981460854263
36.432502809814466
36.4103013086488
36.250898369708565
35.960683722152886
35.54513303930472
35.00913690235872
34.35728350344462
33.59407849520907
32.72413895108864
31.752329894964916
30.68386328186809
29.524358926410212
28.279869795433846
26.956874307320547
25.56223227571217
24.103117554804534
22.586969432422507
21.021346601438335
19.41388691389462
17.772130663242223
16.10349390032538
14.415124803361921
12.713798828888503
11.005916048963808
9.297383431122785
7.593523921887634
5.8991618430444355
4.218549018541462
2.555284118448572
0.9123971046204704
-0.7075567213377645
-2.302714497194383
-3.8716357679201945
-5.413289201821729
-6.92733937362493
-8.413466480360647
-9.872184768815352
-11.303770584408518
-12.709405388585528
-14.089946763661288
-15.446791927324409
-16.78159950107449
-18.095660191244463
-19.39100579001877
-20.669567244309523
-21.933059003418112
-23.183208710010803
-24.42238041042905
-25.652458788978635
-26.874944514507945
-28.09131552615569
-29.303085511701838
-30.511649184190492
-31.7177663408708
-32.92176179534086
-34.12359057821686
-35.322976483037955
-36.51955101767014
-37.71230130925618
-38.89982233568282
-40.080387170867
-41.25196936755987
-42.412489967591924
-43.559330819030286
-44.68955136025783
-45.8000247510568
-46.88755530443912
-47.94901599122371
-48.98144969952693
-49.98223184512581
-50.949191378348274
-51.880676026111914
-52.775573882279545
-53.63329433688615
-54.45372687357895
-55.23718374932841
-55.984276097908456
-56.69589594771462
-57.373165997345005
-58.01737738858183
-58.62984714022322
-59.21197690743238
-59.765227809907735
-60.2909749592501
-60.79064905749978
-61.26559247883989
-61.71714180467801
-62.146544908216114
-62.5550345449061
-62.94373644915155
-63.31376134831489
-63.66613983696218
-64.00184812220685
-64.32182064442922
-64.62691804229233
-64.91796093121643
-65.19572795371435
-65.46094216926039
-65.71428089113199
-65.95638968517882
-66.18787571322434
-66.40930141882677
-66.62119684594632
-66.82406512805633
-67.01837960506562
-67.2045850416994
-67.3830920000854
-67.55429242620309
-67.71855659712239
-67.87623317228945
-68.02765037434074
-68.17311705186957
-68.3129191414618
-68.44733075336606
-68.57661098176565
-68.70100434340252
-68.82074161016926
-68.93604065742493
-69.04710727016695
-69.15413462063132
-69.25730433516968
-69.35679016883438
-69.45275681650524
-69.54536023887701
-69.6347481490647
-69.72106049884077
-69.80442993995607
-69.88498225732039
-69.96283677464022
-70.03810673392985
-70.11089840194316
-70.18131303671123
-70.24944763995536
-70.31539454147189
-70.37924157285093
-70.44107230207047
-70.50096626647235
-70.55899919443459
-70.6152432144242
-70.66976705166297
-70.72263621298953
-70.77391316058723
-70.82365747525661
-70.87192600989118
-70.91877303378422
-70.96425036835869
-71.00840751487532
-71.05129100587367
-71.09294568639264
-71.13341475565608
-71.17273959393778
-71.2109598095327
-71.24811331832332
-71.28423642511954
-71.31936390198044
-71.35352906273609
-71.38676383365399
-71.41909882036525
-71.4505633712177
-71.48118563723817
-71.51099262888893
-71.54001026979839
-71.56826344763947
-71.59577606232
-71.62257107164099
-71.6486705345692
-71.67409565226197
-71.69886680697338
-71.72300359896383
-71.74652488152616
-71.76944879423596
-71.79179279452586
-71.8135736876781
-71.83480765532362
-71.85551028253064
-71.87569658356061
-71.89538102636445
-71.91457755588807
-71.93329961625163
-71.95156017186319
-71.96937172752403
-71.98674613159343
-72.00369480730548
-72.02022895443996
-72.03635941285293
-72.05209666940998
-72.06745084814074
-72.08243173556558
-72.09704878996186
-72.11131115366528
-72.12522766533583
-72.13880687179083
-72.15205703935855
-72.16498616475539
-72.17760198550023
-72.1899119898824
-72.20192342650117
-72.21364331339524
-72.22507844678059
-72.23623540941438
-72.24712057860232
-72.25774013386601
-72.26810006428605
-72.27820617553607
-72.2880640966221
-72.2976792863408
-72.30705703946967
-72.31620249270149
-72.32512063033488
-72.33381628973186
-72.34229416655324
-72.35055881978181
-72.35861467654283
-72.366466036731
-72.37411707745258
-72.38157185729068
-72.38883432040177
-72.39590830045078
-72.40279752439176
-72.40950561610086
-72.4160360998683
-72.42239240375498
-72.42857786282002
-72.4345957222243
-72.44044914021579
-72.44614119100119
-72.45167486750906
-72.45705308404884
-72.46227867887012
-72.46735441662642
-72.47228299074729
-72.47706702572272
-72.48170907930322
-72.48621164461935
-72.49057715222368
-72.49480797205851
-72.49890641535231
-72.50287473644778
-72.50671513456423
-72.51042975549694
-72.51402069325599
-72.51748999164703
-72.52083964579609
-72.52407160362101
-72.52718776725109
-72.53018999439738
-72.53308009967535
-72.53585985588184
-72.53853099522802
-72.54109521052999
-72.54355415635891
-72.5459094501518
-72.54816267328482
-72.55031537211036
-72.55236905895923
-72.5543252131094
-72.55618528172232
-72.5579506807484
-72.55962279580234
-72.56154037015416
-72.56386079067173
-72.56663737595238
-72.56988036042758
-72.5735828629865
-72.57773092396494
-72.58230746488219
-72.58729398087733
-72.59267134992322
-72.59842026694551
-72.60452149978697
-72.61095605033407
-72.61770526004196
-72.62475088041901
-72.63207512026516
-72.6396606769077
-72.64749075611323
-72.65554908381203
-72.66381991180182
-72.67228801896513
-72.68093870910997
-72.68975780625159
-72.69873164794774
-72.70784707715185
-72.71709143294176
-72.72645254040037
-72.73591869986579
-72.74547867572156
-72.75512168486316
-72.76483738494929
-72.77490066383538
-72.78542673858983
-72.79644100135233
-72.80793264667932
-72.81987727931583
-72.83224556491695
-72.84500659638651
-72.85812930067418
-72.87158308592652
-72.8853381672726
-72.89962265170018
-72.91451667532932
-72.9300184023013
-72.94609387777719
-72.96269794965988
-72.97978224631308
-72.99729826458733
-73.0151986430506
-73.03343772849244
-73.05197183817727
-73.0707593777393
-73.08976088160632
-73.10893900833348
-73.12825850834257
-73.14768617434143
-73.16719078082808
-73.18674301684293
-73.20631541475605
-73.22588227699465
-73.24541960203263
-73.26490501056935
-73.28431767255184
-73.30363823550248
-73.32284875447777
-73.34193262388422
-73.3608745113051
-73.37966029343876
-73.39827699420854
-73.41671272507519
-73.43495662755977
-73.45299881796838
-73.4708303342965
-73.48844308528167
-73.50582980156534
-73.52298398891897
-73.53989988348573
-73.55657240898559
-73.57299713582933
-73.58917024208567
-73.60508847624463
-73.62074912171913
-73.63614996302746
-73.65128925359859
-73.6661656851428
-73.68077835853103
-73.69512675612611
-73.7092107155111
-73.72303040456345
-73.73658629783678
-73.74987915415129
-73.76290999536789
-73.77568008629851
-73.78819091570509
-73.80044417834061
-73.81244175798551
-73.82418571143471
-73.83567825339206
-73.84692174223017
-73.85791866657556
-73.86867163268002
-73.87918335254108
-73.88945663273508
-73.89949436392865
-73.90929951103487
-73.91887510398233
-73.92822422909174
-73.93735002099278
-73.94625565500529
-73.95494434006261
-73.9634193121104
-73.97168382795148
-73.97974115951254
-73.9875945885106
-73.99524740149747
-74.00270288526185
-74.00996432266527
-74.01703498872429
-74.02391814677178
-74.03061704520175
-74.03713491433963
-74.0434749636174
-74.04964037899411
-74.05563432058489
-74.06145992049748
-74.0671202808652
-74.07261847206658
-74.07795753112087
-74.08314046024825
-74.08817022558436
-74.09304975603946
-74.09778194229254
-74.10236963591197
-74.10681564859422
-74.11112275151292
-74.11529367477081
-74.11933110694773
-74.12323769473787
-74.12701604267035
-74.13066871290695
-74.13419822511172
-74.13760705638695
-74.14089764127107
-74.1440723717931
-74.14713359758008
-74.1500836260127
-74.15292472242568
-74.15565911034899
-74.15828897178669
-74.16081644752994
-74.16324363750138
-74.16557260112788
-74.16780535773897
-74.16994388698868
-74.17199012929804
-74.17394598631655
-74.17581332140006
-74.1775939601035
-74.17928969068649
-74.18090226463022
-74.182433397164
-74.18388476779997
-74.18525802087471
-74.18655476609649
-74.18777657909682
-74.18892500198537
-74.19000154390721
-74.1910076816014
-74.19194485996
-74.19281449258686
-74.19361796235532
-74.19435662196413
-74.19503179449106
-74.19564477394351
-74.1961968258057
-74.19676779421017
-74.19746963294706
-74.19834289615643
-74.19939344902083
-74.20061419474506
-74.20199367530488
-74.20351922389577
-74.20517812747487
-74.20695806933062
-74.20884729926651
-74.21083469277711
-74.2129097612325
-74.21506263915553
-74.21728406066813
-74.21956533115471
-74.22189828952504
-74.22427529625962
-74.22668919208324
-74.22913326993057
-74.23160125466914
-74.23408727643591
-74.23658584756592
-74.2390918412289
-74.24160047144485
-74.24410727434257
-74.24660794688441
-74.24909841880476
-74.25157505620011
-74.25403451201964
-74.25647368993839
-74.25888972654325
-74.26127997743896
-74.26364200478984
-74.26597356573696
-74.26827260150226
-74.27053722708652
-74.27276572150264
-74.27495651850231
-74.27710819776286
-74.27921947650708
-74.2812892015325
-74.28331634162934
-74.28529998036845
-74.28723930924178
-74.28913362113978
-74.29098230415022
-74.29278483566468
-74.29454077677903
-74.2962497669752
-74.29791151907186
-74.29952581443254
-74.30109249841966
-74.30261147608388
-74.30408270807823
-74.30550620678716
-74.30688203266084
-74.30821029074536
-74.30949112740024
-74.31072472719411
-74.31191130997115
-74.31305112807942
-74.3141444637543
-74.31519162664917
-74.31619295150651
-74.31714879596277
-74.3180595384802
-74.31898279886302
-74.31994107340527
-74.32093852476724
-74.32197263713107
-74.32303882861035
-74.32413207310869
-74.32530322032453
-74.32656863823966
-74.32792694642333
-74.32937054057227
-74.33089013443453
-74.33247634268307
-74.33412020400037
-74.33581333742204
-74.33754797018285
-74.33931691956096
-74.34111355858515
-74.34293177712718
-74.34476594308555
-74.34661086560946
-74.34846176109693
-74.35031422213514
-74.35216418928337
-74.35400792548043
-74.35584199281627
-74.35766323140443
-74.35946874010853
-74.36125585890042
-74.36302215265515
-74.3647653962134
-74.36648356056685
-74.36817480004265
-74.36983744038194
-74.37146996762245
-74.37307101770884
-74.37463936676522
-74.37617392197335
-74.37767371300771
-74.379137883985
-74.38056568589077
-74.38195646945017
-74.38330967841348
-74.38462484323026
-74.38590157508808
-74.3871395602946
-74.38833855498262
-74.38949838012046
-74.39061891681027
-74.39170010185892
-74.39274192360635
-74.39374441799808
-74.39470766488839
-74.39563178456241
-74.39651693446521
-74.39736330612705
-74.3981711222745
-74.39894063411755
-74.39967211880317
-74.4003658770267
-74.40102223079255
-74.40164152131597
-74.40222410705857
-74.40277036189012
-74.40328067336975
-74.40375544113995
-74.4041950754273
-74.40459999564374
-74.40497062908291
-74.40530740970613
-74.40561077701287
-74.40588117499112
-74.40611905114267
-74.40632485557929
-74.40649904018551
-74.40664205784418
-74.4067543617209
-74.40683640460406
-74.40688863829698
-74.40691151305899
-74.4069054770926
-74.40687097607376
-74.40680845272267
-74.40671834641249
-74.40660109281366
-74.40645712357149
-74.40628686601498
-74.40609074289472
-74.40586917214804
-74.40562256668971
-74.40535133422627
-74.40505587709251
-74.40473659210876
-74.40439387045724
-74.40402809757632
-74.40363965307148
-74.4032289106417
-74.40279623802007
-74.40234199692786
-74.40186654304068
-74.40137022596618
-74.4008533892321
-74.40031637028407
-74.39975950049232
-74.39918310516656
-74.39858750357827
-74.39797300899008
-74.39733992869122
-74.39668856403885
-74.39601921050445
-74.39533215772505
-74.39462768955872
-74.39390608414382
-74.39316760757691
-74.39241251810543
-74.39164108278615
-74.3908535593918
-74.39005019230817
-74.38923122369313
-74.38839689338768
-74.38754743654296
-74.38668308334819
-74.38580357291688
-74.3849089113445
-74.38399928160855
-74.38307489620375
-74.38213597164336
-74.38118272276762
-74.3802153609778
-74.37923409353432
-74.37823912325283
-74.37723064838522
-74.37620886259668
-74.37517395499471
-74.37412611018718
-74.3730655083561
-74.37199232534009
-74.37090673272073
-74.36980889791106
-74.36869898424418
-74.36757715106155
-74.36644355380031
-74.36529834407943
-74.3641416697846
-74.36297367515161
-74.36179450084833
-74.36060428405524
-74.35940315854435
-74.35819125475679
-74.35696869987873
-74.35573561791597
-74.35449212976685
-74.35323835329397
-74.35197440339414
-74.35070039206705
-74.34941642848253
-74.34812261904622
-74.34681906746407
-74.3455058748052
-74.34418313956355
-74.34285095771823
-74.34150942279226
-74.34015862591033
-74.33879865585513
-74.33742959912223
-74.33605153997406
-74.33466456049241
-74.33326874062976
-74.3318641582595
-74.33045088922496
-74.3290290073872
-74.3275985846719
-74.3261596911149
-74.32471239490684
-74.3232567624367
-74.32179285833428
-74.32032074551171
-74.31884048520395
-74.31735213700833
-74.31585575892313
-74.31435140738527
-74.31283913730708
-74.31131900211211
-74.30979105377028
-74.3082553428319
-74.30671191846109
-74.30516082846835
-74.30360211934222
-74.30203583628031
-74.30046202321958
-74.2988807228657
-74.29729197672197
-74.29569582511729
-74.29409230723361
-74.29248146113265
-74.29086332378199
-74.28923793108048
-74.28760531788305
-74.28596551802504
-74.28431856434568
-74.28266448871128
-74.2810033220376
-74.27933509431196
-74.27765983461448
-74.27597757113911
-74.27428833121395
-74.27259214132117
-74.27088902711641
-74.26917901344775
-74.26746212437418
-74.2657383831836
-74.26400781241051
-74.2622704338531
-74.26052626859008
-74.25877533699702
-74.2570176587623
-74.2552532529027
-74.25348213777869
-74.25170433110914
-74.24991984998593
-74.24812871088804
-74.24633092969542
-74.24452652170238
-74.24271550163085
-74.24089788364319
-74.23907368135468
-74.23724290784592
-74.23540557567463
-74.23356169688743
-74.23171128303125
-74.2298543451644
-74.2279908938675
-74.22612093925413
-74.22424449098115
-74.22236155825887
-74.22047214986095
-74.2185762741341
-74.21667393900744
-74.21476515200186
-74.21284992023897
-74.21092825044988
-74.20900014898389
-74.20706562181688
-74.2051246745595
-74.20317731246524
-74.2012235404383
-74.19926336304125
-74.19729678450254
-74.19532380872381
-74.19334443928712
-74.19135867946191
-74.1893665322119
-74.18736800020179
-74.18536308580376
-74.18335179110395
-74.18133411790869
-74.17931006775069
-74.17727964189497
-74.17524284134471
-74.17319966684711
-74.1711501188989
-74.16909419775183
-74.16703190341813
-74.1649632356757
-74.16288819407326
-74.1608067779354
-74.15871898636757
-74.15662481031707
-74.15452423278415
-74.15241726138645
-74.1503038972919
-74.14818413996363
-74.14613728216047
-74.14419588009727
-74.142367505291
-74.14065017959008
-74.13903802863972
-74.13752494295493
-74.13610480270417
-74.13477166921272
-74.1335198655488
-74.13234400025824
-74.13123896619777
-74.13019992896591
-74.12922231142022
-74.1283017772676
-74.12743421511149
-74.12661572356308
-74.12584259763122
-74.12519064972216
-74.1246880721422
-74.12433787020878
-74.12413373295949
-74.12406639022507
-74.12412588681539
-74.12430237804047
-74.12458640577937
-74.12496898763645
-74.12544163540024
-74.12599634542809
-74.12662557779238
-74.1273222313936
-74.12807961831838
-74.12889143896008
-74.12975175856945
-74.13065498547174
-74.13159585096844
-74.13256939083493
-74.13357092827884
-74.1345960582105
-74.1356406326803
-74.13670074734914
-74.13777272887289
-74.13885312309752
-74.1399386839755
-74.14102636312798
-74.14211329998783
-74.14319681246948
-74.14427438811894
-74.14534367570491
-74.14640247721735
-74.14744874024508
-74.14848055070722
-74.14949612591721
-74.15049380796047
-74.15147205736896
-74.15242944707754
-74.15336465664883
-74.15427646675425
-74.15516375389983
-74.15602548538635
-74.15686071449419
-74.1576685758834
-74.15844828120069
-74.15919911488457
-74.15992043016125
-74.16061164522353
-74.16127223958526
-74.16190175060481
-74.16249977017044
-74.16306594154129
-74.16359995633768
-74.16410155167465
-74.16457050743304
-74.16500664366214
-74.1654098181088
-74.16577992386758
-74.1661168871467
-74.16642066514521
-74.16669124403626
-74.16692863705208
-74.16713288266637
-74.16730404286946
-74.16744220153255
-74.16754746285679
-74.16761994990352
-74.167659803202
-74.16766717943099
-74.16764225017103
-74.16758520072392
-74.16749622899638
-74.16737554444497
-74.16722336707922
-74.16703992652037
-74.166825461113
-74.16658021708696
-74.16630444776729
-74.1659984128298
-74.16566237759987
-74.16529661239268
-74.16490139189256
-74.16447699456955
-74.16402370213154
-74.16354179900986
-74.16303157187686
-74.1624933091938
-74.16192730078753
-74.16133383745428
-74.1607132105895
-74.16006571184212
-74.159391632792
-74.15869126464948
-74.15796489797572
-74.1572128224227
-74.15643532649202
-74.15563269731125
-74.15480522042704
-74.15395317961392
-74.15307685669818
-74.15217653139564
-74.15125248116289
-74.15030498106096
-74.14933430363087
-74.14834071878037
-74.14732449368118
-74.14628589267609
-74.14522517719546
-74.14414260568248
-74.14303843352663
-74.141912913005
-74.14076629323081
-74.13959882010883
-74.13841073629713
-74.13720228117499
-74.13597369081634
-74.13472519796846
-74.13345703203575
-74.1321694190679
-74.13086258175264
-74.12953673941219
-74.12819210800372
-74.12682890012314
-74.12544732501222
-74.12404758856856
-74.12262989335856
-74.12119443863281
-74.11974142034391
-74.11827103116651
-74.11678346051933
-74.11527889458907
-74.11375751635603
-74.11221950562128
-74.11066503903523
-74.10909429012752
-74.10750742933807
-74.1059046240492
-74.10428603861867
-74.10265183441358
-74.10100216984503
-74.0993372004034
-74.0976570579187
-74.09596188490191
-74.09425183786749
-74.09252706429218
-74.09078770728978
-74.08903390260774
-74.08726577047415
-74.0854834422998
-74.08368637800704
-74.08187402312163
-74.08004638628461
-74.07820357568836
-74.07634572203749
-74.07447296230207
-74.07258543482993
-74.07068327732168
-74.06876662582549
-74.06683561420007
-74.06489037382387
-74.06293103344295
-74.06095771910249
-74.0589705541278
-74.05696965912969
-74.054955152026
-74.05301369698525
-74.05118048794847
-74.04946337714297
-74.04785998433414
-74.04636454566057
-74.04497036067633
-74.04367064774598
-74.04245884212216
-74.04132869472097
-74.04027429631284
-74.03929007258941
-74.03837076787302
-74.03751142494819
-74.03670736433611
-74.03595416449544
-74.03524764355947
-74.03458384278836
-74.03395901170384
-74.03336959477537
-74.03281221948993
-74.03228368563126
-74.03178095560446
-74.03130114565872
-74.03084151787957
-74.03039947284084
-74.02997254282363
-74.02955838552431
-74.02915477818703
-74.02875961210667
-74.02837088745777
-74.02798670841237
-74.02760527851608
-74.02722489629674
-74.02684395108454
-74.02646091902547
-74.02607435927321
-74.02568291035546
-74.02528528667918
-74.02488027518557
-74.02446673214484
-74.02404358008141
-74.02360980482234
-74.02316445266383
-74.02270662765028
-74.02232192377795
-74.02204356837873
-74.02187727593929
-74.02181864497369
-74.02186007422463
-74.0219932109369
-74.02220979225154
-74.02250192751652
-74.02286218248406
-74.02328359052372
-74.0237596362019
-74.02428422881214
-74.02485167316307
-74.02545664079166
-74.02609414295016
-74.02675950585862
-74.02744834830057
-74.02815656144169
-74.02888029066763
-74.02961591921085
-74.03036005334125
-74.03110950892173
-74.03186129912766
-74.03261262317358
-74.03336085592832
-74.03410353829737
-74.03483836827594
-74.03556319259297
-74.03627599887926
-74.03697490830403
-74.03765816863309
-74.03832414766929
-74.03897132704216
-74.03959829631832
-74.0402037474086
-74.04078646925116
-74.04134534275242
-74.04187933596995
-74.04238749952347
-74.0428689622212
-74.04332292689067
-74.04374866640336
-74.04414551988411
-74.0445128890966
-74.04485023499666
-74.04515707444628
-74.04543297708096
-74.0456775623238
-74.04597037106508
-74.04634167283008
-74.04679620430262
-74.04732950223311
-74.04793432398559
-74.04860288437239
-74.04932760249166
-74.05010133681168
-74.0509174425501
-74.05176976591183
-74.05265261610029
-74.05356073060923
-74.05448923999742
-74.05543363465434
-74.05638973447574
-74.05735366164602
-74.05832181639369
-74.05929085544763
-74.06025767287679
-74.06121938299952
-74.06217330507396
-74.06311694951481
-74.06404800541725
-74.06496432920201
-74.06586393422566
-74.06674498122584
-74.06760576949343
-74.06844472868146
-74.06926041117624
-74.07005148496839
-74.07081672697181
-74.07155501674698
-74.07226533059173
-74.07294673596817
-74.0735983862391
-74.07421951569083
-74.07480943482223
-74.07536752588254
-74.07589323864235
-74.07638608638376
-74.07691910055394
-74.0775192939453
-74.0781901409537
-74.07892680480568
-74.07972205976019
-74.08056832261427
-74.0814583115637
-74.08238523954466
-74.08334284917547
-74.08432539351726
-74.08532759932316
-74.08634462634663
-74.08737202791231
-74.08840571467988
-74.08944192215671
-74.0904771819144
-74.09150829620992
-74.09253231562161
-74.09354651929988
-74.09454839745898
-74.09553563577808
-74.09650610142558
-74.09745783046448
-74.09838901643612
-74.09929799995393
-74.10018322407403
-74.10104329835899
-74.10187696031436
-74.1026830543922
-74.1034605293936
-74.10420843290278
-74.10492589955085
-74.10561213667775
-74.10626497294822
-74.10688350271063
-74.10746715090039
-74.108015464431
-74.10852806921051
-74.1090046561063
-74.10944497350704
-74.10984882206604
-74.11021605045475
-74.11054655170038
-74.11084025991083
-74.1110971472832
-74.1113172213355
-74.1115005223246
-74.1116471208268
-74.111757115464
-74.1118306307639
-74.11186781514436
-74.1118688390145
-74.11183389298552
-74.11176318618551
-74.11165694467248
-74.11151540994071
-74.11133883751539
-74.1111274956312
-74.11088166399026
-74.1106016325956
-74.11028770065597
-74.10994017555842
-74.10955937190501
-74.10914561061031
-74.10869921805646
-74.10822052530254
-74.1077098673457
-74.10716758243083
-74.10659401140639
-74.10598949712383
-74.10535438387818
-74.1047577379607
-74.10422538152574
-74.10376116948595
-74.10336125958602
-74.1030196173736
-74.10272988280948
-74.10248596361187
-74.102282201715
-74.10211339719525
-74.10197478516132
-74.10186199868266
-74.10177102967843
-74.10169819212162
-74.10164008901019
-74.1015935833723
-74.10155577308167
-74.10152396907127
-74.10149567648602
-74.1014685783319
-74.10144052122406
-74.10140950288995
-74.10137366113707
-74.10133126404386
-74.10128070117443
-74.10122047565469
-74.10114919697659
-74.10106557442288
-74.1009684110238
-74.1008565979746
-74.10072910945478
-74.10058499780139
-74.10042338899676
-74.10024347843772
-74.10004452695928
-74.09982585708961
-74.09958684951705
-74.0993269397525
-74.09904561497274
-74.09874241103255
-74.09841690963428
-74.09806873564544
-74.09769755455545
-74.0973030700637
-74.09688502179178
-74.09644318311321
-74.09597735909477
-74.0954873845435
-74.09497312215433
-74.09443446075329
-74.09393934290992
-74.09351257151219
-74.09315718548125
-74.09286868558759
-74.09264049261922
-74.09246578323467
-74.09233806422466
-74.09225132656452
-74.09220006069012
-74.0921792269916
-74.09218421381777
-74.09221079447595
-74.09225508729945
-74.09231352005438
-74.09238279881909
-74.09245988101338
-74.09254195209061
-74.09262640537683
-74.09271082457163
-74.09279296848008
-74.09287075760722
-74.09294226230502
-74.09300569221608
-74.09305938680346
-74.09310180679498
-74.09313152640254
-74.09314722620297
-74.09314768658784
-74.09313178170751
-74.09309847384766
-74.09304680818803
-74.09297590790194
-74.09288496956178
-74.09277325882195
-74.09264010635472
-74.09248490401848
-74.09230710124041
-74.09210620159854
-74.09188175958937
-74.0916333775693
-74.09136070285943
-74.09106342500382
-74.09074127317277
-74.09039401370315
-74.0900214477684
-74.08962340917148
-74.08919976225441
-74.08875039991855
-74.08827524175004
-74.08777423224512
-74.08724733913056
-74.0866945517742
-74.0861158796816
-74.08551135107415
-74.08488101154495
-74.08422492278842
-74.08354316140017
-74.08283581774356
-74.08210299487968
-74.0813448075576
-74.08056138126187
-74.07975285131445
-74.07891936202824
-74.07806106590972
-74.07717812290811
-74.07627069970879
-74.07533896906851
-74.07438310919062
-74.07340330313777
-74.0723997382805
-74.07137260577977
-74.07032210010155
-74.06924841856183
-74.06815176090052
-74.06703232888263
-74.0658903259252
-74.06472595674882
-74.06353942705213
-74.06233094320834
-74.06110071198226
-74.05984894026709
-74.05857583483939
-74.0572816021318
-74.055966448022
-74.05463057763737
-74.05327419517417
-74.05189750373066
-74.05050070515327
-74.04908399989499
-74.04764758688543
-74.04619166341172
-74.04471642500967
-74.04322206536469
-74.04170877622171
-74.04017674734767
-74.0386261664277
-74.03705721898005
-74.03547008829754
-74.03386495539688
-74.0322419989738
-74.03060139536369
-74.02894331850722
-74.02726793992097
-74.02557542867281
-74.02386595136157
-74.02213967210088
-74.02039675250693
-74.01863735168972
-74.0168616262478
-74.01506973026626
-74.01326177996043
-74.01143791488359
-74.0096758748041
-74.0080049465973
-74.00642971550336
-74.0049460575979
-74.00354732262267
-74.0022254243565
-74.00097249585203
-73.99978198621632
-73.99864798734993
-73.9975650847914
-73.99652829376708
-73.99553301115164
-73.99457497417487
-73.99365022459362
-73.99275507780321
-73.99188609633008
-73.99104006711148
-73.99021398198781
-73.98940502088746
-73.98861053725166
-73.98782804531571
-73.987055208927
-73.98628983163651
-73.98552984784845
-73.9847733148534
-73.9840184056026
-73.98326340210883
-73.98250668938088
-73.98174674981608
-73.98098215798994
-73.98021157579299
-73.97943374787424
-73.97864749735756
-73.97785172180376
-73.97704538939497
-73.97622753532235
-73.97539725836069
-73.97455371761615
-73.97369612943493
-73.97282376446276
-73.97193594484578
-73.97103204156488
-73.97011147189602
-73.96917369699014
-73.96821821956647
