time	 cell
43.29065179938375	206.0
43.41428339286777	224.0
44.22976653767635	223.0
45.55845091319704	221.0
47.15629633156213	207.0
47.368374761788964	213.0
48.637639431316536	205.0
49.056261650267814	211.0
49.324257938833284	212.0
49.79069391795707	218.0
49.85270888559459	210.0
50.284971033956616	216.0
50.916182178747434	209.0
51.761649573495035	217.0
52.02977243202427	138.0
52.03134670575538	181.0
52.25255481875673	222.0
52.58060366296972	214.0
52.66275110459565	219.0
54.04861974152063	220.0
54.442721046270194	183.0
54.70649014795384	215.0
54.89988532991805	208.0
56.20302248130294	122.0
57.72727397935403	139.0
57.84523369375433	171.0
58.30696590341964	112.0
58.42527671932231	145.0
59.17869838944558	106.0
59.225000000104906	104.0
59.95000000010507	2.0
59.95000000010507	28.0
59.95000000010507	46.0
59.95000000010507	76.0
60.850000000105275	1.0
60.850000000105275	6.0
60.850000000105275	7.0
60.850000000105275	17.0
60.850000000105275	19.0
60.850000000105275	33.0
60.850000000105275	34.0
60.850000000105275	37.0
60.850000000105275	40.0
60.850000000105275	52.0
60.850000000105275	54.0
60.850000000105275	58.0
60.850000000105275	77.0
60.850000000105275	84.0
60.850000000105275	87.0
60.850000000105275	99.0
60.87500000010528	100.0
60.87500000010528	101.0
61.52447643602363	124.0
61.60147601540194	133.0
61.67500000010546	3.0
61.67500000010546	8.0
61.67500000010546	10.0
61.67500000010546	11.0
61.67500000010546	13.0
61.67500000010546	14.0
61.67500000010546	16.0
61.67500000010546	22.0
61.67500000010546	31.0
61.67500000010546	32.0
61.67500000010546	43.0
61.67500000010546	44.0
61.67500000010546	49.0
61.67500000010546	66.0
61.67500000010546	78.0
61.67500000010546	83.0
62.506181096269806	107.0
62.80000000010572	102.0
63.27500000010583	103.0
64.3471029809413	142.0
65.43422456710604	188.0
66.0556630432578	206.0
66.92491594870725	151.0
67.27500000010673	100.0
67.27500000010673	101.0
68.73085626394868	211.0
70.36832092895453	111.0
70.74443018717007	224.0
71.31861845910288	212.0
71.34711162571797	230.0
71.42648655022282	226.0
71.8536110068842	223.0
71.97218345657214	214.0
72.28681581217413	220.0
72.43562876769818	138.0
73.03668031188968	225.0
74.21445177261164	209.0
74.99432734612351	215.0
76.2183218843933	228.0
77.19636223197521	205.0
77.1970400838616	210.0
77.25447693863791	142.0
77.27566834683483	229.0
77.81655379081218	183.0
78.11082031351042	188.0
78.42909303121873	216.0
78.54478215186609	171.0
79.67741760271717	221.0
80.21924728571472	217.0
80.70944364705076	213.0
80.96221532389484	151.0
80.96655551555772	106.0
81.12106358788837	107.0
81.80717399261691	219.0
81.99019209914428	231.0
82.12245905107453	222.0
82.1593204808688	112.0
82.26115088050284	207.0
82.83892977283632	124.0
83.71427282044694	208.0
84.23495543134837	233.0
84.38975646588707	145.0
85.14153169974233	122.0
86.54031080083763	218.0
87.5637672022285	232.0
88.29043907633957	111.0
88.3026451115948	230.0
88.76647033152776	225.0
89.56365664532527	226.0
91.5836519188048	227.0
92.8148861126853	133.0
93.29065179938375	206.0
93.41428339286777	224.0
93.7982353003732	181.0
94.22976653767634	223.0
94.95858703501446	139.0
95.55845091319703	221.0
97.15629633156213	207.0
97.36837476178897	213.0
97.55207619188562	229.0
97.85294716342786	228.0
98.63763943131653	205.0
99.05626165026781	211.0
99.32425793883328	212.0
99.79069391795707	218.0
99.85270888559458	210.0
100.28497103395661	216.0
100.91618217874743	209.0
101.76164957349503	217.0
102.02977243202427	138.0
102.03134670575538	181.0
102.25255481875672	222.0
102.58060366296972	214.0
102.66275110459566	219.0
103.76768450319622	234.0
104.04861974152064	220.0
104.4427210462702	183.0
104.70649014795384	215.0
104.89988532991805	208.0
106.20302248130294	122.0
106.50835359330614	225.0
106.51824399795038	233.0
107.72727397935402	139.0
107.84523369375434	171.0
107.8680593426877	232.0
107.99579033410933	231.0
108.30696590341964	112.0
108.42527671932231	145.0
109.17869838944559	106.0
109.34878023280592	227.0
109.3500000001163	2.0
109.3500000001163	46.0
109.3500000001163	76.0
109.3750000001163	28.0
110.65000000011659	1.0
110.65000000011659	6.0
110.65000000011659	7.0
110.65000000011659	17.0
110.65000000011659	19.0
110.65000000011659	33.0
110.65000000011659	34.0
110.65000000011659	37.0
110.65000000011659	40.0
110.65000000011659	52.0
110.65000000011659	54.0
110.65000000011659	58.0
110.65000000011659	77.0
110.65000000011659	84.0
110.65000000011659	87.0
110.65000000011659	99.0
111.52447643602363	124.0
111.60147601540194	133.0
111.82500000011686	66.0
111.90000000011688	3.0
111.90000000011688	8.0
111.90000000011688	10.0
111.90000000011688	11.0
111.90000000011688	13.0
111.90000000011688	14.0
111.90000000011688	16.0
111.90000000011688	22.0
111.90000000011688	31.0
111.90000000011688	32.0
111.90000000011688	43.0
111.90000000011688	44.0
111.90000000011688	49.0
111.90000000011688	78.0
111.90000000011688	83.0
112.50618109626981	107.0
113.07500000011714	103.0
113.50850290121515	228.0
113.95000000011734	55.0
113.95000000011734	64.0
113.95000000011734	70.0
113.95000000011734	90.0
114.3471029809413	142.0
114.6500000001175	4.0
114.6500000001175	20.0
114.6500000001175	21.0
114.6500000001175	24.0
114.6500000001175	30.0
114.6500000001175	36.0
114.6500000001175	42.0
114.6500000001175	48.0
114.6500000001175	59.0
114.6500000001175	63.0
114.6500000001175	69.0
114.6500000001175	72.0
114.6500000001175	73.0
114.6500000001175	95.0
115.02500000011759	2.0
115.02500000011759	46.0
115.02500000011759	76.0
115.37500000011767	5.0
115.37500000011767	38.0
115.37500000011767	47.0
115.37500000011767	65.0
115.43422456710604	188.0
115.82500000011777	104.0
116.92491594870725	151.0
117.38883726797536	229.0
117.6806979035934	205.0
117.68365430664181	230.0
117.92067681396463	223.0
118.1750000001183	103.0
119.38865944012377	207.0
120.36832092895453	111.0
120.58376043738986	231.0
120.58878375736047	221.0
120.79906831695683	234.0
121.46197161654233	225.0
121.54230030880254	233.0
123.23161348972829	208.0
123.33507846123162	218.0
123.63028526378989	206.0
123.75976225810867	219.0
123.85866893118695	232.0
124.13439495144299	210.0
124.33442096122737	212.0
125.02759646424627	226.0
125.10058482079421	222.0
125.61064862805375	216.0
125.7116419067944	228.0
125.98477400222707	209.0
126.27280143977384	215.0
126.62055065025677	214.0
127.69596496036262	188.0
127.86791578629528	224.0
128.33282360551925	142.0
129.1900712940458	211.0
130.29457690101054	220.0
130.54427534793533	111.0
130.70683681335876	213.0
130.80927796522928	229.0
132.1450383844918	107.0
132.2282315393851	145.0
132.69685347626833	106.0
132.87688322528712	138.0
133.09106704239838	151.0
133.2911840152945	133.0
133.7204119754655	234.0
134.25169610267676	227.0
134.28438315634844	122.0
134.62953609803566	112.0
135.83996439984486	217.0
136.6748383589709	225.0
136.8501099107034	124.0
137.8000000001116	1.0
137.8000000001116	7.0
137.8000000001116	17.0
137.8000000001116	33.0
137.8000000001116	52.0
137.8000000001116	58.0
137.8000000001116	84.0
137.8000000001116	87.0
137.8000000001116	99.0
137.82500000011157	6.0
137.82500000011157	19.0
137.82500000011157	34.0
137.82500000011157	37.0
137.82500000011157	40.0
137.82500000011157	54.0
137.82500000011157	77.0
137.83939069639288	139.0
137.87500000011153	2.0
137.87500000011153	46.0
137.87500000011153	76.0
137.95000000011146	28.0
138.57525529273423	183.0
139.62222187812327	181.0
140.12500000010948	103.0
140.81001132428165	233.0
141.06358200671602	171.0
143.9153058675536	212.0
144.4532740657819	230.0
145.0665376791934	224.0
145.56644316240633	218.0
145.7683201077342	232.0
146.65616573374612	205.0
146.83700324746027	231.0
146.84700989646825	226.0
147.4179637613043	219.0
147.55000000010273	104.0
147.592355955659	227.0
147.79053138286005	222.0
147.9777421859113	220.0
148.0304560428431	211.0
148.18317812104425	215.0
148.61673696857196	216.0
148.81596568987513	183.0
149.21644591955365	210.0
149.27058455705608	209.0
150.37374378362736	229.0
150.81838687682784	122.0
152.3705471319658	206.0
152.7605946625847	208.0
152.8035532089362	214.0
154.84736438393293	233.0
155.16501510384603	107.0
155.35658048425506	139.0
155.61805478088968	138.0
155.710745601077	124.0
155.90098193081974	217.0
155.96925015561126	228.0
156.14713568586018	207.0
156.2416489020571	188.0
156.34992659424262	213.0
156.9650828572187	223.0
157.65606540384087	142.0
158.18858710506282	112.0
158.20685831678009	151.0
158.21016077201938	221.0
160.3473012165013	106.0
160.8925452990467	181.0
161.01525259104176	133.0
161.58981066670987	171.0
162.82956910331808	227.0
163.01526777305537	145.0
163.77500000008797	2.0
163.77500000008797	46.0
163.77500000008797	76.0
163.82500000008793	28.0
164.57500000008724	7.0
164.57500000008724	17.0
164.57500000008724	33.0
164.57500000008724	34.0
164.57500000008724	52.0
164.57500000008724	58.0
164.57500000008724	77.0
164.57500000008724	84.0
164.57500000008724	87.0
164.57500000008724	99.0
164.60000000008722	1.0
164.60000000008722	6.0
164.60000000008722	19.0
164.60000000008722	37.0
164.60000000008722	40.0
164.60000000008722	54.0
164.66909343338642	111.0
166.45000000008554	103.0
168.8165970472605	205.0
168.86925521571453	216.0
169.07724646690474	232.0
170.67233349990988	214.0
170.73197462128252	224.0
170.74538934083913	223.0
171.88341014500446	208.0
172.15584932519081	215.0
172.71532796299041	219.0
173.79398240059058	212.0
174.25882524866427	218.0
175.19899989502017	213.0
175.4797282801753	206.0
175.80059231405536	210.0
176.30000000007658	104.0
176.42359092627538	222.0
176.53295124383843	221.0
177.92856081052224	207.0
178.20132584323395	211.0
180.78659644591866	234.0
181.0724221342204	220.0
181.38597366493744	139.0
181.73380678994823	107.0
182.2873650646292	151.0
182.57450100320744	209.0
183.29054245371267	111.0
184.39898621384916	171.0
184.79879714597587	217.0
185.02318383240438	124.0
185.333257258631	142.0
185.67602454183293	106.0
186.25990334903457	138.0
186.90457198022813	211.0
187.31411024585836	122.0
187.79315685561326	181.0
187.87512439560987	188.0
187.98556995063214	183.0
189.8857625873047	133.0
192.2933957766044	112.0
192.95000000006144	103.0
193.2433479077336	218.0
194.1303556854241	220.0
194.87843302756778	207.0
196.30486565774694	213.0
196.6796973049098	217.0
197.21388029457967	206.0
197.23264765805482	210.0
197.2531654068136	224.0
198.06918527278964	145.0
198.58701497062358	107.0
198.8371619918288	214.0
199.3807916263601	223.0
199.65997687405735	209.0
199.83544868593134	205.0
201.9506336894393	208.0
202.8815736226506	222.0
203.569172525954	219.0
203.7125971950911	216.0
203.93017607089888	212.0
204.48976036613686	221.0
204.73093049634411	142.0
205.25600545303314	139.0
205.66286772429476	111.0
205.7265368277921	215.0
207.73570344192754	171.0
209.15434828103542	145.0
209.1794132494558	151.0
210.23969928384477	124.0
212.09996251655002	106.0
212.11840690897466	138.0
212.32890381727103	122.0
213.09713898969989	181.0
214.2099716710474	183.0
214.62164897859049	188.0
215.49264507375432	133.0
215.88820293287063	223.0
217.164487484625	112.0
217.74094824236462	208.0
218.28467019890232	224.0
220.62500000003627	103.0
221.4966266923217	220.0
221.50325422610447	210.0
222.30994183097584	218.0
222.82623418234067	217.0
223.3684168087893	122.0
223.6370608868029	207.0
223.7771229085727	209.0
224.01159351313564	213.0
224.2980437006175	216.0
224.48116813560418	219.0
224.9294450920171	205.0
225.47375126476535	222.0
225.86831683594556	214.0
227.12991633332368	206.0
227.55000000002997	102.0
228.94128366513166	183.0
229.56955566318277	145.0
231.5560028888448	139.0
232.08643565968748	211.0
232.47537196672204	215.0
232.53941017391585	212.0
233.007755061833	221.0
233.5627806781935	138.0
233.6186801802757	181.0
233.65477220773067	142.0
234.85483349267744	124.0
235.61510622042317	106.0
235.64798529976244	151.0
236.11146400349978	107.0
236.5554942078008	112.0
236.78776706399728	111.0
237.8875299983788	133.0
239.40705149331924	188.0
242.49227906412418	224.0
243.54646915376242	222.0
243.61701973924966	171.0
243.97840040622467	221.0
244.4500000000146	100.0
244.4500000000146	101.0
247.00022313425262	206.0
247.53977672152558	215.0
248.4503361099192	211.0
249.32522384680018	209.0
250.05416108385722	218.0
250.3577317639498	207.0
250.80986587275976	216.0
250.92145251123276	210.0
251.37604999117175	112.0
251.56469721054506	220.0
252.02263373589628	214.0
252.16863060850642	106.0
252.52721063784838	219.0
253.5930155931798	208.0
254.42500000000553	104.0
254.49560982137712	205.0
255.58740891298405	223.0
256.2172028413267	139.0
256.23648146587345	122.0
256.5620588996148	217.0
256.8453477925652	212.0
257.2772653791965	145.0
257.9111449186085	213.0
259.02602973565206	183.0
259.2380167394893	188.0
259.7748983383436	111.0
261.2499999999993	102.0
261.82305823307695	181.0
262.48142447780253	107.0
262.9470652842398	133.0
263.1737017897249	124.0
263.73086172294575	138.0
264.5397847788901	171.0
264.6599145243476	209.0
264.9001729926174	142.0
265.239942309473	151.0
268.21281115849007	208.0
268.29816071852576	213.0
269.45681491673133	211.0
270.43952467030437	216.0
270.57499999999084	100.0
270.57499999999084	101.0
270.66645231901657	217.0
271.55502330624586	220.0
272.382826968089	206.0
272.4734585889234	218.0
273.8655945471415	221.0
274.18659797195943	219.0
275.2302111292672	207.0
275.64224957010134	215.0
275.9161758022372	222.0
276.24441909742063	210.0
276.80346796421924	214.0
277.11867070347785	223.0
277.315289370296	212.0
277.65190549863513	224.0
277.6547990729387	139.0
277.8926028387779	188.0
279.96892643916163	122.0
280.4014195816561	138.0
280.6840983475948	107.0
280.98983280637276	111.0
281.2735807883256	142.0
282.06237810469173	112.0
283.61497413324224	145.0
285.68604154303335	205.0
285.74692672856304	106.0
285.955139706351	124.0
286.0022004651888	183.0
286.11079385395703	171.0
287.11129224437894	181.0
289.76246362367147	133.0
289.8499999999733	102.0
291.220666495393	151.0
293.76814138320964	220.0
294.46364369761966	216.0
296.3046510794734	217.0
297.5619289458544	215.0
298.6233344512511	218.0
298.99353693312173	211.0
299.31205677432587	212.0
299.81703731872614	205.0
299.8749999999642	100.0
299.8749999999642	101.0
300.0265979439929	223.0
300.36886593549076	221.0
300.5724939023508	209.0
301.4834237221947	210.0
301.5172742888117	224.0
301.5172807704922	213.0
301.8497020452609	222.0
302.65193673254333	207.0
302.77245768242386	188.0
303.5315522968846	208.0
304.0744815215248	133.0
304.88797196005027	183.0
304.94217293243105	214.0
305.1926725051189	138.0
306.82986678969434	122.0
307.52630703748184	219.0
307.53331170304335	206.0
308.6696205212117	111.0
309.6580561739016	107.0
310.25853191310006	151.0
311.2529707042501	171.0
311.4479858061398	145.0
312.0002991038486	112.0
314.3906836430562	106.0
314.91462272828505	124.0
315.1628645841037	210.0
315.2812163534393	181.0
315.95792687606195	142.0
316.27601507558336	139.0
319.20828041564715	211.0
320.2249999999457	102.0
320.2443980425739	218.0
320.87872169092503	209.0
321.07211290879985	222.0
321.34711162571796	230.0
321.42648655022276	226.0
321.8713717866992	207.0
323.03668031188965	225.0
323.6672089553194	216.0
323.88063967541024	215.0
324.91493319989075	223.0
325.49544997342423	217.0
325.7071233126501	214.0
326.2183218843933	228.0
327.08134707570184	213.0
327.2379641618828	224.0
327.2756683468348	229.0
327.7245665329408	206.0
327.8377975452521	208.0
328.03166464950846	221.0
328.4638211429199	212.0
328.92525297495763	219.0
329.0670121033772	220.0
329.2312902067364	205.0
329.45739350244367	139.0
330.8498747410282	181.0
330.8956305990002	111.0
331.69980524860915	171.0
331.8598429735848	151.0
331.9901920991442	231.0
332.1272746018709	138.0
332.4125907807127	122.0
332.56765826074843	183.0
332.78955617761324	112.0
332.9165345865534	106.0
332.9924569196326	142.0
333.04478179718797	133.0
333.4811002293672	124.0
333.71598617285326	107.0
334.23495543134834	233.0
335.87360066448844	188.0
337.1128273745117	226.0
337.5637672022285	232.0
338.03116995113385	145.0
340.24999999992747	103.0
341.5836519188048	227.0
341.6148125164011	220.0
342.6446497515648	218.0
343.3637329321516	222.0
343.7275898691689	230.0
344.080092170887	225.0
345.82809969657626	208.0
346.91187904422605	213.0
346.92181144322575	209.0
348.15127206358994	221.0
349.0395171604489	233.0
349.42479251548724	229.0
349.5308910481417	212.0
349.8825065594806	215.0
349.95109359352085	217.0
349.98978734440476	216.0
350.1788114214749	232.0
350.8342660297184	210.0
350.92916488605925	219.0
351.1821490129897	231.0
351.22874170571527	138.0
352.2943471792283	112.0
352.4629277824137	224.0
352.59743519016405	207.0
353.76768450319616	234.0
354.3157531216061	214.0
354.8989093664223	211.0
354.9066068693889	188.0
356.0570552418491	205.0
356.611226978052	145.0
356.93215180802315	183.0
357.0452730037003	111.0
357.4793777982892	133.0
357.63375853173216	206.0
357.7744732389214	228.0
358.4110244222103	171.0
358.5109116073342	106.0
358.70241302714174	223.0
358.9481309006339	122.0
359.04713164588725	227.0
361.41970339498204	181.0
362.0137012298843	107.0
362.59999999990714	2.0
362.59999999990714	28.0
362.59999999990714	46.0
362.59999999990714	76.0
363.0324057770383	151.0
363.4026543983357	124.0
364.2448903668045	223.0
364.53111870304696	206.0
365.24999999990473	1.0
365.24999999990473	19.0
365.3749999999046	6.0
365.3749999999046	7.0
365.3749999999046	17.0
365.3749999999046	33.0
365.3749999999046	34.0
365.3749999999046	37.0
365.3749999999046	40.0
365.3749999999046	52.0
365.3749999999046	54.0
365.3749999999046	58.0
365.3749999999046	77.0
365.3749999999046	84.0
365.3749999999046	87.0
365.3749999999046	99.0
365.49017826313207	226.0
366.093460216021	142.0
366.19316258750433	213.0
366.42117768182044	208.0
366.4749999999036	66.0
367.2749999999029	103.0
367.4999999999027	3.0
367.4999999999027	13.0
367.52499999990266	8.0
367.52499999990266	10.0
367.52499999990266	11.0
367.52499999990266	14.0
367.52499999990266	16.0
367.52499999990266	22.0
367.52499999990266	31.0
367.52499999990266	32.0
367.52499999990266	43.0
367.52499999990266	44.0
367.52499999990266	49.0
367.52499999990266	78.0
367.52499999990266	83.0
367.95864750812234	220.0
368.1623154966518	232.0
368.5021839976284	222.0
368.690725188974	218.0
368.7321969332482	229.0
369.92673923439776	217.0
370.3885560417316	139.0
371.422761640359	228.0
371.4499999998991	104.0
371.62521539025636	224.0
372.0669901222895	211.0
372.276971419054	207.0
372.5991992820846	216.0
372.6971855457404	214.0
374.4592085028235	219.0
375.25315179079183	225.0
375.9305085667477	231.0
376.5286534393815	230.0
376.8249999998942	103.0
377.1254417463414	205.0
377.3889752946815	122.0
378.2219074765062	183.0
378.46108465085166	112.0
379.44213448143586	226.0
379.8224067085464	151.0
379.93649853074714	215.0
380.03902629065794	106.0
380.2228466485224	234.0
381.05798125037313	138.0
381.10187553731885	181.0
381.2063785315922	209.0
381.2187733521939	124.0
381.46882490226767	221.0
382.27544344541633	188.0
382.68180632500906	232.0
383.6475702736709	111.0
384.31189591295106	210.0
384.8186069237409	212.0
385.9490547499174	171.0
386.21733128117586	107.0
388.7481202479195	142.0
389.11555438421493	145.0
390.1946957681451	133.0
390.75606059204324	139.0
393.00468872521026	213.0
393.6492515956065	229.0
393.734375318981	233.0
395.12235908481114	207.0
395.5993043800971	212.0
396.00983049170395	222.0
396.5318251391757	217.0
396.999447495068	220.0
397.0612514583056	225.0
397.55379519301573	215.0
398.0239393431445	206.0
398.22114091906997	231.0
398.4216769827875	209.0
399.5663226009729	216.0
399.64980382055717	226.0
399.89573580837674	214.0
401.31514093184353	107.0
401.32471383175863	211.0
401.8788938756844	205.0
403.2044847767146	210.0
403.3756724158544	223.0
403.4720426418693	218.0
403.8666032634261	227.0
404.0271214774851	228.0
404.4607194558208	232.0
405.2052539026171	139.0
405.24387368736495	208.0
405.3657534101994	124.0
406.0705644541895	221.0
406.24109443133807	229.0
407.5479264215852	106.0
407.6310149393014	111.0
407.9355732052684	171.0
408.005113802858	181.0
408.9086701274065	224.0
409.3646720259467	219.0
410.87060988157117	122.0
411.7500307481618	188.0
412.06937964757157	234.0
412.4824227644584	138.0
412.6546944307534	133.0
413.6899708688323	142.0
413.70875739208515	183.0
413.7224949095268	112.0
414.97608251585916	145.0
415.06751493936395	151.0
415.99833757982503	233.0
416.44999999985816	2.0
416.44999999985816	28.0
416.44999999985816	46.0
416.44999999985816	76.0
417.4999999998572	1.0
417.4999999998572	6.0
417.4999999998572	7.0
417.4999999998572	17.0
417.4999999998572	19.0
417.4999999998572	33.0
417.4999999998572	34.0
417.4999999998572	37.0
417.4999999998572	40.0
417.4999999998572	52.0
417.4999999998572	54.0
417.4999999998572	58.0
417.4999999998572	77.0
417.4999999998572	84.0
417.4999999998572	87.0
417.4999999998572	99.0
418.5202337607575	227.0
418.64452216696696	232.0
418.97499999985587	103.0
420.7021153317612	221.0
420.7249999998543	66.0
421.53462088746187	217.0
421.82809939807566	219.0
421.9880755327782	208.0
422.0273973017539	218.0
422.89500083914066	210.0
422.9902733407279	216.0
423.86927593258514	215.0
424.66780711675386	106.0
424.69805101853024	212.0
424.99339890029705	209.0
425.2711539534212	213.0
425.77355524710987	183.0
425.8265620841239	222.0
426.1999999998493	104.0
427.5878901294446	214.0
428.3621500078289	211.0
429.3256525405563	207.0
429.9827996942755	205.0
430.7408605710492	206.0
431.8752690728328	124.0
432.5078414744718	220.0
433.1723833202465	223.0
433.5312758110994	171.0
433.67932466366614	111.0
433.9068457138265	188.0
434.297843116935	138.0
434.7260059858008	133.0
435.533717531707	210.0
436.12795640980903	151.0
436.432161383689	112.0
436.9241986065525	139.0
437.1802579194913	145.0
437.51347930452715	107.0
437.6764019804476	181.0
438.10634720737426	224.0
439.6704892523444	122.0
441.5581672904896	142.0
441.7249999998352	103.0
442.7125948804573	221.0
443.31865386539505	214.0
445.27696257652536	223.0
446.78198105248083	213.0
446.8040518992613	224.0
447.24352156869645	122.0
448.2736801510799	211.0
449.4614092538788	212.0
449.6832220063246	205.0
450.2138060337014	207.0
450.5213820059146	206.0
451.3445331860367	218.0
451.489975455713	209.0
451.6428609770227	216.0
452.3258597989008	111.0
453.3236861289791	220.0
453.4131384888927	183.0
454.02073650225674	208.0
454.184571670967	217.0
454.2998742568548	215.0
454.74902278257434	222.0
454.971504500954	171.0
456.50148492175805	133.0
456.69702742192777	219.0
457.8779239082659	106.0
458.5852487088695	142.0
459.52724625898	181.0
459.6566450255534	112.0
460.66160461486766	107.0
462.41474354441453	151.0
462.48744052088654	138.0
463.0136095132173	209.0
464.47476766893914	139.0
466.346424025687	145.0
467.0483934036596	217.0
469.5858565236894	188.0
470.0107747138602	210.0
470.6473974160069	207.0
470.7566232019969	205.0
470.79456871131424	124.0
472.5289897768773	212.0
472.77499999980694	103.0
472.93663067119905	213.0
473.59572840215964	223.0
474.50191788601643	220.0
474.89214795644057	211.0
475.17914346191185	224.0
475.8749999998041	102.0
477.2703551826526	219.0
477.4198859931454	222.0
477.9273409831293	216.0
477.948011919518	221.0
478.5511710505513	208.0
479.24102736389085	218.0
479.9113706558371	112.0
481.1595741438781	206.0
481.5141458802932	215.0
482.0896252486453	106.0
483.00939051912917	138.0
483.40173961527904	183.0
484.5780637858735	124.0
484.70362222084384	151.0
485.65687410783033	181.0
486.6482835140955	145.0
486.97930366822794	107.0
487.2828586524143	122.0
487.836076299288	214.0
487.9524595775016	188.0
488.6757917369478	142.0
491.4013834937251	133.0
491.6185241222121	171.0
492.16017884333144	208.0
494.59152719694436	213.0
494.91203413056246	181.0
495.65899444090303	209.0
496.2464236325181	111.0
497.34628926392526	206.0
497.6039451165081	219.0
497.65016106014957	217.0
498.0749999997839	100.0
498.0749999997839	101.0
498.27817767914837	139.0
499.367886580345	214.0
499.5645762653739	222.0
499.69851636947885	212.0
499.9424373028465	207.0
500.07318033745463	223.0
500.0940594652731	218.0
500.73927310119615	151.0
500.98788458094106	210.0
501.3243626950021	183.0
502.44738264609646	122.0
502.8688708996145	205.0
503.15766388098024	133.0
503.2869781226677	188.0
504.15376850623215	216.0
504.394480598102	112.0
504.46154278642666	124.0
504.4781027720489	224.0
504.8999999997777	102.0
505.0053604430969	215.0
505.58982560219073	138.0
506.48042975757204	211.0
506.52935045500726	139.0
506.5710769313974	221.0
507.3147842628462	171.0
507.6388570385712	220.0
508.5688673626668	145.0
510.4470565045879	142.0
512.7342300411415	217.0
515.2092331387398	111.0
515.6513540600781	218.0
516.1615591236696	106.0
516.7778855065366	107.0
517.5248504971115	215.0
517.7940389096246	224.0
518.845916469589	206.0
519.7098744772495	207.0
519.9732244751773	222.0
521.135110389455	210.0
521.7584816444573	221.0
522.5737419229023	223.0
524.0359099527719	220.0
524.5684067038802	219.0
524.693105741321	181.0
525.3786988104866	216.0
526.4775391863313	211.0
527.0350181464433	151.0
527.4259299704272	205.0
527.6749999998283	100.0
527.6749999998283	101.0
527.7338649262823	209.0
528.2000534477573	213.0
528.9322472379363	214.0
529.5872293651986	139.0
530.7684078690183	171.0
531.3630978878249	107.0
531.3916951044702	212.0
531.5036490959055	111.0
531.6048120950783	122.0
531.7834750416581	133.0
534.6823245283856	208.0
535.9383873875619	145.0
539.1749999998701	102.0
539.5458511604219	106.0
539.5519959509786	112.0
540.0793946935506	124.0
540.8785218342023	183.0
541.2254019186332	206.0
541.2776542294607	210.0
541.8024117445926	188.0
543.293874442666	138.0
543.5471876358321	142.0
543.6789199105245	224.0
543.7896711542061	215.0
544.6546510269116	221.0
545.2594338336177	211.0
546.048538002708	217.0
548.3580781144267	222.0
548.7521136206286	208.0
548.8465851692132	219.0
549.2931563323774	209.0
549.683527672018	216.0
549.8724655368668	220.0
550.741843753232	207.0
551.3374843716952	223.0
552.0147913907748	205.0
553.2965988007367	151.0
553.4710290429491	218.0
554.023774043971	106.0
555.103263713201	213.0
555.2499999999286	100.0
555.2499999999286	101.0
555.5049386275809	111.0
556.1875870453149	171.0
557.0254697889249	212.0
557.6003735876469	214.0
558.6379662559931	133.0
559.4634746697731	112.0
559.6396643166458	142.0
560.8008419229516	145.0
561.0327101811347	107.0
561.4141584727622	183.0
561.874135642672	124.0
562.4988677186718	122.0
563.2591101191445	188.0
563.3323051514814	139.0
563.79098530372	213.0
565.8746751717794	208.0
566.1249499609568	181.0
566.9498056747865	138.0
567.0046226618026	215.0
568.4749999999767	102.0
569.5465408025547	223.0
570.549140806817	205.0
570.6998569186673	206.0
570.8677043506302	112.0
571.347111625718	230.0
571.4264865502228	226.0
573.0366803118897	225.0
574.3510201138614	211.0
574.39705505957	212.0
574.5179710428476	218.0
574.8090904558815	207.0
574.9461381692138	106.0
575.2698481622637	122.0
575.3080005772148	209.0
576.2183218843933	228.0
576.2789877305497	221.0
576.6566694683388	145.0
577.1980266324576	214.0
577.2756683468348	229.0
577.4261151624875	188.0
577.5411175926454	217.0
577.9777311371629	224.0
578.180858964271	210.0
578.4862292009323	219.0
578.7145163878057	222.0
579.1697070680882	124.0
581.4140812999814	220.0
581.7776338355843	133.0
581.9901920991442	231.0
582.0081429316429	216.0
584.2349554313483	233.0
584.4848298186597	107.0
585.3067714645774	226.0
585.8963618831488	171.0
585.9609111061906	111.0
586.3540199870482	142.0
586.4317029596198	230.0
587.5637672022285	232.0
589.2709024187611	225.0
589.7993186164782	183.0
590.241061167608	139.0
590.9543270977153	213.0
591.3806707401378	138.0
591.5836519188048	227.0
591.7250233674848	151.0
591.7442634804673	207.0
592.3479851608104	181.0
592.6429946548598	223.0
592.6906618609988	219.0
593.0569524313015	151.0
593.6434498127849	209.0
594.2376926376718	171.0
594.2633501223025	231.0
594.8096907235185	215.0
596.3350306919315	216.0
596.4737912297696	221.0
598.3490354165234	211.0
598.7934326451979	214.0
599.2115291225983	205.0
599.6387479630141	228.0
600.498018026932	220.0
601.7574320286448	224.0
602.5561931020843	212.0
603.1670360776292	226.0
603.3785148212395	222.0
603.4322971500598	225.0
603.7676845031962	234.0
603.8164322470558	217.0
604.7351295690689	208.0
604.9556344034714	188.0
604.9927408286329	206.0
605.1331595355566	218.0
605.3264896230905	124.0
605.5167240758859	183.0
605.6728994142468	210.0
605.7652972819418	145.0
605.7730648438738	232.0
606.6666336226953	229.0
607.0907612928714	112.0
607.5191883239091	122.0
607.5858856272381	139.0
608.0121032902692	111.0
608.8654103253899	133.0
609.7026114337308	138.0
610.0973892434415	142.0
610.69172565402	107.0
610.9949790986798	227.0
611.0250000001315	2.0
611.0250000001315	28.0
611.0250000001315	46.0
611.0250000001315	76.0
611.8750000001346	1.0
611.8750000001346	6.0
611.8750000001346	7.0
611.8750000001346	17.0
611.8750000001346	19.0
611.8750000001346	33.0
611.8750000001346	34.0
611.8750000001346	37.0
611.8750000001346	40.0
611.8750000001346	52.0
611.8750000001346	54.0
611.8750000001346	58.0
611.8750000001346	77.0
611.8750000001346	84.0
611.8750000001346	87.0
611.8750000001346	99.0
612.4838760198778	228.0
612.6576335188934	214.0
613.1056990680607	181.0
613.8250000001417	103.0
614.0250000001424	66.0
614.2750000001433	3.0
614.2750000001433	13.0
614.3500000001436	8.0
614.3500000001436	10.0
614.3500000001436	11.0
614.3500000001436	14.0
614.3500000001436	16.0
614.3500000001436	22.0
614.3500000001436	31.0
614.3500000001436	32.0
614.3500000001436	43.0
614.3500000001436	44.0
614.3500000001436	49.0
614.3500000001436	78.0
614.3500000001436	83.0
615.5591723119206	225.0
615.7373331814605	230.0
616.0144151900669	106.0
616.613121848061	207.0
616.6616575989362	219.0
617.5460355630387	226.0
617.7044097254552	231.0
618.4751157341774	232.0
618.5605584184875	212.0
618.8940609806052	220.0
618.9000000001602	104.0
619.6996976022332	234.0
619.939602083531	218.0
620.427756375611	233.0
620.7580972905844	206.0
621.7553260553234	223.0
622.2000000001722	103.0
623.2852475126963	210.0
623.7485611709728	133.0
624.9628693260464	229.0
625.3492528898164	215.0
625.723982763826	111.0
626.0178479016623	211.0
626.1448944857111	142.0
626.8326864765996	224.0
626.8700194481559	216.0
626.8744085277276	188.0
626.9272443405732	217.0
626.9375796654705	209.0
627.6832022296979	221.0
627.9165046696432	228.0
629.1363651317295	208.0
629.3341607783024	106.0
629.6149028983683	124.0
629.7002345781317	225.0
629.9807067975437	213.0
630.5167767026045	183.0
630.8466981254294	205.0
631.6945466337061	231.0
632.0663248934134	181.0
632.4005170820402	171.0
632.7455928467334	122.0
633.0125821052695	233.0
634.1680554595748	222.0
634.9569606434992	234.0
635.2806572799328	107.0
635.9695676424851	138.0
636.2913620556026	232.0
636.3439948334754	151.0
636.729309531746	112.0
636.7709080120939	145.0
638.8578286395334	226.0
642.5500000002462	2.0
642.5500000002462	46.0
642.5500000002462	76.0
642.5867050526191	139.0
642.6750000002467	28.0
643.6578326905745	225.0
644.2982353656279	210.0
644.3869272512225	227.0
645.4483341772095	218.0
645.7199852927101	107.0
645.936744704523	214.0
646.0031294181038	206.0
646.0269465348533	220.0
646.3813067528279	209.0
648.5789943082113	232.0
648.5797849952525	207.0
648.6365521143709	211.0
648.6616650573367	229.0
649.7968362559982	112.0
649.9218800055529	222.0
649.9927354354375	213.0
650.1468840479254	205.0
650.2250000002741	103.0
650.2674048341961	219.0
650.5371356630272	183.0
650.9624814230529	208.0
650.9692613315272	231.0
651.7728639128993	221.0
652.0247498551735	138.0
652.4989902741324	217.0
653.2364406869818	215.0
653.8404040530523	223.0
653.8941752108224	230.0
653.926526025237	212.0
654.2435645103131	224.0
654.8383875621645	233.0
655.3024693603345	216.0
656.1614631099892	225.0
657.3537293323857	124.0
657.5887763675898	234.0
657.8480686190429	181.0
658.8912714961529	106.0
659.3008192064511	111.0
659.4573977112356	133.0
659.9691381734397	151.0
660.4096855384787	139.0
661.4985888041057	142.0
661.6364418942642	227.0
662.2136062341403	232.0
662.3416095323711	122.0
662.7940431860036	171.0
663.5206028920055	145.0
664.5658378940302	231.0
666.9000000003348	2.0
666.9000000003348	28.0
666.9000000003348	46.0
666.9000000003348	76.0
667.0000000003351	1.0
667.0000000003351	7.0
667.0000000003351	17.0
667.0000000003351	19.0
667.0000000003351	33.0
667.0000000003351	52.0
667.0000000003351	58.0
667.0000000003351	84.0
667.0000000003351	87.0
667.0000000003351	99.0
667.0250000003352	6.0
667.0250000003352	34.0
667.0250000003352	37.0
667.0250000003352	40.0
667.0250000003352	54.0
667.0250000003352	77.0
667.2500512880624	188.0
669.700000000345	103.0
670.2995820504357	209.0
670.7385873812482	220.0
671.025146009729	208.0
671.9646956251554	222.0
672.1300638295457	221.0
673.0885729443964	224.0
673.1865287785583	234.0
673.6643973062918	217.0
673.9809266032553	181.0
674.4031959820354	171.0
674.5871861757638	211.0
675.7073610044359	212.0
675.9583284135131	223.0
676.5487322160586	214.0
676.6250000003702	104.0
677.1585047211568	219.0
677.9823670250769	112.0
678.0839912612606	216.0
678.2125057778564	215.0
678.6128329369202	213.0
678.9368858205105	106.0
680.4047895947677	142.0
681.3834533734143	124.0
681.710218455087	210.0
682.2358547029963	206.0
682.3014455418377	138.0
682.5148685685283	205.0
682.528122973313	207.0
683.5125324565948	218.0
684.9624299824507	145.0
684.9723200975322	151.0
685.1751766474197	139.0
685.252629004616	183.0
685.5634275650116	122.0
688.6868468604163	107.0
689.8670700330335	111.0
691.9499928954859	219.0
693.845833034852	133.0
694.6930604926458	188.0
694.8750000004366	103.0
696.3311077405883	206.0
696.6172734406982	209.0
697.0778289878214	211.0
697.2200121061054	215.0
697.2224378103697	223.0
698.5527883048622	171.0
698.8084001428482	224.0
699.0473748016536	208.0
699.5194999238419	207.0
699.5491630732557	214.0
699.8745582850842	124.0
700.0997603306079	220.0
700.6562677530524	216.0
700.7473067390102	142.0
700.8421746445218	217.0
700.9378973099604	213.0
701.3154568119461	183.0
701.6070467116549	212.0
702.7633587367077	205.0
702.9846831341742	221.0
703.1912845327455	222.0
703.7180551178665	210.0
704.4803745767445	218.0
705.4548208326116	181.0
707.5202275138181	139.0
707.8934996874143	151.0
709.2639406878365	188.0
709.6968504495632	145.0
710.2920426343283	138.0
711.5910536492911	107.0
713.1885748078145	122.0
714.5537594357507	215.0
715.0766792148312	106.0
715.9208414463216	133.0
716.3140044358728	222.0
717.8190538122124	112.0
718.8360360398499	111.0
720.4821888461832	216.0
721.033307182658	220.0
721.3534639646812	213.0
721.667397227645	208.0
722.2313535956648	219.0
722.5783945280876	205.0
724.725886924164	206.0
724.7309557002369	223.0
725.3287743573175	212.0
725.9141372495195	217.0
726.2420796888555	218.0
726.5715267548463	221.0
726.875000000553	102.0
726.9500000005532	103.0
727.9017649305517	171.0
728.0501870874812	181.0
729.2168458402996	214.0
730.2882994686141	139.0
731.0590282126836	207.0
731.0750000005683	100.0
731.0750000005683	101.0
731.6744896355563	224.0
731.9216092054645	106.0
732.0008943460678	209.0
732.2207963828691	124.0
732.844518727661	210.0
733.4101526304706	145.0
733.7199123525875	211.0
736.6668625884848	138.0
736.8895035206592	133.0
738.1938370162458	122.0
738.3526328701248	151.0
738.3649233340228	112.0
739.1138902978107	111.0
740.379514228979	188.0
742.2114775683613	142.0
742.677732282379	183.0
742.8043555878827	107.0
745.1971993080743	208.0
745.9050417165626	210.0
746.25162781914	220.0
746.414727653325	223.0
747.2085426391211	188.0
747.2585209753245	215.0
747.678765942809	222.0
748.3298492045072	224.0
749.182437501869	218.0
749.2544199108828	219.0
750.2752056299682	205.0
750.9606609984364	217.0
751.003094642784	216.0
751.3330377881348	212.0
751.3526289888924	221.0
751.8444734458383	106.0
752.5067755828364	206.0
752.512717274871	211.0
752.9086257551205	209.0
753.4000019210599	133.0
754.4720173286935	213.0
754.5529549993901	207.0
755.3493911381594	124.0
755.4500000006569	102.0
756.466807168936	122.0
756.6486793039784	214.0
756.6994508540932	183.0
757.8750000006658	100.0
757.8750000006658	101.0
759.2604948670883	112.0
759.6880530293871	142.0
760.1998853143821	151.0
761.8603979435477	181.0
762.4915509214585	107.0
764.2866229704474	138.0
765.1557326021365	171.0
765.6389047420804	111.0
765.9325730534829	212.0
766.2555819275199	139.0
768.4710238817349	214.0
768.8738851499804	224.0
770.3042212341492	207.0
772.7606662685128	213.0
773.0966469693088	145.0
773.7080552579457	205.0
774.1102631710154	221.0
774.7872832272506	220.0
774.9440145746944	211.0
775.2111412500324	209.0
775.3069896161866	216.0
776.0946295252178	223.0
776.4184778804104	208.0
776.9709695602088	210.0
777.1049535802645	217.0
778.5524151391131	139.0
778.7620264766841	218.0
778.8415592444542	206.0
779.1405743669404	133.0
779.2277895083851	222.0
779.324432534648	183.0
779.9196622869026	124.0
780.4130833137502	215.0
780.6156548142286	188.0
780.9889184896467	219.0
781.6425824891767	142.0
782.681646165866	171.0
783.3335552761558	151.0
783.7415585891921	106.0
784.5075497255775	111.0
785.3523053241968	145.0
785.3804159325747	112.0
785.425000000766	100.0
785.425000000766	101.0
785.7250000007671	102.0
787.3396974165748	107.0
788.8246336222013	208.0
788.9077312290663	138.0
789.4452986154554	122.0
791.2840277397836	206.0
793.1229293868073	221.0
793.5444772637267	216.0
795.3394218746563	211.0
795.9799269628946	181.0
796.126511863437	224.0
797.6681822651467	210.0
799.1545846003145	207.0
799.3537765934101	220.0
799.4112225767769	138.0
800.1596550049372	212.0
801.0238839928413	145.0
801.137564839104	223.0
801.5031693246807	122.0
802.0317836866151	218.0
803.086502870526	214.0
803.3991805019617	222.0
804.4357858465869	142.0
804.4929854006631	124.0
804.9401960403071	215.0
805.2907111857114	171.0
805.5448768954932	217.0
806.4720735810772	213.0
806.6933193987271	112.0
807.1165862363513	133.0
807.4970323032671	205.0
807.9775269255153	219.0
808.1367154670756	183.0
808.1439270360366	188.0
808.3902018361747	139.0
808.4997504002378	151.0
811.1018656594842	111.0
811.1372664726116	209.0
811.3133852531851	106.0
812.4349105798193	205.0
812.7250000008653	100.0
812.7250000008653	101.0
812.8753433941803	181.0
813.9500000008697	102.0
816.2909509838641	214.0
816.4663287639381	107.0
818.5745762332285	220.0
821.347111625718	230.0
821.4264865502228	226.0
821.7500435424773	208.0
822.6898558470631	212.0
822.7736354011003	209.0
822.9329800044812	217.0
822.9727534207124	213.0
823.0366803118897	225.0
824.0152077925568	218.0
824.4934947217341	142.0
825.5764844598987	221.0
825.8749244261206	210.0
826.0474832248352	222.0
826.2183218843933	228.0
826.4382867361055	215.0
826.5539148363782	219.0
827.2506615202208	216.0
827.2756683468348	229.0
827.8204148997111	181.0
829.1014209780924	171.0
830.1857516700836	133.0
830.2850693033565	188.0
830.3523191100973	111.0
830.6083418381917	207.0
830.9425912681455	183.0
831.1359034494991	223.0
831.9901920991442	231.0
832.5616727252971	224.0
833.1065935809389	211.0
833.7688719076673	230.0
834.1139149365374	226.0
834.2349554313483	233.0
835.1246986823576	145.0
835.6781617011668	225.0
836.199227006267	139.0
836.3837129951893	206.0
836.5553421371238	124.0
836.8914701375508	107.0
837.5637672022285	232.0
837.791963424363	122.0
837.8728289633425	106.0
839.0327068509877	138.0
839.0890851991443	228.0
840.2921531960378	229.0
840.8807121144754	218.0
841.5836519188048	227.0
841.9390128219718	112.0
842.5227922967003	151.0
844.606779272158	223.0
844.6889250985556	138.0
844.9648490307495	215.0
845.715165202931	209.0
846.4984035502949	221.0
847.4001247775436	231.0
847.5187876554709	212.0
847.6796856348749	226.0
848.537337109204	211.0
849.1011821474002	205.0
849.3288428346578	224.0
849.8635080111713	230.0
850.1742349757027	222.0
850.2755948937149	210.0
850.8548678819443	208.0
851.0497687206966	206.0
851.2610324101734	213.0
851.6431092170867	228.0
851.6605470234517	233.0
851.7412819430725	232.0
851.9152087081002	142.0
852.0686251514044	207.0
852.144734909076	225.0
852.1536553106025	216.0
852.1653338204126	214.0
852.9757178598289	139.0
853.7676845031962	234.0
854.7775145607886	188.0
856.0992642813844	229.0
856.4579292879438	219.0
856.6544461960334	171.0
856.9343879507899	107.0
857.411088508531	151.0
858.2899940266117	111.0
859.0935943073048	227.0
859.8638459499232	181.0
860.0672323561832	220.0
860.6782570081932	217.0
861.1303317659135	122.0
861.6651359111513	133.0
862.0250000010446	2.0
862.0250000010446	28.0
862.0250000010446	46.0
862.0250000010446	76.0
862.2630766449597	106.0
862.4283504405248	112.0
862.5023595324839	145.0
863.207324527006	231.0
863.2938624538626	183.0
863.5794364145537	124.0
864.0750000010521	1.0
864.0750000010521	19.0
864.1000000010522	6.0
864.1000000010522	7.0
864.1000000010522	17.0
864.1000000010522	33.0
864.1000000010522	34.0
864.1000000010522	37.0
864.1000000010522	40.0
864.1000000010522	52.0
864.1000000010522	54.0
864.1000000010522	58.0
864.1000000010522	77.0
864.1000000010522	84.0
864.1000000010522	87.0
864.1000000010522	99.0
864.8000000010547	66.0
864.9452323241105	230.0
864.9750000010554	3.0
864.9750000010554	8.0
864.9750000010554	10.0
864.9750000010554	11.0
864.9750000010554	13.0
864.9750000010554	14.0
864.9750000010554	16.0
864.9750000010554	22.0
864.9750000010554	31.0
864.9750000010554	32.0
864.9750000010554	43.0
864.9750000010554	44.0
864.9750000010554	49.0
864.9750000010554	78.0
864.9750000010554	83.0
865.0695424964589	225.0
866.1000000010595	103.0
866.2525549159132	232.0
866.9768917001352	233.0
867.0161472512626	228.0
867.6333682824585	214.0
870.1471825810931	205.0
870.2684343425993	223.0
870.4750000010754	104.0
871.2227880898066	234.0
871.3582655524448	206.0
871.376228879768	211.0
872.21303807653	213.0
872.7420288193238	220.0
872.8765227954518	221.0
874.0593299290581	210.0
874.0702382799799	212.0
874.3072013769923	222.0
875.1725379125935	207.0
875.2298415017281	171.0
875.4658475136031	188.0
875.5326613168469	229.0
875.832609403702	218.0
876.0984395619622	227.0
877.1654669746669	217.0
877.541340448839	224.0
878.6940167999511	183.0
878.7168051864979	219.0
879.7237516751121	231.0
879.8276816917446	209.0
879.8577595070637	228.0
880.2776529439894	215.0
881.1201203319312	225.0
881.9729657796576	216.0
882.2389855038915	107.0
882.2521186700978	230.0
883.1984541819915	138.0
883.3700340584292	151.0
883.715845817254	142.0
884.7062932998765	208.0
884.850003206683	122.0
885.2816341586004	145.0
885.5966769978908	226.0
885.9467117886893	139.0
886.1639721167425	233.0
886.5734433880465	133.0
886.8266857784406	124.0
887.3472939216197	111.0
887.3980534449059	106.0
887.5185207209447	112.0
887.9733310240331	181.0
889.9750000011463	2.0
889.9750000011463	46.0
889.9750000011463	76.0
890.0000000011464	28.0
890.2500000011473	1.0
890.2500000011473	6.0
890.2500000011473	7.0
890.2500000011473	17.0
890.2500000011473	19.0
890.2500000011473	33.0
890.2500000011473	34.0
890.2500000011473	37.0
890.2500000011473	40.0
890.2500000011473	52.0
890.2500000011473	54.0
890.2500000011473	58.0
890.2500000011473	77.0
890.2500000011473	84.0
890.2500000011473	87.0
890.2500000011473	99.0
891.055601767429	227.0
891.0750000011503	103.0
891.4891124938924	219.0
892.1955664650998	220.0
892.2407795806895	207.0
892.4635545857757	229.0
893.16530263235	208.0
893.5629632520455	209.0
893.8762437035765	216.0
894.2332716180176	225.0
894.7136633097139	139.0
895.0348316118163	230.0
895.9278167375023	212.0
896.2001625630737	211.0
896.3267776127484	218.0
896.5241572278164	232.0
898.1284571950458	223.0
898.6657865266101	217.0
899.2040533551964	210.0
899.2087283056397	151.0
899.4732829657678	133.0
899.8547714169357	228.0
901.1742567247223	206.0
901.6207705471509	213.0
903.5980949349397	222.0
904.2216994277901	233.0
904.6014788399729	205.0
905.0594963380514	171.0
905.6090034562252	142.0
905.9488650354089	215.0
906.5910168468015	224.0
906.7587529998879	107.0
906.7788976328787	145.0
906.9270012787889	231.0
907.3035752409194	229.0
907.3455028618272	221.0
907.4325436898073	183.0
907.7432733064411	138.0
907.7451532076451	111.0
908.1211194278007	234.0
909.1173507188694	214.0
910.1397521908236	112.0
910.527514400613	188.0
911.6311855580188	106.0
912.7639695370832	181.0
913.5470343646476	124.0
913.7750000012329	2.0
913.7750000012329	28.0
913.7750000012329	46.0
913.7750000012329	76.0
916.09331765021	205.0
916.550000001243	103.0
916.7750000012438	1.0
916.7750000012438	19.0
917.1250000012451	7.0
917.1250000012451	17.0
917.1250000012451	33.0
917.1250000012451	52.0
917.1250000012451	58.0
917.1250000012451	84.0
917.1250000012451	87.0
917.1250000012451	99.0
917.1500000012452	6.0
917.1500000012452	34.0
917.1500000012452	37.0
917.1500000012452	40.0
917.1500000012452	54.0
917.1500000012452	77.0
918.0250000012484	104.0
919.6987023791563	122.0
919.7584524035855	208.0
920.8510670488373	218.0
920.9676006423587	207.0
922.2899999831183	221.0
923.1182271686322	214.0
923.132271473584	216.0
923.5656049174353	220.0
924.3459521369463	227.0
924.3851959013506	209.0
925.0149889388592	234.0
925.7965340514415	212.0
925.8906891664748	211.0
925.9417350934078	219.0
926.1817053179607	111.0
926.2024634147895	222.0
926.5559211972958	145.0
926.9993240993554	213.0
927.2480003229304	215.0
928.1714606633168	224.0
928.342419048867	223.0
928.5343304721634	124.0
928.6624322030724	106.0
928.6889589920041	171.0
928.7673553228599	206.0
928.8079499783746	181.0
929.853176629164	210.0
932.1750000012998	103.0
932.5561243608704	133.0
932.5789488026197	107.0
932.7797305479118	183.0
933.5873041895738	217.0
933.8992039693978	151.0
934.7633618887194	138.0
935.9043209914649	139.0
936.0291026875393	188.0
938.9219560994796	142.0
941.8006146217782	205.0
941.880819548837	122.0
941.9683017946393	112.0
942.2357936008502	208.0
943.2432621025357	213.0
945.2609068014721	218.0
945.5592629436027	221.0
947.4197160334847	224.0
947.503109983066	217.0
948.3379939952586	219.0
948.5818242563969	212.0
949.1785415958759	216.0
949.5093635903397	214.0
949.8176015575692	209.0
949.9781856323071	112.0
950.0680736595622	211.0
950.4282978733605	122.0
950.8636347539252	220.0
951.1572631658365	206.0
951.5005995660764	210.0
951.6212477599843	151.0
951.7992181064106	111.0
951.8097579513151	223.0
952.0190056822096	215.0
954.8247555783587	133.0
955.164825953426	207.0
955.3765107382801	138.0
956.4553682108012	171.0
957.1080708649773	222.0
957.6232480042792	124.0
958.1569090563446	142.0
958.2268920743036	188.0
958.4162577200983	139.0
960.1059889690853	145.0
961.3576732824173	107.0
962.0913169760115	181.0
963.2547815884911	106.0
964.375000001417	103.0
967.5722509615644	209.0
967.7304974985378	210.0
968.4377501680189	183.0
968.5833772118682	219.0
969.0440358680912	224.0
970.7702296366139	205.0
971.1990153303452	220.0
972.3934908355405	223.0
972.4718979272566	221.0
973.5741223277838	212.0
974.5506135725458	171.0
975.0322713639281	213.0
975.0743253891583	206.0
975.1444500494715	222.0
975.4468984050445	139.0
975.5757560753871	216.0
976.1200756821801	214.0
976.1443818075252	215.0
976.4684046777039	208.0
979.1000000014706	102.0
979.1167027058474	107.0
979.8251809172693	138.0
980.1169250065115	183.0
981.2202661775576	151.0
981.6920567068603	181.0
982.5338873426335	145.0
983.0606294334108	111.0
983.1203270416186	218.0
985.415626993369	207.0
985.6085579869872	217.0
985.7869315543521	211.0
986.4876108151317	188.0
987.2316978745721	142.0
987.7699207359085	124.0
987.9184179590343	106.0
988.4942691230596	215.0
989.6293074536832	213.0
992.0895876286402	122.0
992.9000000015208	100.0
992.9000000015208	101.0
993.303366845896	210.0
993.8427214566914	205.0
994.2886503229397	112.0
994.4556119120734	133.0
995.053157626576	220.0
995.2178411051613	214.0
997.3205895374891	222.0
998.4229617406096	209.0
1000.0846449146269	207.0
1000.6682287598542	181.0
1000.8354347418821	218.0
1001.7243158589679	211.0
1002.0832745549188	216.0
1002.5553236186497	219.0
1002.8185377862428	145.0
1003.820755868466	206.0
1004.1989683534506	217.0
1004.9542484390029	223.0
1005.1466357540771	212.0
1006.2503779826221	139.0
1006.4046461449421	188.0
1006.5855630093625	124.0
1006.7128755261311	112.0
1007.0670400831197	106.0
1007.7224393788865	133.0
1007.7302460808063	221.0
1010.7315590352644	224.0
1011.0749635430905	208.0
1011.131903792932	138.0
1011.1648702191754	142.0
1011.2394268365776	183.0
1011.5502226871787	107.0
1011.6844528326613	122.0
1012.0332811039412	111.0
1013.0000000015939	102.0
1013.3418374533749	151.0
1013.3950890695436	219.0
1014.9331620687285	171.0
1017.7250000016111	100.0
1017.7250000016111	101.0
1018.9563736721658	208.0
1019.740610755463	209.0
1019.8304766078088	211.0
1021.5591097806603	213.0
1021.6233726229212	107.0
1021.7856106162735	171.0
1022.0190517699361	212.0
1023.2335641523078	220.0
1024.2689150920648	210.0
1025.010595276334	205.0
1025.5033988254913	214.0
1025.6599360244818	217.0
1025.7097360280916	221.0
1026.1784390431033	223.0
1027.0123285545108	218.0
1027.0326345298367	215.0
1027.6022979430502	207.0
1028.9588641374442	216.0
1029.813830636125	183.0
1030.0571212810896	138.0
1030.2009686328029	224.0
1030.399855653769	181.0
1031.622869654963	111.0
1032.806126462363	206.0
1032.9071714409497	139.0
1033.1773637412923	112.0
1033.2029292641282	122.0
1033.2558686381012	106.0
1033.4442421867325	124.0
1034.0089255406544	222.0
1034.2277575140197	188.0
1037.75599502272	133.0
1038.0280971116613	151.0
1038.2956304258225	145.0
1038.4500000016865	104.0
1039.7603864687671	142.0
1041.1750000016964	102.0
1043.550000001705	100.0
1043.550000001705	101.0
1043.970519141417	214.0
1045.7920592304135	205.0
1046.495250122964	207.0
1047.0840077447374	183.0
1047.162425675903	223.0
1047.4673685389798	107.0
1047.4942233804857	215.0
1047.723790033918	221.0
1048.0696313210358	206.0
1048.224391150145	142.0
1048.463082366072	220.0
1048.9544807872446	212.0
1049.2529590107495	224.0
1049.6875830041304	208.0
1049.9959323650469	219.0
1050.3860887346614	188.0
1050.7021715703372	216.0
1050.719254864881	211.0
1051.073234235621	209.0
1051.2967406100543	145.0
1051.697636888241	217.0
1051.7603873900878	218.0
1052.1070577878907	111.0
1052.6900199646673	222.0
1053.2476682159559	213.0
1054.2393970388935	210.0
1055.267897016999	151.0
1055.7686123322799	112.0
1056.6696059175686	171.0
1060.9401781267109	124.0
1061.4126157814271	181.0
1062.702488449529	139.0
1063.9204767649417	122.0
1063.935612332606	212.0
1064.795526966393	106.0
1064.815415169011	208.0
1065.350808216593	138.0
1066.016454168503	133.0
1067.4360104265431	211.0
1067.667058881923	224.0
1069.2489716430287	220.0
1069.982149402553	222.0
1070.4477581486149	210.0
1070.6480143053466	217.0
1071.347111625718	230.0
1071.4264865502228	226.0
1072.0235186443786	218.0
1072.8962957911401	219.0
1073.0366803118898	225.0
1073.1478081890216	216.0
1073.909063349501	223.0
1074.075000001816	100.0
1074.075000001816	101.0
1074.684147927908	206.0
1074.7500000018185	102.0
1074.8217627734507	145.0
1075.5769845573714	142.0
1076.2183218843934	228.0
1076.3294947176494	181.0
1077.1939149382852	213.0
1077.255269969999	205.0
1077.275668346835	229.0
1077.3297215790801	221.0
1077.7041238648171	111.0
1079.1744622875894	214.0
1079.9945944158662	215.0
1080.0344866239375	183.0
1080.1515768827123	124.0
1080.329412169127	207.0
1080.7241663064792	107.0
1081.3115239180754	209.0
1081.8100617104124	112.0
1081.9901920991442	231.0
1082.5390929567338	188.0
1082.781772985478	138.0
1084.1001109254462	151.0
1084.2349554313485	233.0
1085.4056963632759	139.0
1085.4804713916021	171.0
1085.922643659964	106.0
1086.8157584882167	122.0
1087.1557253239848	133.0
1087.189003035441	225.0
1087.5637672022285	232.0
1089.3792164194713	229.0
1089.7497678715702	223.0
1091.3204636489088	230.0
1091.583651918805	227.0
1091.6956373936034	219.0
1092.3907247720538	226.0
1093.9538903377195	208.0
1093.9855891819627	228.0
1094.3193683197044	215.0
1095.1334856089536	218.0
1096.6541464450024	213.0
1096.6911200463549	210.0
1096.7381190914575	211.0
1096.8361317232122	221.0
1097.8567975874366	209.0
1098.1847864130139	206.0
1098.437687274186	231.0
1099.1090779409678	212.0
1099.3703718948032	217.0
1099.9590930575973	214.0
1100.6995482160612	233.0
1101.0108378708182	183.0
1102.332341149104	229.0
1102.399292644675	138.0
1103.1908250264232	224.0
1103.2023771622564	220.0
1103.2611476689522	205.0
1103.2619014275633	151.0
1103.3094133533878	222.0
1103.7425615928553	225.0
1103.7581519439673	207.0
1103.7676845031963	234.0
1103.922978780955	145.0
1104.6154264034549	181.0
1104.6712866489286	112.0
1105.0079064485017	232.0
1107.5983484834812	228.0
1107.9410929645103	124.0
1108.284521276802	227.0
1109.4291677182528	122.0
1110.6310393245046	133.0
1111.0057089687498	216.0
1111.1737318718945	230.0
1111.9638097166383	111.0
1112.7670389849654	139.0
1113.0452657234628	107.0
1113.3512207740823	106.0
1113.7937666885803	171.0
1114.7661527270893	231.0
1115.300000001966	2.0
1115.300000001966	28.0
1115.300000001966	46.0
1115.300000001966	76.0
1115.6000000019671	1.0
1115.6000000019671	6.0
1115.6000000019671	7.0
1115.6000000019671	17.0
1115.6000000019671	19.0
1115.6000000019671	33.0
1115.6000000019671	34.0
1115.6000000019671	37.0
1115.6000000019671	40.0
1115.6000000019671	52.0
1115.6000000019671	54.0
1115.6000000019671	58.0
1115.6000000019671	77.0
1115.6000000019671	84.0
1115.6000000019671	87.0
1115.6000000019671	99.0
1116.2469860660613	142.0
1117.0184523507394	232.0
1117.4851139591767	229.0
1117.7416686304866	226.0
1118.0750000019762	103.0
1118.4391568784056	218.0
1118.7750000019787	66.0
1118.9500000019793	3.0
1118.9500000019793	13.0
1120.0255143272798	225.0
1120.2000000019839	8.0
1120.2000000019839	10.0
1120.2000000019839	11.0
1120.2000000019839	14.0
1120.2000000019839	16.0
1120.2000000019839	22.0
1120.2000000019839	31.0
1120.2000000019839	32.0
1120.2000000019839	43.0
1120.2000000019839	44.0
1120.2000000019839	49.0
1120.2000000019839	78.0
1120.2000000019839	83.0
1120.3542314475555	208.0
1120.8174353864442	213.0
1121.2119735412716	188.0
1122.2846954953197	228.0
1123.1710369475502	233.0
1123.4109099348289	222.0
1123.872860179226	221.0
1124.050000001998	104.0
1124.1299012168024	207.0
1124.6295348220817	211.0
1124.7792579791708	210.0
1124.9533144031805	209.0
1125.170415287044	219.0
1126.0714170721064	215.0
1126.300000002006	103.0
1126.5861664097538	216.0
1126.6293304831017	234.0
1127.218669620838	205.0
1127.2387057663088	212.0
1128.0813355840535	214.0
1128.9752191941416	124.0
1128.999604122689	220.0
1129.3905825950126	230.0
1129.476485724189	224.0
1129.5532495518378	229.0
1130.0855731523325	122.0
1130.8215499757603	145.0
1131.425822490346	112.0
1131.7243372030887	183.0
1131.7644558439713	226.0
1131.8901161155673	231.0
1132.2393665554325	133.0
1132.3922570303182	206.0
1133.4838063163606	217.0
1133.6119679496535	225.0
1134.0577834494723	106.0
1134.522214311704	227.0
1134.5249966078932	188.0
1134.8297110072267	111.0
1134.8564008665226	138.0
1135.0282174251975	232.0
1135.7242141067575	228.0
1136.6911625121418	142.0
1137.2102236573526	151.0
1137.6848835214785	223.0
1137.7332900384383	171.0
1138.0328561387469	181.0
1139.3006055677265	215.0
1141.6579573006695	107.0
1142.225000002064	2.0
1142.225000002064	46.0
1142.225000002064	76.0
1142.250000002064	28.0
1143.0344176671122	222.0
1143.2086310195677	217.0
1145.0709810721526	207.0
1145.4747346678662	139.0
1145.9162001208772	233.0
1146.891091488628	212.0
1147.717953098019	209.0
1148.013914450095	224.0
1148.45697927493	124.0
1148.6061309821837	229.0
1149.3047276809343	219.0
1149.6970872470877	210.0
1149.7500000020914	103.0
1149.801013933709	230.0
1150.98156894127	214.0
1151.2386217582127	218.0
1151.4124734534068	206.0
1151.5806651889018	211.0
1151.6174160139092	227.0
1151.6317554800983	171.0
1153.7072715951972	220.0
1154.081668527862	151.0
1154.3364104556078	213.0
1154.4964486179308	216.0
1155.253504739666	208.0
1155.7191786987128	111.0
1155.9279071074798	223.0
1156.385105530392	232.0
1156.866258383159	205.0
1157.2851248931045	221.0
1157.7481352363225	145.0
1157.8336720221653	122.0
1158.6968938024256	234.0
1159.0990799843294	181.0
1159.3092716142858	183.0
1159.808722634341	133.0
1160.0965379925785	142.0
1160.899522459987	188.0
1161.148154663038	107.0
1161.7677140040587	139.0
1162.0789517879907	138.0
1164.4455310957435	106.0
1164.4596616643278	112.0
1164.4946168107813	216.0
1165.4000000021483	2.0
1165.4000000021483	28.0
1165.4000000021483	46.0
1165.4000000021483	76.0
1166.4750000021522	1.0
1166.4750000021522	6.0
1166.4750000021522	7.0
1166.4750000021522	17.0
1166.4750000021522	19.0
1166.4750000021522	33.0
1166.4750000021522	37.0
1166.4750000021522	40.0
1166.4750000021522	52.0
1166.4750000021522	54.0
1166.4750000021522	58.0
1166.4750000021522	84.0
1166.4750000021522	87.0
1166.4750000021522	99.0
1166.5000000021523	34.0
1166.5000000021523	77.0
1166.6034244377456	227.0
1167.0999709495302	215.0
1168.8000000021607	103.0
1169.1695395436102	223.0
1169.885124325834	206.0
1171.4941168691305	145.0
1172.5554207524274	210.0
1173.403656470054	218.0
1173.6359077968739	213.0
1174.204333474692	219.0
1174.3488025292145	212.0
1174.8000000021825	104.0
1174.8390631665095	209.0
1175.2961128552026	220.0
1175.460132741466	142.0
1175.7156788396194	221.0
1176.535810188675	181.0
1176.7007191453285	211.0
1177.3701894191377	222.0
1178.3230588628985	214.0
1179.3874053250318	207.0
1179.4222651660384	112.0
1179.4630663209648	217.0
1181.4442131029814	234.0
1181.4788928189287	151.0
1181.7742591374006	124.0
1182.0100118246212	133.0
1182.9079332650806	208.0
1183.839170997689	106.0
1184.5968415280663	224.0
1185.028579891309	139.0
1185.12626254263	111.0
1185.8562050247672	205.0
1186.0610095071374	138.0
1186.4764831675825	188.0
1187.233503556018	122.0
1190.2849932154375	171.0
1190.4651421668025	183.0
1191.2172238041524	107.0
1192.0935773106817	220.0
1194.0500000022525	103.0
1195.2135635734724	207.0
1195.9665718637987	210.0
1196.90236061776	215.0
1197.6315655923465	214.0
1197.6534812506156	222.0
1198.1028342561317	111.0
1199.7465442762452	205.0
1200.326470934794	206.0
1201.1494701143931	216.0
1201.2894661732032	208.0
1201.7988545450905	224.0
1202.2519842398754	221.0
1202.9758284162522	209.0
1202.9966037916583	219.0
1203.2717691932548	213.0
1203.3625154255064	223.0
1203.7156924765745	218.0
1203.812665418444	145.0
1204.230755292913	217.0
1204.298102825549	212.0
1204.4643768017695	151.0
1205.1544512075156	211.0
1207.9218033276552	139.0
1208.2271242977488	106.0
1208.6135625450866	107.0
1208.666521439525	133.0
1210.0261678269933	181.0
1210.2099554138329	142.0
1211.0893155189285	112.0
1211.1575254101294	124.0
1211.6007375813429	171.0
1214.7105733047017	212.0
1214.946495948556	183.0
1217.0810240662597	138.0
1217.3863270195443	208.0
1217.5970450136217	215.0
1217.803587732899	219.0
1217.9847806050527	122.0
1218.6554393245565	220.0
1219.393911711455	223.0
1219.6557588755088	205.0
1220.2356446798415	224.0
1221.4817611571557	213.0
1221.8643940270244	171.0
1222.4827072199967	216.0
1223.6430130766962	218.0
1223.7787901879408	206.0
1224.3250000023627	103.0
1224.8022645347214	214.0
1224.8755630327755	188.0
1225.238893112156	221.0
1225.6750000023676	102.0
1226.5826684002602	133.0
1227.3500000023737	100.0
1227.3500000023737	101.0
1227.6766129624914	211.0
1227.7482214238496	142.0
1227.749677972756	151.0
1227.9529883248774	222.0
1228.4433651560396	217.0
1230.4868410676688	107.0
1230.6868651462535	209.0
1231.5277046897447	112.0
1231.5628628900433	145.0
1232.3771412527885	181.0
1232.7230318779352	210.0
1233.346830014448	111.0
1233.7017577600398	207.0
1233.8426739682682	106.0
1235.181327316774	188.0
1236.6786005775896	124.0
1237.0225212361488	122.0
1239.7418714731302	139.0
1240.472637062884	183.0
1241.3218393616644	138.0
1241.6980401261196	223.0
1242.3490372323454	209.0
1244.345363294708	205.0
1244.4142063275456	213.0
1244.9960634668037	211.0
1245.7146922548784	210.0
1246.669409407609	216.0
1246.9078143536403	220.0
1248.3572327944553	206.0
1248.6098755306618	208.0
1249.2913987449901	112.0
1249.4224952112972	224.0
1249.6479024820057	221.0
1250.7587630370565	145.0
1251.9588448449902	222.0
1252.3796031435595	218.0
1252.5922896038683	215.0
1253.1628064296017	217.0
1253.7875580163698	219.0
1253.8886856417162	107.0
1253.91861273806	214.0
1254.5722897254693	212.0
1254.842476837756	207.0
1255.3827242012887	183.0
1255.4656127358985	111.0
1255.998750240762	181.0
1256.329716380972	142.0
1257.175765853531	171.0
1258.500000002487	102.0
1258.8194026424092	139.0
1259.5000000024907	100.0
1259.5000000024907	101.0
1259.5485286826568	151.0
1260.6635740848567	138.0
1261.429333009814	124.0
1262.9491931437476	133.0
1262.9669748692938	106.0
1263.3605789988083	122.0
1268.3059193983745	188.0
1269.162104269471	214.0
1269.5110174540341	139.0
1269.6132871693126	213.0
1271.2565919823853	220.0
1271.850528090684	205.0
1271.9417890759564	222.0
1273.0157309809756	207.0
1273.1287389112279	209.0
1273.4303158225355	223.0
1273.4792927263718	206.0
1273.5460048519474	208.0
1275.1411866097144	211.0
1275.2087006654453	218.0
1275.5582994745848	224.0
1275.903015295549	215.0
1277.3524511569826	216.0
1278.5095692737518	212.0
1279.7100379498406	217.0
1280.0741783830172	221.0
1281.091594845749	219.0
1281.6142826971166	210.0
1281.9751816114087	107.0
1283.3595785951845	145.0
1284.1835941552793	111.0
1284.20044449481	138.0
1285.3357976224986	112.0
1285.8154344341465	151.0
1285.8345336838747	171.0
1286.8454941925675	124.0
1287.4957200007268	106.0
1287.7235354710874	122.0
1288.3171368321255	181.0
1289.132830229933	133.0
1289.1758088734694	188.0
1289.5234971811028	142.0
1290.1058965772304	211.0
1290.9295475102151	215.0
1290.967955799066	183.0
1291.0027349056777	224.0
1291.0663284947884	221.0
1291.775000002608	100.0
1291.775000002608	101.0
1292.825000002612	102.0
1294.0137358652628	207.0
1295.300109624483	220.0
1296.0026567607888	209.0
1297.890573930637	106.0
1299.407390508852	214.0
1299.422196565748	210.0
1299.8946257188609	138.0
1300.725873031443	219.0
1300.9385230688224	216.0
1301.6570320312092	218.0
1301.8678565778785	217.0
1301.9384802114987	208.0
1302.762727062089	112.0
1302.8025313432067	142.0
1303.0222674580293	213.0
1304.383479054167	222.0
1305.7734584813738	122.0
1306.1581953760383	212.0
1306.2664434423116	223.0
1306.3128472034032	181.0
1306.3238604537378	205.0
1306.4233635312778	206.0
1309.6309289000724	133.0
1309.792841520342	111.0
1310.2451906449269	139.0
1311.148903249524	145.0
1312.0854833142912	188.0
1312.1084743648298	183.0
1312.9064015667188	151.0
1313.3937216995425	171.0
1313.9786471600316	124.0
1317.1095942881545	209.0
1318.0852888924196	221.0
1318.0942782928678	219.0
1318.1102119602863	107.0
1318.6448826854134	207.0
1319.4250000027087	100.0
1319.4250000027087	101.0
1320.4284315930877	218.0
1320.8851098544494	224.0
1321.347111625718	230.0
1321.4264865502228	226.0
1322.7941739799746	210.0
1323.0366803118898	225.0
1323.650000002724	102.0
1324.2863387957584	211.0
1325.781545110015	216.0
1326.2183218843934	228.0
1326.601232143923	214.0
1326.656277701847	212.0
1326.846801711764	145.0
1327.275668346835	229.0
1327.3665388376078	223.0
1327.4659135785137	138.0
1327.9589529243103	213.0
1328.5391163040379	133.0
1329.2958372314004	205.0
1329.8816684770445	208.0
1331.2599666444241	106.0
1331.4510489834165	183.0
1331.9901920991442	231.0
1332.3383080172032	220.0
1332.3647846560293	222.0
1333.1924803100223	107.0
1333.458026097148	206.0
1333.7973948144845	215.0
1333.927392150064	142.0
1334.2349554313485	233.0
1334.9142221487257	217.0
1334.9867990573966	111.0
1335.1759228842448	225.0
1335.2145340986604	122.0
1336.0105750312737	226.0
1337.2345244188077	188.0
1337.2902420700402	171.0
1337.5637672022285	232.0
1338.2894674070187	228.0
1339.7387622473368	181.0
1340.0207957631653	124.0
1340.565244001901	151.0
1340.5766965570476	216.0
1340.7877827541706	139.0
1340.8264142878957	212.0
1341.583651918805	227.0
1344.08190948851	217.0
1344.5384395608858	214.0
1344.9057552171298	208.0
1345.1011335724006	112.0
1345.6313705319683	207.0
1346.7334202581135	231.0
1346.7696605984204	210.0
1346.802825553877	229.0
1346.9158030495307	233.0
1347.1794281766263	230.0
1348.0899118051068	221.0
1348.3613144902781	224.0
1349.5243076553384	171.0
1349.6858282645055	215.0
1350.6225076176163	142.0
1350.971771039051	225.0
1351.1189402438988	211.0
1351.1456604083114	232.0
1351.4982890044957	124.0
1352.3233896525192	223.0
1352.3594435073517	206.0
1352.4851743235859	220.0
1353.6945307554113	213.0
1353.7676845031963	234.0
1354.080450510071	228.0
1354.2542973012899	222.0
1354.6681533119724	106.0
1354.8858915720145	205.0
1354.9661624867347	151.0
1355.1655108863233	111.0
1356.6277369083193	122.0
1356.998351599998	209.0
1358.224119831082	112.0
1358.2894793901578	139.0
1358.4382542245198	145.0
1358.5337837273767	181.0
1359.0131519288143	183.0
1360.006880510599	188.0
1360.5865339407658	218.0
1360.6662791326958	230.0
1360.9577087120306	226.0
1361.1424578236208	219.0
1361.3750000028613	2.0
1361.3750000028613	28.0
1361.3750000028613	46.0
1361.3750000028613	76.0
1361.600000002862	1.0
1361.600000002862	6.0
1361.600000002862	7.0
1361.600000002862	17.0
1361.600000002862	19.0
1361.600000002862	33.0
1361.600000002862	34.0
1361.600000002862	37.0
1361.600000002862	40.0
1361.600000002862	52.0
1361.600000002862	54.0
1361.600000002862	58.0
1361.600000002862	77.0
1361.600000002862	84.0
1361.600000002862	87.0
1361.600000002862	99.0
1362.397396182478	138.0
1363.1070227723317	231.0
1363.5324922890986	229.0
1363.9250000028705	103.0
1363.9686311659384	107.0
1364.7000000028734	66.0
1364.8250000028738	3.0
1364.8250000028738	13.0
1365.5750000028765	8.0
1365.5750000028765	10.0
1365.5750000028765	11.0
1365.5750000028765	14.0
1365.5750000028765	16.0
1365.5750000028765	22.0
1365.5750000028765	31.0
1365.5750000028765	32.0
1365.5750000028765	43.0
1365.5750000028765	44.0
1365.5750000028765	49.0
1365.5750000028765	78.0
1365.5750000028765	83.0
1365.6163575174076	217.0
1365.7089422232268	133.0
1366.6237378229137	232.0
1366.8880339038824	227.0
1368.9814659731194	233.0
1369.6044674818763	206.0
1369.9305165038322	219.0
1369.9916810923412	225.0
1370.0500000028928	104.0
1370.5284883544302	223.0
1370.7997776578297	215.0
1371.6548869742223	212.0
1371.6750000028987	103.0
1372.3233385648853	234.0
1374.0435125423062	222.0
1374.3314036613408	214.0
1374.899709916754	213.0
1375.5206682341952	221.0
1375.7156205397496	122.0
1375.7217674356527	230.0
1376.157881211666	209.0
1376.371786288103	220.0
1376.4800489145282	218.0
1376.9267007203275	226.0
1377.0463853648048	181.0
1377.1659090534442	210.0
1377.4962193001372	106.0
1378.1114588018454	228.0
1378.316673958262	124.0
1378.4500712088395	205.0
1378.8432860424584	211.0
1379.024180878808	227.0
1379.4535793072157	216.0
1379.4975277362157	224.0
1380.4748756032627	207.0
1380.4868970079378	151.0
1383.1257229126504	138.0
1383.7503325216856	142.0
1383.8929262605245	133.0
1383.941956851308	233.0
1384.36294945055	111.0
1384.6382942439698	225.0
1385.3150825465502	171.0
1385.7593000163693	139.0
1386.0803250342433	208.0
1386.5170630586597	107.0
1386.5380214907123	188.0
1388.2312964789876	229.0
1388.4272594864676	230.0
1388.7846235149473	183.0
1389.442348459348	234.0
1389.7570449867214	112.0
1391.068699503036	145.0
1392.0250000029728	2.0
1392.0250000029728	46.0
1392.0250000029728	76.0
1392.0500000029729	28.0
1394.0736353206444	227.0
1394.3026369851943	214.0
1394.3651768076015	221.0
1394.3726370047937	226.0
1394.385646937387	228.0
1395.4109992494318	219.0
1397.2526103257205	210.0
1397.6715168765654	213.0
1397.7250000029935	103.0
1398.3190247377036	225.0
1398.3968486556062	208.0
1398.7087375616059	216.0
1398.7268612147907	217.0
1399.3471382196738	206.0
1399.5012098119737	211.0
1400.663233991898	222.0
1400.8289643983142	151.0
1400.9312911467312	220.0
1400.9946358476275	212.0
1401.6729663561314	224.0
1401.7375681281105	223.0
1401.7766705688261	209.0
1401.8277157757193	230.0
1402.3355515123164	231.0
1402.576150089022	106.0
1402.6565449761417	234.0
1403.4141715820497	218.0
1404.3529785394844	139.0
1404.6782040758635	188.0
1405.3165662748804	171.0
1406.9343196117645	233.0
1406.9655287982105	215.0
1407.3385090174977	207.0
1407.533459761233	227.0
1408.2200303239383	138.0
1408.2567538997803	232.0
1409.1803671092814	205.0
1409.1967854129148	145.0
1409.4306779588783	111.0
1409.9811836164681	124.0
1410.7621230641405	122.0
1411.0548403947266	112.0
1411.493128959119	107.0
1411.8018596777563	181.0
1413.2673117974807	183.0
1415.4174800589972	222.0
1415.9000000030596	2.0
1415.9000000030596	28.0
1415.9000000030596	46.0
1415.9000000030596	76.0
1416.103672880468	133.0
1416.4250000030615	7.0
1416.4250000030615	17.0
1416.4250000030615	33.0
1416.4250000030615	52.0
1416.4250000030615	58.0
1416.4250000030615	84.0
1416.4250000030615	87.0
1416.4250000030615	99.0
1416.4500000030616	1.0
1416.4500000030616	6.0
1416.4500000030616	19.0
1416.4500000030616	34.0
1416.4500000030616	37.0
1416.4500000030616	40.0
1416.4500000030616	54.0
1416.4500000030616	77.0
1418.58946339076	208.0
1418.690234879984	221.0
1418.9000000030705	103.0
1419.8355506686391	210.0
1420.7509213066585	234.0
1420.93545313545	207.0
1421.589158083622	142.0
1422.6540004386202	218.0
1422.7536513248524	220.0
1423.7765321495278	217.0
1423.850048302827	216.0
1424.2031093687724	181.0
1424.3910852472911	215.0
1425.3060106608266	223.0
1426.0250000030965	104.0
1426.630498007997	213.0
1426.7222696619551	205.0
1426.9835168533518	224.0
1427.0127586128285	214.0
1427.6477896388812	145.0
1427.8366341688595	211.0
1428.1968084621458	212.0
1428.6880613769958	138.0
1428.7030109612836	151.0
1429.6410449456757	219.0
1431.0054992878888	206.0
1432.5714288969493	112.0
1432.7025261629128	209.0
1434.3781673879366	107.0
1434.497301354291	142.0
1437.8910203618746	122.0
1437.953119746818	111.0
1438.1634994831538	139.0
1438.5037056925607	171.0
1438.7683626339185	133.0
1439.9513219829046	124.0
1440.261325920767	188.0
1441.382115684729	212.0
1441.3874188397417	209.0
1444.0905075378673	207.0
1444.2844855705966	222.0
1445.6158322146282	206.0
1445.7500000031682	103.0
1446.8559911125492	214.0
1446.8865266783116	183.0
1447.1579988997878	106.0
1449.0424858766603	213.0
1450.0359374106838	107.0
1450.3630922228583	205.0
1451.7814167224255	215.0
1452.2927012457164	208.0
1452.3078185660859	217.0
1452.5223824133336	221.0
1453.7873717582215	111.0
1454.3339388258503	139.0
1454.5196685911455	224.0
1454.6607005554497	223.0
1454.8842266622057	124.0
1454.9085593489997	210.0
1455.1523701110139	181.0
1455.2747592110024	216.0
1455.609420948414	183.0
1455.6455167069462	151.0
1455.9296490165302	171.0
1455.970764253486	211.0
1457.3730108299703	145.0
1457.9601239928663	218.0
1457.9889208355912	220.0
1459.2583666503824	122.0
1459.413792387355	188.0
1461.707220825307	219.0
1463.4871874388846	106.0
1463.9494994262495	142.0
1464.7250000032373	102.0
1465.1955387496669	112.0
1466.1214902824102	220.0
1466.6114343074594	138.0
1467.7304176607909	221.0
1468.0744418897207	133.0
1468.8308473666418	211.0
1469.1350773699642	222.0
1471.3600979090074	213.0
1472.172511665503	206.0
1472.6106248645594	216.0
1472.9769644691194	205.0
1473.4544899619932	219.0
1473.5053664786824	171.0
1474.820459127931	223.0
1475.1260745851012	145.0
1475.6671191713672	214.0
1476.1250000032787	100.0
1476.1250000032787	101.0
1476.3599387272056	218.0
1476.6750000032807	103.0
1477.7349597103162	207.0
1478.637301049218	224.0
1479.1071174510014	215.0
1481.3436797053537	107.0
1481.4673136408562	212.0
1481.51268551488	133.0
1481.7328591975129	208.0
1482.4704670041067	122.0
1482.8851754439431	139.0
1483.5617694462348	106.0
1483.9721600271773	210.0
1484.2609587676966	183.0
1484.3212062098899	124.0
1484.594398738031	209.0
1485.399205759626	181.0
1485.6538123381583	111.0
1486.501523023802	217.0
1487.3626804306207	223.0
1487.4850326319918	142.0
1487.6802390900607	138.0
1489.8539528187723	112.0
1489.9731178692314	151.0
1491.8574940231624	220.0
1491.8677067500896	188.0
1493.04234667541	219.0
1493.5500000033421	102.0
1494.2995314553834	213.0
1495.1288306929916	224.0
1495.1842911833185	210.0
1495.252930226416	212.0
1498.0970195044408	206.0
1498.532781835679	216.0
1498.8262186715547	221.0
1499.1449340336403	209.0
1500.5437977081667	217.0
1500.7158120420136	222.0
1500.8645111286025	214.0
1502.7336078335195	218.0
1502.9251017250867	215.0
1502.9718695201775	112.0
1504.3006989744947	181.0
1505.1668482253676	139.0
1505.2824769147326	133.0
1505.8439409598595	207.0
1507.2879630817677	211.0
1507.9153792175496	183.0
1508.2020590793145	145.0
1508.5132219528998	208.0
1509.2749282893967	138.0
1510.0124753152973	107.0
1510.0161535736388	124.0
1510.1429887457812	106.0
1510.2394097045815	151.0
1511.434644945788	171.0
1511.5637954247204	205.0
1511.6021602094377	122.0
1513.025000003413	100.0
1513.025000003413	101.0
1516.0877175522373	142.0
1519.0027306967227	111.0
1520.8205844942645	210.0
1521.2292351113488	211.0
1521.3325067956746	212.0
1521.5797794071157	188.0
1523.617117430439	214.0
1524.3807408280743	215.0
1524.8919755034874	181.0
1525.4278146152853	206.0
1525.918988755052	220.0
1525.944196219021	213.0
1526.1361177823924	224.0
1526.2002250815772	208.0
1526.3509450133631	188.0
1527.7000000034664	102.0
1528.2652759692799	223.0
1529.6757848438008	145.0
1529.914664902168	205.0
1530.0970260901593	216.0
1530.6802816982529	221.0
1530.6987844386767	183.0
1531.0295062919397	207.0
1531.0576131636985	133.0
1531.2391484721074	112.0
1531.3975658218837	209.0
1531.9757382963815	107.0
1532.1814886211737	138.0
1532.6146358399742	106.0
1532.6926623878674	124.0
1532.7726494162882	218.0
1533.0068568337977	151.0
1533.2884880575016	217.0
1534.0846344553047	171.0
1534.6558421704058	111.0
1535.9277847840908	219.0
1537.328543451321	142.0
1538.1500000035044	100.0
1538.1500000035044	101.0
1538.2310051948464	139.0
1540.6090638435649	222.0
1541.3466207730232	219.0
1544.360647687932	222.0
1544.758003376097	218.0
1544.7972058569712	216.0
1545.7187375089002	224.0
1545.801479784008	223.0
1546.1558793138831	212.0
1546.3356280169737	221.0
1546.6441468588737	207.0
1548.2860885331409	205.0
1548.3399097615243	208.0
1548.3647566195953	122.0
1550.0074852235605	112.0
1550.2102706737846	211.0
1551.2516865054288	214.0
1552.9859691983252	220.0
1554.0553160473794	213.0
1554.4202580004592	210.0
1554.5855487376043	171.0
1554.7354836064046	188.0
1555.2315127954705	106.0
1555.2664147446412	151.0
1555.3192303427895	206.0
1555.588148096567	215.0
1555.9094598776671	209.0
1556.0270916728193	111.0
1556.0663089197815	217.0
1556.3154166941042	145.0
1558.2893858726202	107.0
1558.9649061234	133.0
1560.4102244551373	138.0
1560.7153537700801	139.0
1560.7750000035867	102.0
1561.0580632821284	124.0
1561.21223283214	183.0
1561.218172202742	122.0
1561.8899437814805	142.0
1563.1051330410642	181.0
1564.7500000036011	100.0
1564.7500000036011	101.0
1569.1902762530801	221.0
1569.717129319015	211.0
1571.347111625718	230.0
1571.4264865502228	226.0
1571.7321700931086	206.0
1572.6259280385063	218.0
1573.0366803118898	225.0
1574.1721511983546	222.0
1575.239102373601	112.0
1575.4757039119231	220.0
1575.602788912212	219.0
1575.692725996319	224.0
1576.0116749645367	210.0
1576.2183218843934	228.0
1576.4177514172325	212.0
1577.275668346835	229.0
1577.5142450783549	217.0
1578.6141018148844	205.0
1578.664766521325	138.0
1578.811900723714	216.0
1578.963674129019	223.0
1579.8806916211145	122.0
1580.0286162215805	214.0
1580.0799819319554	209.0
1580.1612254469765	151.0
1581.0237567334173	213.0
1581.4280168431021	207.0
1581.5833317112354	208.0
1581.8821551285848	111.0
1581.9901920991442	231.0
1582.0816477805367	124.0
1582.2288503235345	215.0
1583.6287422924836	188.0
1583.7199800665312	181.0
1584.2349554313485	233.0
1584.6382608006172	139.0
1585.264811094106	183.0
1585.6405768233722	142.0
1585.707859070659	226.0
1586.3271371794658	107.0
1587.350180768507	171.0
1587.5637672022285	232.0
1589.5089174743048	230.0
1591.2445144808858	228.0
1591.583651918805	227.0
1591.7065712432752	145.0
1592.1178736535026	229.0
1592.4880359286817	214.0
1593.1266434464198	133.0
1593.7906144878145	225.0
1594.195677847004	220.0
1595.7754448096066	210.0
1595.9530700315195	216.0
1597.306195963988	209.0
1597.6055459472643	233.0
1597.706877611233	183.0
1598.7220639646926	215.0
1598.77450098778	208.0
1599.1112114218486	221.0
1599.1443422637183	211.0
1599.2618866729583	219.0
1599.4325374146665	145.0
1599.561208559754	218.0
1599.7682116874805	106.0
1599.8209072815907	222.0
1600.2982936583855	223.0
1600.4843284751132	212.0
1600.6853288286404	226.0
1600.8348309613016	112.0
1600.9390423009881	133.0
1601.2946348894102	205.0
1602.1168682589484	207.0
1602.8490782914369	231.0
1603.7676845031963	234.0
1604.2756843359389	124.0
1604.3648691529384	227.0
1604.767502740863	139.0
1604.8797028450558	224.0
1605.704797782969	217.0
1605.967354896596	138.0
1606.122579322662	213.0
1606.3110453416546	171.0
1606.8449316220583	230.0
1607.3677878586998	232.0
1607.9500000037583	2.0
1607.9500000037583	28.0
1607.9500000037583	46.0
1607.9500000037583	76.0
1608.7304518795067	228.0
1609.1742856664532	206.0
1609.4500000037638	1.0
1609.4500000037638	6.0
1609.4500000037638	7.0
1609.4500000037638	17.0
1609.4500000037638	19.0
1609.4500000037638	33.0
1609.4500000037638	34.0
1609.4500000037638	37.0
1609.4500000037638	40.0
1609.4500000037638	52.0
1609.4500000037638	54.0
1609.4500000037638	58.0
1609.4500000037638	77.0
1609.4500000037638	84.0
1609.4500000037638	87.0
1609.4500000037638	99.0
1609.8674894155902	181.0
1610.1660992003208	151.0
1610.797843636467	225.0
1611.487213924312	111.0
1611.8500000037725	103.0
1614.0166735956395	233.0
1614.813463690204	122.0
1615.1838460801312	142.0
1615.5342843432882	211.0
1615.5408846420833	215.0
1616.9588730802927	107.0
1616.9610663544597	188.0
1617.0549236262775	219.0
1618.519846200448	227.0
1619.6790523917011	106.0
1620.2730163343435	205.0
1620.577120464444	216.0
1622.8761735708772	231.0
1623.420043943753	220.0
1624.0191673629988	230.0
1624.112384858766	234.0
1624.2000000038174	104.0
1624.4689290844826	221.0
1625.375702034101	213.0
1625.5440975419326	208.0
1625.7725120718278	206.0
1625.9122815385556	232.0
1626.1740826526088	225.0
1626.31782751511	222.0
1626.66062525365	224.0
1626.7598116435402	124.0
1626.7761926626538	228.0
1627.0802849678314	207.0
1627.1382567494431	214.0
1628.0733507817042	112.0
1628.4234555269848	210.0
1628.5793099370326	111.0
1628.6184023794995	218.0
1628.971032549301	229.0
1628.9969992671683	188.0
1629.74583795817	183.0
1629.773288928118	212.0
1630.4958036824723	142.0
1630.6629716898249	226.0
1630.9846513556154	107.0
1631.3410897542008	106.0
1632.0624219748356	223.0
1632.862876808646	133.0
1633.3020558773246	217.0
1633.8624905401923	138.0
1634.0979774840112	181.0
1634.8289357513195	209.0
1635.5091204778562	145.0
1635.6547284487547	151.0
1636.6706161470877	233.0
1636.770089257501	122.0
1636.975000003864	2.0
1636.975000003864	28.0
1636.975000003864	46.0
1636.975000003864	76.0
1637.4468504087852	234.0
1638.7250000038703	1.0
1638.7250000038703	6.0
1638.7250000038703	7.0
1638.7250000038703	17.0
1638.7250000038703	19.0
1638.7250000038703	33.0
1638.7250000038703	34.0
1638.7250000038703	37.0
1638.7250000038703	40.0
1638.7250000038703	52.0
1638.7250000038703	54.0
1638.7250000038703	58.0
1638.7250000038703	77.0
1638.7250000038703	84.0
1638.7250000038703	87.0
1638.7250000038703	99.0
1639.6063777130992	231.0
1640.4250000038764	103.0
1641.6343154990095	208.0
1641.701936295955	227.0
1641.9854557141518	228.0
1642.2322679610004	171.0
1642.660173883709	205.0
1645.0462245250571	214.0
1645.1859910540832	221.0
1645.3990264231163	230.0
1645.4455723095134	215.0
1646.9183459418255	139.0
1646.9921660613745	210.0
1647.1794496896403	225.0
1647.8012228681957	220.0
1648.008479827773	213.0
1648.2638256932257	209.0
1648.3054901008686	226.0
1649.2352417523334	216.0
1649.4908714166004	207.0
1649.5573660750836	232.0
1649.8804220830405	234.0
1649.8909053193877	224.0
1650.7154343363882	222.0
1651.2486862698418	106.0
1651.9573902031195	211.0
1651.9973861536507	223.0
1652.3514743524963	138.0
1653.4731074020317	219.0
1653.5518049644174	107.0
1654.3984512621764	145.0
1654.430011184051	218.0
1654.5383122373846	227.0
1654.5794868259877	206.0
1654.795673503209	231.0
1655.2891101220835	188.0
1655.8162095079515	229.0
1655.8957397794074	212.0
1656.0542846600326	112.0
1658.739448162755	233.0
1659.0058695581745	111.0
1659.3182213671294	124.0
1659.531178444115	122.0
1659.6757294647114	171.0
1660.3429064083862	139.0
1660.3890811760316	181.0
1661.0030013035266	183.0
1661.0871438397908	217.0
1661.8132864210002	133.0
1662.4911627163196	232.0
1663.5574765374388	234.0
1663.7000000039611	2.0
1663.7000000039611	28.0
1663.7000000039611	46.0
1663.7000000039611	76.0
1664.5443163070263	151.0
1664.5500000039642	1.0
1664.5500000039642	6.0
1664.5500000039642	7.0
1664.5500000039642	17.0
1664.5500000039642	19.0
1664.5500000039642	33.0
1664.5500000039642	34.0
1664.5500000039642	37.0
1664.5500000039642	40.0
1664.5500000039642	52.0
1664.5500000039642	54.0
1664.5500000039642	58.0
1664.5500000039642	77.0
1664.5500000039642	84.0
1664.5500000039642	87.0
1664.5500000039642	99.0
1666.4980667807074	142.0
1666.6000000039717	103.0
1667.2000000039739	66.0
1667.8750000039763	3.0
1667.8750000039763	13.0
1668.3425108357847	219.0
1669.4072004176649	213.0
1669.8506145993117	224.0
1670.0453590041323	218.0
1671.2642140538708	183.0
1671.271981065723	208.0
1671.5131717788001	216.0
1672.2250000039921	104.0
1673.050712698845	206.0
1673.53187179332	223.0
1674.2212182136393	211.0
1674.7974163035462	210.0
1675.5062976321751	215.0
1675.882611449152	212.0
1675.938690823637	138.0
1676.7477102751448	217.0
1678.3310603434516	112.0
1678.6800976970426	220.0
1678.723697506272	234.0
1678.8931185489816	188.0
1679.163695083774	205.0
1679.729919610338	221.0
1680.0714362132221	151.0
1681.0808689679466	207.0
1681.1379137969489	209.0
1682.25234692276	111.0
1682.368746215928	214.0
1683.150817346037	171.0
1685.2200717254645	181.0
1685.7208739808957	145.0
1685.8362501409135	222.0
1687.045913388565	133.0
1687.708720582977	142.0
1688.0196191394016	106.0
1688.508337724288	122.0
1689.583537006176	124.0
1691.0974191629714	107.0
1692.6750000040665	103.0
1692.7222545370018	139.0
1693.0329224252034	207.0
1693.7610905573088	223.0
1694.0988824274589	220.0
1694.1638598007828	205.0
1694.2876268912014	209.0
1694.6043293008122	216.0
1694.6805854012978	211.0
1695.6577122729002	224.0
1696.1839076413746	210.0
1698.3522135969204	217.0
1698.6649219753408	219.0
1700.7180044673464	214.0
1701.4898750575603	212.0
1703.0016429486463	181.0
1703.234022674057	218.0
1704.4497491222894	215.0
1704.5940635126872	171.0
1704.7007187790582	122.0
1704.7020294674226	206.0
1704.9295261327159	106.0
1705.3648108897175	111.0
1705.7067689618104	222.0
1705.7497304465007	213.0
1706.4476590053089	221.0
1706.5422515204964	151.0
1707.2032034689105	183.0
1707.2113235556421	208.0
1707.2592266312156	188.0
1708.9357800466796	139.0
1710.0694010246314	112.0
1710.175027516029	124.0
1710.8454516076742	142.0
1711.5808549951234	138.0
1711.6315513467596	133.0
1711.7869811276585	145.0
1715.2330581447961	107.0
1718.0527574769278	221.0
1718.3000000041598	103.0
1718.5085127740792	215.0
1719.1774780124636	224.0
1719.595702356533	218.0
1719.9400663618064	217.0
1721.4041878097894	209.0
1722.2750000041742	102.0
1722.3397929695375	213.0
1722.3822183912519	205.0
1723.5562368587155	214.0
1723.698853540431	111.0
1724.789192033731	223.0
1725.1576974832205	212.0
1725.1849868729962	216.0
1726.079946759241	211.0
1727.2153039000837	222.0
1727.6154977244305	220.0
1728.81697530174	206.0
1731.1430236458123	106.0
1731.6059602573268	207.0
1732.2566600062287	210.0
1732.3581882640208	188.0
1732.5238247102789	133.0
1732.7027327919702	208.0
1732.9904322505256	124.0
1733.6810524644736	139.0
1734.296757317816	151.0
1734.9013783214707	219.0
1735.1410842651087	122.0
1735.4568221955938	181.0
1735.515375880191	142.0
1735.9786769321165	183.0
1736.8770721529545	145.0
1738.0521874023077	171.0
1738.8847539896115	205.0
1740.8826564996555	112.0
1741.8284510962	224.0
1742.4159890661372	107.0
1744.3000000042543	100.0
1744.3000000042543	101.0
1744.3857125846725	216.0
1744.5037389054003	213.0
1744.6652085788787	138.0
1744.7646758594738	214.0
1744.999656107186	209.0
1745.7705126808037	124.0
1747.0426979446293	111.0
1747.2263514418598	215.0
1747.5436778219635	207.0
1749.0301113367154	223.0
1749.152839059554	217.0
1750.2303191918168	221.0
1750.566188008965	206.0
1750.6312206834643	142.0
1751.7745203378215	220.0
1751.8500000042818	102.0
1751.8612816323334	219.0
1752.0206486391307	222.0
1752.4383623845342	218.0
1752.5465209789668	211.0
1752.7186309177428	188.0
1753.4579883562878	138.0
1754.1078568029993	208.0
1754.6396636703973	212.0
1756.5762585668856	171.0
1757.2208335991452	210.0
1757.5684411506354	151.0
1760.0058399037503	181.0
1760.3555074122114	139.0
1760.3947078926512	122.0
1760.7849499074732	107.0
1762.7482131690426	145.0
1763.4976917167637	112.0
1764.1322266320433	133.0
1768.5024317856673	208.0
1769.2775319058637	183.0
1769.5291844541023	206.0
1771.0388389168395	213.0
1771.336559669231	205.0
1771.363219704687	221.0
1772.360124726973	106.0
1772.6676386775798	215.0
1773.3785034358	222.0
1774.2664570819172	212.0
1775.0634143608797	223.0
1775.114844207256	210.0
1775.981629726285	217.0
1776.3650968633135	224.0
1776.4204466522563	220.0
1776.6579301205643	112.0
1777.6000000043755	100.0
1777.6000000043755	101.0
1778.0803315519624	214.0
1778.27303625847	211.0
1778.5153532810466	216.0
1778.8891323583384	171.0
1779.6003071598054	122.0
1779.645960942775	181.0
1780.315742317052	218.0
1781.6674829117617	207.0
1781.6737328430877	107.0
1781.8863796050857	142.0
1782.2472858590181	145.0
1783.4332142843953	111.0
1784.0833211859554	139.0
1784.1899559541753	151.0
1784.7593622476736	106.0
1784.9118967970778	209.0
1785.4553494513339	219.0
1785.975000004406	102.0
1786.6585932114842	183.0
1786.7575078386549	133.0
1790.4415179391983	138.0
1790.8136009586078	188.0
1792.488995834106	209.0
1793.334013508982	124.0
1793.666269422866	212.0
1794.3114328099832	205.0
1794.8108767943734	206.0
1795.5824750399036	214.0
1795.591089845796	220.0
1796.5858326850798	208.0
1797.5756182039609	210.0
1797.751645375702	216.0
1798.1931194988479	219.0
1799.461596175674	218.0
1799.5710461439808	213.0
1800.530659770488	223.0
1800.5391755390915	222.0
1800.5776493668122	122.0
1801.3958628796115	188.0
1801.4969148260523	211.0
1802.2416495956993	207.0
1802.5715368894164	107.0
1803.2080126413132	106.0
1803.360363748138	111.0
1804.8715586959224	145.0
1805.4000000044766	100.0
1805.4000000044766	101.0
1805.6357119755544	215.0
1806.21970763998	142.0
1807.0720082943694	224.0
1809.0880463742321	217.0
1809.1796942148774	124.0
1809.787488363168	133.0
1809.8069121490514	151.0
1810.688317458973	221.0
1810.745949985903	171.0
1811.794341325264	112.0
1812.545034765287	138.0
1812.7166039121778	139.0
1816.250000004516	102.0
1816.5066451737762	218.0
1817.0626412025401	183.0
1817.556053685621	181.0
1819.0174158755196	205.0
1819.3527194995181	209.0
1820.9725870342963	224.0
1821.340155340245	215.0
1821.347111625718	230.0
1821.4264865502228	226.0
1821.7049264088432	221.0
1821.7825657947965	208.0
1821.945448352563	207.0
1823.0366803118898	225.0
1823.9875445222965	219.0
1824.0087179818474	222.0
1824.0211192999502	211.0
1824.303924007096	214.0
1824.6422732967308	213.0
1825.340175267939	220.0
1825.966832409046	107.0
1826.0806215943053	217.0
1826.2183218843934	228.0
1826.6318656090282	223.0
1826.7860932741332	206.0
1827.275668346835	229.0
1827.594560330751	188.0
1828.5074693510103	210.0
1830.8108556698626	216.0
1831.2879127557926	106.0
1831.4258194320887	171.0
1831.9901920991442	231.0
1832.9188253064324	124.0
1833.2872667513652	139.0
1833.6354037986187	112.0
1834.0181370449059	111.0
1834.2349554313485	233.0
1835.8555456742827	212.0
1836.8786208703737	122.0
1837.2695351743248	181.0
1837.3064195506822	133.0
1837.5637672022285	232.0
1837.6692666466208	142.0
1837.7722668057331	138.0
1838.9040193500582	151.0
1839.6012324461572	225.0
1840.190743515664	212.0
1840.9095957932725	230.0
1841.0245889703976	226.0
1841.583651918805	227.0
1841.6764534808094	229.0
1842.3491722046847	214.0
1842.9992969027164	228.0
1843.2214845505207	183.0
1844.2850712120778	145.0
1844.5644829953467	210.0
1844.7876084829124	217.0
1845.4000000046221	2.0
1845.4000000046221	46.0
1845.4000000046221	76.0
1845.4250000046222	28.0
1845.4289771836359	223.0
1845.4443844615953	222.0
1846.1567672229276	209.0
1847.182226096166	221.0
1847.8944375071364	233.0
1848.4991429852873	220.0
1849.0411668295328	213.0
1849.1203266128232	211.0
1850.0228957811898	215.0
1850.3858350477542	231.0
1850.6933620753705	205.0
1851.346276507158	232.0
1851.6110916267733	218.0
1851.6189649084079	206.0
1851.8500000046456	103.0
1852.6554791784604	112.0
1853.0653318432505	226.0
1853.2269145392065	219.0
1853.4730637830967	138.0
1853.7676845031963	234.0
1854.6671921843495	107.0
1855.2069529529695	142.0
1855.2816945125478	208.0
1855.3838604474493	216.0
1855.9139090518097	207.0
1856.4213496483198	139.0
1857.8989345702066	122.0
1859.4734349023756	111.0
1860.362724337667	230.0
1860.6007522148614	225.0
1861.1063303340022	133.0
1862.410210033555	106.0
1862.6398798891653	219.0
1862.9053608017778	224.0
1863.0251123771156	183.0
1863.6383394148281	124.0
1863.8774009882234	228.0
1864.084461442509	151.0
1865.0345366634806	233.0
1865.5749892678082	181.0
1865.688677819457	171.0
1866.5782171995447	227.0
1866.6306413245336	232.0
1867.7992889636691	229.0
1867.9150032951657	145.0
1867.9385766005926	188.0
1867.94426727961	212.0
1869.1500000047085	28.0
1869.1662384401427	226.0
1869.1750000047086	2.0
1869.1750000047086	46.0
1869.1750000047086	76.0
1869.55000000471	1.0
1869.55000000471	19.0
1869.57500000471	6.0
1869.57500000471	7.0
1869.57500000471	17.0
1869.57500000471	33.0
1869.57500000471	34.0
1869.57500000471	37.0
1869.57500000471	40.0
1869.57500000471	52.0
1869.57500000471	54.0
1869.57500000471	58.0
1869.57500000471	77.0
1869.57500000471	84.0
1869.57500000471	87.0
1869.57500000471	99.0
1869.9900524820293	221.0
1871.1825750206642	220.0
1871.345276985375	210.0
1871.5089648343896	207.0
1871.7840190491272	211.0
1872.2000000047196	103.0
1872.5052562743529	231.0
1872.7916489220818	208.0
1872.8576899724626	205.0
1872.884898370983	230.0
1873.074290484364	151.0
1873.125000004723	66.0
1873.3717497083771	209.0
1873.675000004725	3.0
1873.675000004725	13.0
1873.8608500247485	107.0
1874.411998056808	224.0
1874.6751460679975	218.0
1875.2148307750695	234.0
1875.457323650677	215.0
1876.5000034907184	222.0
1877.4500234110762	206.0
1878.6831931036481	216.0
1880.0439866925674	217.0
1880.52500000475	104.0
1880.5872246143815	138.0
1880.7693507612403	213.0
1880.8504841414097	214.0
1881.4984503817236	223.0
1881.6011210746212	227.0
1881.614529832975	133.0
1882.6397211121434	183.0
1883.1645085439116	122.0
1883.2826160644283	145.0
1883.3703319885258	181.0
1884.7067526084977	232.0
1884.818356112189	142.0
1885.1396238704745	229.0
1885.3129712142577	111.0
1885.4189358056567	226.0
1885.8472833979918	139.0
1886.298911948345	171.0
1887.23181342143	106.0
1888.2108940143778	231.0
1888.3931633133138	225.0
1888.590937969829	188.0
1889.6480488656582	228.0
1890.2658673531741	124.0
1890.572222684827	233.0
1890.763570176663	112.0
1891.4796421376745	234.0
1891.6750000047905	28.0
1891.7000000047906	2.0
1891.7000000047906	46.0
1891.7000000047906	76.0
1892.1897820732574	205.0
1892.522944301434	218.0
1893.1934395066062	212.0
1893.697003497245	224.0
1894.133175745733	223.0
1894.4250000048005	103.0
1894.441818536139	214.0
1895.5126138313674	210.0
1895.539047494475	222.0
1895.8461014924762	208.0
1896.1696659242093	206.0
1896.642184948706	221.0
1896.8423342370977	227.0
1897.1271007175199	217.0
1898.183161164265	213.0
1899.1453666314796	215.0
1899.4793448541016	216.0
1899.836290931847	211.0
1900.5913083512319	229.0
1900.844330074216	220.0
1900.8505291512695	122.0
1901.3958228595502	207.0
1902.8266009960269	226.0
1902.9895768348379	233.0
1903.127923140405	209.0
1905.0398190797669	139.0
1905.0621891527328	145.0
1906.1430149455643	171.0
1906.4229822107843	228.0
1906.9159443362953	142.0
1907.384747856998	231.0
1907.4084543316178	219.0
1907.9105184203775	107.0
1908.0344868445195	112.0
1908.1384639766507	234.0
1908.3611256806905	183.0
1908.5058960611655	206.0
1909.191308387866	106.0
1911.2384035799437	111.0
1911.9802871000509	217.0
1912.0735335082898	133.0
1913.669927034363	138.0
1914.247844981913	181.0
1914.7483966406926	124.0
1914.906714906701	219.0
1915.048314913324	188.0
1916.241840615614	151.0
1917.0880869847826	210.0
1917.690790119481	212.0
1918.0743347003026	232.0
1918.3250000048874	2.0
1918.3250000048874	28.0
1918.3250000048874	46.0
1918.3250000048874	76.0
1918.8735086020406	205.0
1919.3500000048912	7.0
1919.3500000048912	17.0
1919.3500000048912	33.0
1919.3500000048912	34.0
1919.3500000048912	52.0
1919.3500000048912	58.0
1919.3500000048912	84.0
1919.3500000048912	87.0
1919.3500000048912	99.0
1919.3750000048913	6.0
1919.3750000048913	37.0
1919.3750000048913	40.0
1919.3750000048913	54.0
1919.3750000048913	77.0
1919.4000000048914	1.0
1919.4000000048914	19.0
1919.4594842837382	227.0
1919.8432697783	207.0
1920.1948930380681	214.0
1920.5625752605026	213.0
1921.475000004899	103.0
1924.2498113577485	223.0
1924.852941406774	224.0
1925.0435819649133	208.0
1925.9607430805227	139.0
1926.136442361147	220.0
1927.122317048293	221.0
1927.1350457079766	215.0
1928.0721183002347	218.0
1928.4574829926867	216.0
1928.650000004925	104.0
1928.9967513556714	211.0
1929.241914104691	234.0
1930.9108745920498	151.0
1931.2971164008868	111.0
1931.6801286061648	181.0
1932.889346240163	222.0
1933.359025325594	209.0
1933.458065907912	124.0
1933.4988875113406	107.0
1933.4999979443273	142.0
1933.9279050730613	133.0
1934.1808948081355	138.0
1935.2824190592123	188.0
1936.8365139078703	122.0
1936.9585384287416	106.0
1938.449837884174	183.0
1938.6948106606858	112.0
1939.2422573092651	171.0
1940.0052147724768	217.0
1941.7684619306767	145.0
1943.0750000049775	103.0
1944.5016786311705	215.0
1944.9342730964745	216.0
1945.2807109740031	223.0
1945.5442300296863	209.0
1946.0350571904091	224.0
1946.473045337184	211.0
1946.973625119147	212.0
1947.2320524335864	219.0
1948.09531478156	220.0
1951.220631798378	206.0
1951.6433265315766	214.0
1952.3152779126372	222.0
1952.514929885563	208.0
1952.5430940546385	221.0
1953.9029994770926	188.0
1954.4460709287384	210.0
1954.994759422319	151.0
1955.566096383653	218.0
1955.6186786396001	205.0
1955.9066267703097	107.0
1956.4260609114276	213.0
1956.6938399092305	112.0
1956.7656934261463	181.0
1957.7738213513344	207.0
1957.9262954984633	106.0
1958.290236873504	111.0
1958.8683216970014	122.0
1959.188764710393	183.0
1960.1235445974285	124.0
1960.1519229903254	133.0
1962.2412528963982	171.0
1962.2891363417982	138.0
1962.3543283453262	217.0
1963.0006208972118	139.0
1964.3204859102932	219.0
1964.9631444097051	145.0
1968.0214085268592	222.0
1968.9857492941608	142.0
1969.3106605922553	111.0
1969.4180747210346	215.0
1969.4202917751006	221.0
1969.9250000050752	103.0
1970.7823918525257	218.0
1972.089293653735	210.0
1972.4535535415596	112.0
1973.1367775689587	206.0
1973.4778422918514	207.0
1974.36487578993	213.0
1974.800000005093	102.0
1974.8793594520814	209.0
1975.0311771685824	208.0
1975.1952719135454	214.0
1976.1726903030064	205.0
1976.765329897145	220.0
1976.9029015174344	138.0
1976.972363117845	224.0
1977.141753106553	211.0
1977.3958383578247	216.0
1978.6519941295735	183.0
1979.1472504207331	223.0
1979.5056898219545	151.0
1980.8193552706005	171.0
1980.9085688552975	145.0
1981.5889340530662	107.0
1983.5964201680504	212.0
1983.8873659072929	124.0
1985.3210956271398	133.0
1985.430066014371	106.0
1986.757065766544	181.0
1987.2458660119046	139.0
1987.5926432527401	188.0
1988.3977703046066	122.0
1991.8191913694045	218.0
1992.1845049189865	224.0
1993.7289332943596	142.0
1994.8220213765371	221.0
1995.071938487382	211.0
1996.582862904501	212.0
1997.1250000051741	100.0
1997.1250000051741	101.0
1997.189581745526	206.0
1997.400024059302	215.0
1997.5130205239752	222.0
1998.4170241075358	210.0
1999.4148518060535	220.0
1999.6458436857165	216.0
2000.454886830859	208.0
2001.0517278580724	219.0
2001.173089453106	209.0
2001.7218603090503	171.0
2002.201026931055	213.0
2002.4308936652599	214.0
2002.5464196184332	183.0
2002.6706612594676	207.0
2003.3119025411327	181.0
2004.271403724218	111.0
2004.7605449378339	217.0
2004.9683241825867	106.0
2005.0126119043211	107.0
2005.2182387456648	223.0
2005.833623408126	205.0
2007.0715514049648	151.0
2007.1259280830407	139.0
2008.8565093351997	145.0
2008.900000005217	102.0
2011.1762975486756	142.0
2011.2746676396362	124.0
2011.6375868641126	138.0
2012.9794088309	133.0
2013.2095765757078	122.0
2014.7015961326028	188.0
2015.5855601796086	112.0
2015.729540499612	221.0
2016.8572337700734	212.0
2019.5336412847805	208.0
2019.947047188049	211.0
2021.31094919342	220.0
2021.6179113182156	218.0
2022.369530144872	106.0
2022.585703338772	206.0
2022.6959718550688	210.0
2023.4153836744829	223.0
2024.0613028042098	207.0
2026.1757603508663	205.0
2026.4500000052808	100.0
2026.4500000052808	101.0
2026.9032875512842	209.0
2027.4755080728025	213.0
2027.984255780047	216.0
2029.1301884925813	215.0
2029.330555185726	217.0
2029.5473822156569	139.0
2029.8377776022637	222.0
2030.0103427510192	224.0
2030.044007124249	122.0
2030.319826181113	188.0
2032.2653653246914	219.0
2032.7259612023472	181.0
2033.2761049797632	142.0
2033.2961507458444	133.0
2033.718677932404	111.0
2033.7281223634704	138.0
2034.4074868550306	124.0
2034.868441185245	183.0
2035.2801942730666	112.0
2035.5752765606694	214.0
2035.5969950732376	107.0
2036.115797959412	151.0
2037.0196377603252	145.0
2038.7530478416868	171.0
2039.6500000053288	102.0
2040.0012890461342	224.0
2041.6771732978293	206.0
2042.7411056066435	205.0
2043.5757297381597	223.0
2044.6976129451211	221.0
2045.1042432138754	209.0
2046.5061749014342	216.0
2048.7469432989387	218.0
2049.4710631442977	217.0
2049.6661658769913	215.0
2049.911959374031	211.0
