time	 cell
43.41428339286777	224.0
49.324257938833284	212.0
50.284971033956616	216.0
54.04861974152063	220.0
54.31524730100543	120.0
54.89988532991805	208.0
55.794656825594586	144.0
56.63840575035048	196.0
57.900000000104605	36.0
57.900000000104605	68.0
57.900000000104605	88.0
57.92500000010461	4.0
57.92500000010461	12.0
57.92500000010461	20.0
57.92500000010461	28.0
57.92500000010461	60.0
57.92500000010461	64.0
58.22500000010468	40.0
58.425000000104724	56.0
58.475000000104735	8.0
58.475000000104735	72.0
58.52500000010475	84.0
58.55478191834617	204.0
58.56855462493088	140.0
58.95000000010484	0.0
58.95000000010484	32.0
58.95000000010484	76.0
58.97500000010485	52.0
59.02500000010486	92.0
59.02500000010486	96.0
59.221713764369504	176.0
59.225000000104906	48.0
59.225000000104906	104.0
59.525000000104974	100.0
59.77500000010503	16.0
59.80000000010504	24.0
60.275000000105145	44.0
60.72500000010525	80.0
63.925000000105975	100.0
70.74443018717007	224.0
71.31861845910288	212.0
72.28681581217413	220.0
76.2183218843933	228.0
77.39166475953006	140.0
78.42909303121873	216.0
82.7044802496794	196.0
83.71427282044694	208.0
85.34148873390448	176.0
85.4061168351658	204.0
87.5637672022285	232.0
87.6592400769373	144.0
87.82298980205819	120.0
92.15000000011239	104.0
93.41428339286777	224.0
97.85294716342786	228.0
99.32425793883328	212.0
100.28497103395661	216.0
104.04861974152064	220.0
104.31524730100543	120.0
104.89988532991805	208.0
105.79465682559459	144.0
106.63840575035049	196.0
107.8680593426877	232.0
108.55478191834617	204.0
108.56855462493088	140.0
109.22171376436951	176.0
109.57500000011635	36.0
109.57500000011635	88.0
109.62500000011636	68.0
109.87500000011642	4.0
109.92500000011643	28.0
109.97500000011644	60.0
110.00000000011644	12.0
110.02500000011645	72.0
110.05000000011646	20.0
110.10000000011647	64.0
110.2250000001165	8.0
110.47500000011655	92.0
110.50000000011656	52.0
110.50000000011656	96.0
110.62500000011659	40.0
110.85000000011664	84.0
111.00000000011667	32.0
111.00000000011667	48.0
111.02500000011668	56.0
111.37500000011676	16.0
111.50000000011678	24.0
111.50000000011678	76.0
111.60000000011681	0.0
111.65000000011682	44.0
113.12500000011715	80.0
113.50850290121515	228.0
113.80000000011731	104.0
123.23161348972829	208.0
123.85866893118695	232.0
124.33442096122737	212.0
124.43092648683931	196.0
125.61064862805375	216.0
125.7116419067944	228.0
127.86791578629528	224.0
130.29457690101054	220.0
131.3810053825995	140.0
132.34383131235163	204.0
137.1562752124582	144.0
137.53065626005662	120.0
137.82500000011157	24.0
137.87500000011153	32.0
137.87500000011153	40.0
137.92500000011148	12.0
137.95000000011146	36.0
137.95000000011146	88.0
138.75000000011073	20.0
138.7750000001107	64.0
138.87500000011062	60.0
138.92500000011057	28.0
139.52500000011003	0.0
139.60000000010996	84.0
139.72500000010984	16.0
140.3250000001093	72.0
140.82500000010884	8.0
140.92500000010875	92.0
140.95000000010873	52.0
141.07594211211435	176.0
141.15000000010855	68.0
141.15000000010855	96.0
141.2000000001085	48.0
142.37500000010743	4.0
142.47500000010734	56.0
142.65000000010718	104.0
142.7500000001071	44.0
143.9153058675536	212.0
144.00000000010596	76.0
145.0665376791934	224.0
145.7683201077342	232.0
147.9777421859113	220.0
148.61673696857196	216.0
152.7605946625847	208.0
155.96925015561126	228.0
157.06353067732448	196.0
161.5732182731835	140.0
162.3562848180578	120.0
164.27967562967356	204.0
166.04225037325565	176.0
167.040730014689	144.0
168.86925521571453	216.0
169.07724646690474	232.0
169.5750000000827	88.0
170.07500000008224	72.0
170.1250000000822	40.0
170.47500000008188	28.0
170.73197462128252	224.0
170.9000000000815	36.0
171.37500000008106	32.0
171.88341014500446	208.0
173.79398240059058	212.0
176.02500000007683	104.0
181.0724221342204	220.0
182.09413509267276	144.0
182.25436478065885	120.0
182.5868520389714	204.0
186.15353025241265	140.0
188.26900206282943	176.0
190.38522202194721	196.0
194.1303556854241	220.0
197.2531654068136	224.0
201.9506336894393	208.0
202.70797051413768	140.0
203.7125971950911	216.0
203.93017607089888	212.0
204.356675905102	204.0
209.84005321038762	120.0
210.7578282370207	144.0
213.84456878801348	176.0
217.74094824236462	208.0
218.28467019890232	224.0
221.4966266923217	220.0
224.2980437006175	216.0
226.66935133536558	196.0
228.29366529531143	144.0
228.30161184880288	204.0
232.29127402780793	140.0
232.53941017391585	212.0
236.64330710497	120.0
236.8500000000215	100.0
242.49227906412418	224.0
243.69427232221685	176.0
248.36109404937386	196.0
250.80986587275976	216.0
251.56469721054506	220.0
252.00000000000773	104.0
253.5930155931798	208.0
254.24880076215683	144.0
255.13262076112284	196.0
256.8453477925652	212.0
257.9805563222852	140.0
261.16664537987253	120.0
261.54999999999905	100.0
263.0009348891071	176.0
265.90209444198456	204.0
268.21281115849007	208.0
270.43952467030437	216.0
271.55502330624586	220.0
272.0029816722251	120.0
277.315289370296	212.0
277.65190549863513	224.0
279.0150047583499	204.0
279.5695590193634	176.0
283.97670226778223	144.0
286.864140816132	140.0
287.3249999999756	100.0
290.51701159762865	196.0
293.76814138320964	220.0
294.46364369761966	216.0
299.31205677432587	212.0
301.5172742888117	224.0
303.5315522968846	208.0
304.7786356673009	196.0
309.253010754362	144.0
311.6970493928304	140.0
312.9920394281682	176.0
313.1749999999521	100.0
313.638225187205	120.0
317.10801218227436	204.0
323.6672089553194	216.0
326.2183218843933	228.0
327.2379641618828	224.0
327.8377975452521	208.0
328.4638211429199	212.0
329.0670121033772	220.0
331.4445454190321	204.0
331.7216650102472	120.0
334.26557527383954	196.0
335.3870984634997	140.0
335.73408461618544	176.0
337.5637672022285	232.0
340.7590963451344	144.0
341.6148125164011	220.0
345.82809969657626	208.0
349.5308910481417	212.0
349.98978734440476	216.0
350.1788114214749	232.0
352.4629277824137	224.0
357.7744732389214	228.0
357.94726054068883	140.0
359.74709273261817	120.0
361.574482088791	144.0
362.67523497413947	196.0
362.69999999990705	96.0
362.724999999907	8.0
362.724999999907	72.0
362.749999999907	28.0
362.749999999907	88.0
363.04999999990673	48.0
363.04999999990673	68.0
363.0749999999067	12.0
363.0749999999067	92.0
363.0999999999067	36.0
363.0999999999067	84.0
363.1749999999066	20.0
363.1999999999066	32.0
363.1999999999066	40.0
363.3249999999065	16.0
363.50283555272784	204.0
363.6249999999062	60.0
363.67499999990616	56.0
363.7249999999061	44.0
363.7249999999061	52.0
363.7749999999061	64.0
364.1999999999057	4.0
364.34999999990555	24.0
364.44999999990546	76.0
364.6315676415756	176.0
364.87499999990507	0.0
366.42117768182044	208.0
366.52499999990357	104.0
367.95864750812234	220.0
368.1499999999021	80.0
368.1623154966518	232.0
371.422761640359	228.0
371.62521539025636	224.0
372.5991992820846	216.0
376.1097173421759	176.0
377.6686012202258	144.0
382.68180632500906	232.0
382.80902872535086	204.0
384.8186069237409	212.0
387.7301655190867	120.0
388.606621344639	140.0
390.41156829668654	196.0
395.5993043800971	212.0
396.999447495068	220.0
398.50190493552157	196.0
399.5663226009729	216.0
402.32764646290093	144.0
404.0271214774851	228.0
404.4607194558208	232.0
405.24387368736495	208.0
407.7986908913395	120.0
408.5848822890962	176.0
408.9086701274065	224.0
412.0249999998622	88.0
412.224999999862	28.0
412.224999999862	72.0
412.27499999986196	36.0
412.3249999998619	8.0
412.49999999986176	92.0
412.49999999986176	96.0
412.52499999986173	40.0
412.62499999986164	68.0
412.6499999998616	32.0
412.72499999986155	12.0
412.74999999986153	20.0
412.8105683391414	204.0
412.82499999986146	60.0
412.82499999986146	64.0
412.92499999986137	52.0
413.04999999986126	4.0
413.2249999998611	48.0
414.02499999986037	24.0
414.27499999986014	84.0
414.44999999986	44.0
414.7749999998597	0.0
415.0749999998594	56.0
416.02499999985855	104.0
416.6431500778596	140.0
418.64452216696696	232.0
421.9880755327782	208.0
422.9902733407279	216.0
424.45725782872114	140.0
424.69805101853024	212.0
431.5121292427599	120.0
432.5078414744718	220.0
432.81907151699846	204.0
433.53699072712874	176.0
437.71946337719965	144.0
437.8469944259299	196.0
438.10634720737426	224.0
446.8040518992613	224.0
449.4614092538788	212.0
451.30002980132963	196.0
451.6428609770227	216.0
453.3236861289791	220.0
454.02073650225674	208.0
455.94607818978005	204.0
457.62416368447083	140.0
462.94301513010964	120.0
464.8221269720108	176.0
467.6749999998116	100.0
468.14923200843504	144.0
472.5289897768773	212.0
474.50191788601643	220.0
475.17914346191185	224.0
477.9273409831293	216.0
478.5511710505513	208.0
483.9184583116478	140.0
484.7323817913962	176.0
485.54107726642417	196.0
485.9015150451775	204.0
485.9320141108802	120.0
490.1815167702441	144.0
492.12499999978934	100.0
492.16017884333144	208.0
499.69851636947885	212.0
504.15376850623215	216.0
504.4781027720489	224.0
505.0209402351905	204.0
505.19092591473463	120.0
507.1254259879283	140.0
507.6388570385712	220.0
508.14660839030824	176.0
510.57677054408964	144.0
514.0749999997788	100.0
516.6267117559315	196.0
517.7940389096246	224.0
523.0757302046746	140.0
524.0359099527719	220.0
525.3786988104866	216.0
529.3775498012749	144.0
531.3916951044702	212.0
531.5677552417255	196.0
532.2211069105545	176.0
534.1937060959021	120.0
534.6823245283856	208.0
537.5709637735592	204.0
539.3749999998709	100.0
543.6789199105245	224.0
548.7521136206286	208.0
549.683527672018	216.0
549.8724655368668	220.0
556.8751317178712	140.0
557.0254697889249	212.0
557.5072109066558	120.0
559.8319629925878	176.0
560.0045275606631	196.0
560.9952931692256	204.0
563.0140341458601	144.0
564.5749999999625	100.0
565.8746751717794	208.0
574.39705505957	212.0
576.2183218843933	228.0
577.9777311371629	224.0
581.4140812999814	220.0
582.0081429316429	216.0
584.4919190805433	204.0
586.1153849824692	144.0
587.1454415418743	176.0
587.5637672022285	232.0
589.3402355460444	196.0
590.9552557263391	120.0
592.1250000000628	88.0
592.5500000000643	72.0
593.2750000000669	36.0
593.5000000000678	96.0
593.7750000000688	92.0
594.1481855767412	140.0
594.7250000000722	52.0
594.8750000000728	28.0
595.3000000000743	12.0
595.4500000000749	32.0
595.6000000000754	40.0
596.1250000000773	8.0
596.3350306919315	216.0
596.7750000000797	68.0
598.225000000085	64.0
598.3000000000852	104.0
599.6387479630141	228.0
600.498018026932	220.0
601.7574320286448	224.0
602.5561931020843	212.0
604.7351295690689	208.0
605.7730648438738	232.0
607.3592562053376	140.0
607.3665269982698	144.0
608.4415166617401	204.0
610.4861219830457	176.0
612.4264256649312	196.0
612.4838760198778	228.0
613.9937078378305	120.0
618.4751157341774	232.0
618.5605584184875	212.0
618.8940609806052	220.0
625.4660697342471	120.0
626.8326864765996	224.0
626.8700194481559	216.0
627.9165046696432	228.0
629.1363651317295	208.0
633.3894076090688	176.0
634.6071579452221	204.0
636.2913620556026	232.0
638.1961791852569	196.0
639.1603461450288	144.0
640.9628537110509	140.0
643.60000000025	88.0
643.9500000002513	36.0
644.3500000002527	28.0
644.3500000002527	72.0
644.3750000002528	24.0
644.5250000002534	60.0
644.6250000002537	68.0
644.975000000255	64.0
645.2000000002558	92.0
645.250000000256	20.0
645.6000000002573	0.0
646.0269465348533	220.0
648.0646531006025	204.0
648.5789943082113	232.0
648.9750000002696	104.0
650.9624814230529	208.0
653.0438759407854	144.0
653.926526025237	212.0
654.2435645103131	224.0
655.3024693603345	216.0
656.0814809022916	140.0
656.2824955880251	196.0
662.1192391484987	176.0
662.2136062341403	232.0
662.5373532133436	120.0
670.7385873812482	220.0
671.025146009729	208.0
673.0885729443964	224.0
675.7073610044359	212.0
678.0839912612606	216.0
683.9252787209423	204.0
684.4046385835818	140.0
686.0369247806756	176.0
687.5828621335097	120.0
687.7041753878938	144.0
689.0041747039813	196.0
698.3648188646421	196.0
698.8084001428482	224.0
699.0473748016536	208.0
700.0997603306079	220.0
700.6562677530524	216.0
701.6070467116549	212.0
710.0720589143086	144.0
710.7871360943799	204.0
711.3466516528223	176.0
714.6269522612115	120.0
717.2250000005179	100.0
720.4821888461832	216.0
721.033307182658	220.0
721.667397227645	208.0
724.3695790718323	140.0
725.3287743573175	212.0
728.0670020921834	176.0
730.0642045209642	144.0
731.4497380366217	196.0
731.6744896355563	224.0
733.1226812916816	120.0
734.0709488345856	204.0
737.613607696283	140.0
739.9000000006004	100.0
745.1971993080743	208.0
746.25162781914	220.0
748.3298492045072	224.0
751.003094642784	216.0
751.3330377881348	212.0
756.4783319830808	120.0
758.4799546439582	144.0
760.2973497858704	176.0
765.0500000006919	100.0
765.9325730534829	212.0
766.4759706983156	140.0
767.1917577474916	196.0
768.8738851499804	224.0
770.3748506408565	204.0
774.7872832272506	220.0
775.3069896161866	216.0
776.4184778804104	208.0
778.9432850717184	196.0
780.441623514976	204.0
781.1553948435015	144.0
784.4455355091621	120.0
786.1752741968527	176.0
786.8558378960656	140.0
787.8000000007746	100.0
788.8246336222013	208.0
793.5444772637267	216.0
796.126511863437	224.0
799.3537765934101	220.0
800.1596550049372	212.0
802.7220807639451	196.0
806.6450178929865	144.0
808.4204920985238	204.0
809.9825048127373	140.0
810.9162806411476	120.0
811.9104019797448	176.0
813.8000000008692	100.0
818.5745762332285	220.0
821.7500435424773	208.0
822.6898558470631	212.0
823.3011890319913	196.0
826.2183218843933	228.0
827.2506615202208	216.0
831.038197296228	140.0
831.276297061793	204.0
831.8184283325503	144.0
832.5616727252971	224.0
832.8261037379436	120.0
834.5530975624356	176.0
837.5637672022285	232.0
839.0890851991443	228.0
843.0750000009757	88.0
843.9000000009787	36.0
847.5187876554709	212.0
849.3288428346578	224.0
850.6138403054113	144.0
850.8548678819443	208.0
851.6431092170867	228.0
851.7412819430725	232.0
852.1536553106025	216.0
857.0806150368217	176.0
858.0911830515861	204.0
858.5127835445237	196.0
860.0672323561832	220.0
862.125000001045	72.0
862.125000001045	92.0
862.1750000010452	28.0
862.1750000010452	88.0
862.2750000010456	64.0
862.3000000010456	12.0
862.400000001046	32.0
862.4250000010461	24.0
862.4250000010461	96.0
862.5250000010465	36.0
862.6000000010467	8.0
862.6250000010468	20.0
862.6250000010468	40.0
862.8000000010475	52.0
862.9250000010479	60.0
863.0250000010483	48.0
863.1000000010486	68.0
863.2500000010491	84.0
863.2750000010492	16.0
863.3000000010493	4.0
863.3250000010494	44.0
863.3250000010494	56.0
863.5500000010502	0.0
865.150000001056	76.0
865.7250000010581	104.0
866.2525549159132	232.0
866.4785786655585	120.0
867.0161472512626	228.0
867.172561716375	140.0
872.7420288193238	220.0
874.0702382799799	212.0
877.541340448839	224.0
879.7235420554877	196.0
879.8577595070637	228.0
881.5873532592004	144.0
881.9729657796576	216.0
882.1941988610863	176.0
884.1059553307257	204.0
884.7062932998765	208.0
885.295333672538	140.0
887.5069542916225	120.0
888.9250000011425	72.0
889.0250000011429	88.0
889.2000000011435	36.0
889.5500000011448	92.0
889.5500000011448	96.0
889.6500000011451	64.0
889.9250000011461	12.0
890.0000000011464	52.0
890.0250000011465	8.0
890.175000001147	28.0
890.2500000011473	32.0
890.2750000011474	16.0
890.3000000011475	40.0
890.4750000011481	48.0
890.5500000011484	60.0
891.1000000011504	20.0
891.1500000011506	68.0
891.1750000011507	84.0
891.3500000011513	24.0
891.4750000011518	0.0
892.1955664650998	220.0
892.4250000011552	4.0
893.16530263235	208.0
893.6000000011595	104.0
893.8762437035765	216.0
895.9278167375023	212.0
896.5241572278164	232.0
899.8547714169357	228.0
903.0362303465778	120.0
906.5910168468015	224.0
907.4319436689362	144.0
908.5362778685554	176.0
910.7679757985183	140.0
913.2037081556983	196.0
918.0272466870385	204.0
919.7584524035855	208.0
921.7165933853373	176.0
923.132271473584	216.0
923.5656049174353	220.0
925.7965340514415	212.0
928.1714606633168	224.0
928.9036137706653	204.0
930.6230273982874	196.0
930.7003121388595	120.0
931.9112750960167	144.0
937.3874153739936	140.0
942.2357936008502	208.0
947.4197160334847	224.0
948.5818242563969	212.0
949.1785415958759	216.0
950.8636347539252	220.0
953.8593758164185	196.0
957.6082043395418	176.0
957.904248280814	144.0
958.0680681231822	140.0
959.7036256677557	120.0
963.663175868321	204.0
968.775000001433	100.0
969.0440358680912	224.0
971.1990153303452	220.0
973.5741223277838	212.0
974.8243367366969	140.0
975.5757560753871	216.0
976.4684046777039	208.0
982.2436447630078	176.0
983.0346484884295	204.0
983.5001271197132	120.0
986.6831775158732	196.0
989.2378374265838	144.0
992.8000000015204	100.0
995.053157626576	220.0
1002.0832745549188	216.0
1005.1466357540771	212.0
1009.4788649235663	196.0
1010.7315590352644	224.0
1011.0749635430905	208.0
1011.838999186867	120.0
1013.5742372320282	204.0
1016.1841800949379	176.0
1016.6250000016071	100.0
1017.6636581802999	144.0
1018.235973472744	140.0
1018.9563736721658	208.0
1022.0190517699361	212.0
1023.2335641523078	220.0
1025.261384993518	144.0
1028.9588641374442	216.0
1030.2009686328029	224.0
1031.146284037616	176.0
1032.9341273716182	196.0
1035.0418188891879	140.0
1035.9901471165397	204.0
1036.866988678312	120.0
1041.350000001697	100.0
1048.463082366072	220.0
1048.9544807872446	212.0
1049.2529590107495	224.0
1049.6875830041304	208.0
1050.7021715703372	216.0
1053.2582433789778	140.0
1054.4338615645418	120.0
1055.8405723228198	196.0
1056.5651992154726	176.0
1057.0690473898444	144.0
1062.6000000017743	100.0
1063.935612332606	212.0
1064.7674441414676	204.0
1064.815415169011	208.0
1067.667058881923	224.0
1069.2489716430287	220.0
1073.1478081890216	216.0
1074.570154915862	196.0
1076.2183218843934	228.0
1079.4100758057737	144.0
1084.0741637294584	140.0
1084.4544819306793	176.0
1084.646569760448	120.0
1087.5637672022285	232.0
1087.7134329883834	204.0
1091.0000000018777	88.0
1091.2750000018787	28.0
1091.4500000018793	72.0
1091.5750000018797	8.0
1091.5750000018797	36.0
1091.8000000018806	32.0
1091.8500000018807	12.0
1092.1000000018817	96.0
1092.500000001883	92.0
1093.3750000018863	40.0
1093.4750000018867	64.0
1093.9538903377195	208.0
1093.9855891819627	228.0
1094.2750000018896	48.0
1094.7250000018912	20.0
1095.0750000018925	52.0
1096.1750000018965	104.0
1099.1090779409678	212.0
1103.1908250264232	224.0
1103.2023771622564	220.0
1105.0079064485017	232.0
1106.036705172454	196.0
1107.3477128568718	176.0
1107.5410702538736	144.0
1107.5983484834812	228.0
1109.5029909195364	204.0
1111.0057089687498	216.0
1111.009563814547	140.0
1117.0184523507394	232.0
1117.8000000019751	88.0
1117.8250000019752	72.0
1118.1000000019762	8.0
1118.2250000019767	28.0
1118.5000000019777	36.0
1118.5000000019777	92.0
1118.7750000019787	68.0
1118.8000000019788	96.0
1118.8048846314127	120.0
1119.15000000198	20.0
1119.1750000019802	40.0
1119.2250000019803	16.0
1119.4500000019812	12.0
1119.7500000019822	0.0
1119.8000000019824	60.0
1119.8750000019827	48.0
1120.0250000019832	32.0
1120.2750000019842	24.0
1120.3542314475555	208.0
1120.800000001986	84.0
1121.4940350633835	204.0
1121.600000001989	64.0
1122.2846954953197	228.0
1123.1500000019946	104.0
1126.5861664097538	216.0
1127.2387057663088	212.0
1128.999604122689	220.0
1129.476485724189	224.0
1131.648320945805	120.0
1132.295543667328	140.0
1134.2717972809576	196.0
1135.0282174251975	232.0
1135.1263750877415	144.0
1135.7242141067575	228.0
1137.9815978566025	176.0
1146.891091488628	212.0
1148.013914450095	224.0
1153.7072715951972	220.0
1153.7784037087458	120.0
1154.412873146872	140.0
1154.4964486179308	216.0
1155.253504739666	208.0
1156.385105530392	232.0
1157.941008945606	196.0
1161.4760989753995	176.0
1162.3143757931946	144.0
1163.2369307537033	204.0
1163.8500000021427	88.0
1163.925000002143	20.0
1164.0000000021432	36.0
1164.0500000021434	40.0
1164.0750000021435	28.0
1164.1500000021438	72.0
1164.200000002144	12.0
1164.3000000021443	64.0
1164.3250000021444	32.0
1164.4946168107813	216.0
1164.500000002145	96.0
1164.5250000021451	68.0
1164.5750000021453	60.0
1164.7250000021459	92.0
1164.775000002146	8.0
1164.8000000021461	52.0
1164.9000000021465	84.0
1164.9250000021466	16.0
1165.1500000021474	4.0
1165.1500000021474	24.0
1165.1750000021475	48.0
1165.1750000021475	56.0
1165.2000000021476	0.0
1165.3500000021481	44.0
1166.0750000021508	76.0
1167.6250000021564	100.0
1167.7500000021569	104.0
1174.3488025292145	212.0
1175.2961128552026	220.0
1176.9681406724021	144.0
1179.1769817974168	204.0
1182.3619501353464	196.0
1182.9079332650806	208.0
1184.5968415280663	224.0
1187.6614122068581	120.0
1188.1721578714262	140.0
1189.4522982316505	176.0
1192.0935773106817	220.0
1199.093956267841	204.0
1201.1494701143931	216.0
1201.2894661732032	208.0
1201.7988545450905	224.0
1203.306326828429	176.0
1204.298102825549	212.0
1209.501879714448	120.0
1209.7006286067005	144.0
1209.9599345214253	140.0
1212.754085608504	196.0
1214.7105733047017	212.0
1217.3863270195443	208.0
1218.6554393245565	220.0
1220.2356446798415	224.0
1222.4827072199967	216.0
1228.2452510900398	144.0
1229.0000000023797	100.0
1231.7993051487808	196.0
1233.7182047974372	120.0
1233.847530301647	140.0
1234.3694524142406	204.0
1239.7075479936057	176.0
1246.669409407609	216.0
1246.9078143536403	220.0
1248.6098755306618	208.0
1249.4224952112972	224.0
1253.004984469753	176.0
1254.5722897254693	212.0
1255.775000002477	100.0
1259.3089892081516	204.0
1261.089330062184	140.0
1262.8176129469975	120.0
1266.3018432071892	196.0
1267.3034960372786	144.0
1271.2565919823853	220.0
1273.5460048519474	208.0
1275.5582994745848	224.0
1277.3524511569826	216.0
1278.5095692737518	212.0
1280.1500000025658	100.0
1284.4696356699749	144.0
1284.6751542542188	120.0
1284.8270768222549	140.0
1286.1645212745534	176.0
1286.9091787084124	204.0
1289.2685013495093	196.0
1291.0027349056777	224.0
1295.300109624483	220.0
1300.9385230688224	216.0
1301.9384802114987	208.0
1306.1581953760383	212.0
1306.2749154164376	144.0
1308.3989961643952	204.0
1308.7155476049334	140.0
1309.2500000026716	100.0
1309.3485650325388	196.0
1312.2658912767552	120.0
1314.5217708886787	176.0
1320.8851098544494	224.0
1324.9773645141263	196.0
1325.781545110015	216.0
1326.2183218843934	228.0
1326.3114397922322	140.0
1326.656277701847	212.0
1329.8816684770445	208.0
1332.3383080172032	220.0
1333.0554725740747	120.0
1333.7788897005432	204.0
1333.975134667254	144.0
1334.1823655936976	176.0
1337.5637672022285	232.0
1338.2894674070187	228.0
1340.5766965570476	216.0
1340.8264142878957	212.0
1344.9057552171298	208.0
1345.1750000028023	88.0
1345.2500000028026	72.0
1348.3613144902781	224.0
1351.1456604083114	232.0
1352.4851743235859	220.0
1353.6907349142618	144.0
1354.080450510071	228.0
1356.0657766764862	176.0
1356.8552289697836	120.0
1360.2243014884696	204.0
1360.8367535993173	196.0
1363.7250000028698	36.0
1363.9250000028705	8.0
1363.9250000028705	28.0
1363.9250000028705	32.0
1364.0000000028708	88.0
1364.050000002871	52.0
1364.075000002871	40.0
1364.1250000028713	12.0
1364.1250000028713	72.0
1364.1750000028715	64.0
1364.2750000028718	60.0
1364.300000002872	96.0
1364.325000002872	92.0
1364.4000000028723	68.0
1364.4250000028724	4.0
1364.4500000028725	20.0
1364.4750000028725	44.0
1364.5000000028726	76.0
1364.600000002873	84.0
1364.7250000028735	48.0
1364.9250000028742	16.0
1364.9750000028744	24.0
1365.1000000028748	56.0
1365.400000002876	0.0
1366.6237378229137	232.0
1367.5250000028836	104.0
1367.919394398904	140.0
1368.0000000028854	80.0
1371.6548869742223	212.0
1376.371786288103	220.0
1376.4233667910216	140.0
1378.1114588018454	228.0
1379.4535793072157	216.0
1379.4975277362157	224.0
1380.1759793496344	196.0
1382.2951903029718	176.0
1386.0803250342433	208.0
1386.6935676732783	144.0
1388.0871052618083	204.0
1393.942659077484	120.0
1394.385646937387	228.0
1398.3968486556062	208.0
1398.7087375616059	216.0
1400.9312911467312	220.0
1400.9946358476275	212.0
1401.6729663561314	224.0
1408.1275941239705	176.0
1408.2567538997803	232.0
1409.0734281261214	196.0
1410.2263578516092	204.0
1411.3951171861054	140.0
1413.9000000030524	28.0
1413.9750000030526	88.0
1413.9750000030526	92.0
1414.0250000030528	72.0
1414.4000000030542	96.0
1414.4250000030543	32.0
1414.4500000030544	36.0
1414.5500000030547	12.0
1414.5750000030548	8.0
1414.600000003055	40.0
1414.600000003055	44.0
1414.650000003055	48.0
1414.900000003056	64.0
1415.0000000030564	60.0
1415.1427653525336	144.0
1415.2750000030574	16.0
1415.2750000030574	52.0
1415.450000003058	68.0
1415.5250000030583	20.0
1416.250000003061	24.0
1416.4500000030616	0.0
1417.125000003064	84.0
1418.0318678143153	120.0
1418.2500000030682	104.0
1418.5750000030694	4.0
1418.58946339076	208.0
1419.000000003071	76.0
1421.4439637211408	176.0
1422.7536513248524	220.0
1423.850048302827	216.0
1426.6431023566356	140.0
1426.9835168533518	224.0
1428.1968084621458	212.0
1433.8151867372233	144.0
1435.186751786873	204.0
1436.0369159844454	196.0
1436.6159893768468	120.0
1441.382115684729	212.0
1451.2725436330559	176.0
1452.120045278479	140.0
1452.2927012457164	208.0
1454.232223301311	144.0
1454.5196685911455	224.0
1455.2747592110024	216.0
1457.8492530922363	196.0
1457.9889208355912	220.0
1463.2968652992788	204.0
1464.3625726453317	120.0
1466.1214902824102	220.0
1466.9750000032454	100.0
1472.6106248645594	216.0
1475.0461938213414	204.0
1478.637301049218	224.0
1481.123075376344	144.0
1481.4673136408562	212.0
1481.7328591975129	208.0
1482.7458849158397	176.0
1484.9244730398268	120.0
1484.957104598878	140.0
1485.2592542781151	196.0
1491.1750000033335	100.0
1491.8574940231624	220.0
1495.1288306929916	224.0
1495.252930226416	212.0
1498.532781835679	216.0
1501.1704901448395	176.0
1504.7052961542288	204.0
1508.5132219528998	208.0
1510.432481154233	196.0
1511.317291881397	144.0
1512.5955585617041	120.0
1515.2386830375176	140.0
1515.9250000034235	100.0
1521.3325067956746	212.0
1522.7912681483965	140.0
1525.918988755052	220.0
1526.1361177823924	224.0
1526.2002250815772	208.0
1529.5900182132546	204.0
1530.0970260901593	216.0
1536.468095283969	120.0
1536.5233523899287	176.0
1540.273079927373	196.0
1541.2500000035157	100.0
1542.6066104152883	144.0
1544.7972058569712	216.0
1545.7187375089002	224.0
1546.1558793138831	212.0
1548.3399097615243	208.0
1550.766062467546	120.0
1552.7738830427709	204.0
1552.9859691983252	220.0
1555.0139634137347	144.0
1555.8221885915277	140.0
1559.0115554958168	176.0
1559.978400638999	196.0
1562.4750000035929	100.0
1575.4757039119231	220.0
1575.692725996319	224.0
1576.2183218843934	228.0
1576.4177514172325	212.0
1578.1482079927243	196.0
1578.811900723714	216.0
1579.757729728755	176.0
1581.5833317112354	208.0
1585.2120315650764	120.0
1586.1323102006038	140.0
1587.5637672022285	232.0
1588.0153474447854	204.0
1588.2546007063906	144.0
1591.1500000036972	88.0
1591.2445144808858	228.0
1591.3250000036978	36.0
1591.375000003698	72.0
1591.4750000036984	28.0
1591.4750000036984	40.0
1591.5500000036986	32.0
1591.6000000036988	20.0
1591.675000003699	8.0
1591.7000000036992	12.0
1591.7250000036993	64.0
1591.7500000036994	96.0
1591.7750000036995	52.0
1591.7750000036995	92.0
1591.8500000036997	68.0
1592.0000000037003	60.0
1592.3000000037014	84.0
1592.3250000037015	48.0
1592.4250000037018	24.0
1592.5500000037023	16.0
1594.195677847004	220.0
1595.250000003712	104.0
1595.9530700315195	216.0
1598.77450098778	208.0
1599.6410080659298	204.0
1600.4843284751132	212.0
1604.8797028450558	224.0
1607.2468696089857	140.0
1607.3677878586998	232.0
1608.0099683296185	196.0
1608.7304518795067	228.0
1611.7765514660828	176.0
1611.8381399043974	144.0
1612.6730351770134	120.0
1616.100000003788	88.0
1616.3500000037889	36.0
1616.375000003789	72.0
1616.4500000037892	28.0
1616.6000000037898	12.0
1616.7000000037901	68.0
1616.8000000037905	8.0
1617.0000000037912	96.0
1617.0500000037914	60.0
1617.1250000037917	92.0
1617.1500000037918	4.0
1617.3750000037926	52.0
1617.5750000037933	64.0
1617.9250000037946	32.0
1618.1000000037952	40.0
1619.5000000038003	20.0
1620.577120464444	216.0
1620.6250000038044	0.0
1621.1000000038061	104.0
1623.420043943753	220.0
1624.9838097474806	120.0
1625.5440975419326	208.0
1625.9122815385556	232.0
1626.66062525365	224.0
1626.7761926626538	228.0
1627.915242989191	140.0
1629.773288928118	212.0
1629.8540668631806	204.0
1632.2254456349735	144.0
1638.2205064060752	196.0
1641.6343154990095	208.0
1641.9854557141518	228.0
1642.5189612059005	176.0
1647.8012228681957	220.0
1649.2352417523334	216.0
1649.5573660750836	232.0
1649.8909053193877	224.0
1653.5585336780678	120.0
1655.8957397794074	212.0
1657.2642724780114	196.0
1658.9065136190245	140.0
1659.2093316730734	144.0
1659.944417240961	176.0
1661.5717706322628	204.0
1662.4911627163196	232.0
1664.0250000039623	88.0
1664.3000000039633	72.0
1664.3250000039634	28.0
1664.3250000039634	36.0
1664.5500000039642	68.0
1664.6000000039644	32.0
1664.6250000039645	8.0
1664.6500000039646	12.0
1664.6750000039647	40.0
1664.6750000039647	96.0
1664.8500000039653	64.0
1664.9250000039656	92.0
1664.9750000039658	20.0
1664.9750000039658	60.0
1665.1750000039665	52.0
1665.2250000039667	48.0
1665.3500000039671	24.0
1665.6750000039683	56.0
1665.6750000039683	76.0
1665.7000000039684	44.0
1665.8250000039689	0.0
1665.8250000039689	84.0
1666.12500000397	4.0
1666.1750000039701	16.0
1668.1750000039774	104.0
1669.8506145993117	224.0
1671.271981065723	208.0
1671.5131717788001	216.0
1674.628531331493	176.0
1675.0734381304994	196.0
1675.882611449152	212.0
1678.6800976970426	220.0
1681.3496002345091	144.0
1681.609160194984	204.0
1682.9138336411609	120.0
1694.0988824274589	220.0
1694.6043293008122	216.0
1695.1486506636818	140.0
1695.6577122729002	224.0
1701.4898750575603	212.0
1707.2113235556421	208.0
1708.9647162141666	120.0
1709.4899094491914	196.0
1711.3057757878175	204.0
1711.6499950793834	144.0
1713.5940658357774	176.0
1715.7213511325244	140.0
1717.6500000041574	100.0
1719.1774780124636	224.0
1725.1576974832205	212.0
1725.1849868729962	216.0
1726.5064027771195	140.0
1727.6154977244305	220.0
1732.7027327919702	208.0
1732.9322373510395	176.0
1733.9485321177908	196.0
1736.2419459306104	204.0
1738.2153490590931	120.0
1738.2665574621176	144.0
1741.8284510962	224.0
1742.6750000042484	100.0
1744.3857125846725	216.0
1750.7013186411461	176.0
1751.7745203378215	220.0
1754.1078568029993	208.0
1754.6396636703973	212.0
1755.2192437960152	120.0
1756.3431603005463	140.0
1756.7799074262946	144.0
1762.726503563978	204.0
1763.7847470319925	196.0
1765.12500000433	100.0
1768.5024317856673	208.0
1774.2664570819172	212.0
1776.3650968633135	224.0
1776.4204466522563	220.0
1778.5153532810466	216.0
1779.043869068618	144.0
1782.0920046976794	140.0
1785.009059348019	120.0
1785.1858541087079	204.0
1789.63651179237	176.0
1790.8500000044237	100.0
1790.8572288221521	196.0
1793.666269422866	212.0
1795.591089845796	220.0
1796.5858326850798	208.0
1797.751645375702	216.0
1807.0720082943694	224.0
1808.8939472603793	144.0
1810.6059907587648	204.0
1811.3923296059381	140.0
1812.1147116077625	176.0
1812.8141206404487	120.0
1814.4018257909047	196.0
1815.700000004514	100.0
1820.9725870342963	224.0
1821.7825657947965	208.0
1825.340175267939	220.0
1826.2183218843934	228.0
1829.3708547678098	176.0
1830.8108556698626	216.0
1830.9272789176352	120.0
1831.8047245653092	204.0
1832.5302017506579	140.0
1834.6961948512674	144.0
1835.8528567489645	196.0
1835.8555456742827	212.0
1837.5637672022285	232.0
1840.190743515664	212.0
1842.9992969027164	228.0
1848.4991429852873	220.0
1851.346276507158	232.0
1854.9834672832042	196.0
1855.2816945125478	208.0
1855.3838604474493	216.0
1858.0231301244785	176.0
1860.6420231893833	144.0
1860.725000004678	12.0
1860.750000004678	36.0
1860.750000004678	84.0
1860.750000004678	88.0
1860.967281212015	204.0
1861.1750000046795	96.0
1861.2000000046796	72.0
1861.2250000046797	32.0
1861.32500000468	16.0
1861.3500000046802	24.0
1861.3500000046802	56.0
1861.4000000046804	40.0
1861.4000000046804	60.0
1861.4000000046804	64.0
1861.4000000046804	68.0
1861.4250000046804	28.0
1861.6500000046813	20.0
1861.7750000046817	48.0
1861.7750000046817	52.0
1861.825000004682	92.0
1862.2250000046834	44.0
1862.3250000046837	0.0
1862.3250000046837	4.0
1862.3500000046838	8.0
1862.9053608017778	224.0
1863.3250000046874	76.0
1863.8774009882234	228.0
1864.7000000046924	104.0
1865.3841984696733	140.0
1866.6306413245336	232.0
1867.94426727961	212.0
1870.2948992551353	120.0
1871.1825750206642	220.0
1872.7916489220818	208.0
1874.411998056808	224.0
1878.6831931036481	216.0
1881.513942292874	176.0
1883.5746680270163	144.0
1884.0777921858926	196.0
1884.5698092133318	140.0
1884.7067526084977	232.0
1886.7863157475133	204.0
1886.9000000047731	36.0
1886.9000000047731	88.0
1887.0750000047738	28.0
1887.1000000047738	72.0
1887.2250000047743	8.0
1887.2500000047744	68.0
1887.3250000047747	96.0
1887.400000004775	52.0
1887.425000004775	64.0
1887.4750000047752	60.0
1887.6500000047758	32.0
1887.6500000047758	40.0
1887.6500000047758	92.0
1887.7750000047763	12.0
1887.7750000047763	20.0
1887.950000004777	16.0
1888.0250000047772	48.0
1888.0750000047774	84.0
1888.4000000047786	24.0
1888.500000004779	0.0
1888.6750000047796	56.0
1888.7000000047797	4.0
1888.8843234966125	120.0
1888.9000000047804	44.0
1889.075000004781	76.0
1889.6480488656582	228.0
1891.0750000047883	104.0
1893.1934395066062	212.0
1893.697003497245	224.0
1895.8461014924762	208.0
1899.4793448541016	216.0
1900.844330074216	220.0
1903.215964809769	196.0
1906.4229822107843	228.0
1910.4620824875503	204.0
1913.0855465369136	120.0
1913.444844845869	176.0
1916.5227819057627	144.0
1917.690790119481	212.0
1918.0743347003026	232.0
1921.3540827995623	140.0
1924.3151013017566	204.0
1924.852941406774	224.0
1925.0435819649133	208.0
1926.136442361147	220.0
1928.4574829926867	216.0
1931.9328668077487	176.0
1932.587108938858	196.0
1936.4532921762973	144.0
1940.1954195458698	140.0
1941.8036944073956	120.0
1944.9342730964745	216.0
1946.0350571904091	224.0
1946.973625119147	212.0
1948.09531478156	220.0
1951.7875895661857	120.0
1952.514929885563	208.0
1954.635026833395	204.0
1957.241469203157	144.0
1957.73897753344	140.0
1960.6095213175322	176.0
1964.6797134907965	196.0
1972.8235264984803	176.0
1973.0000000050863	100.0
1975.0311771685824	208.0
1976.765329897145	220.0
1976.972363117845	224.0
1977.3958383578247	216.0
1979.3761789461053	144.0
1979.7449127518048	204.0
1980.3022518389116	140.0
1983.5964201680504	212.0
1983.6632016190374	120.0
1989.0468798693537	196.0
1992.1845049189865	224.0
1995.24423344456	140.0
1996.582862904501	212.0
1999.4148518060535	220.0
1999.6458436857165	216.0
2000.454886830859	208.0
2000.8500000051877	100.0
2002.097516479953	196.0
2006.1861312527521	144.0
2009.018103316039	120.0
2012.2281826914102	204.0
2012.744437222422	176.0
2016.8572337700734	212.0
2019.5336412847805	208.0
2021.31094919342	220.0
2027.2500000052837	100.0
2027.984255780047	216.0
2028.762455019265	204.0
2030.0103427510192	224.0
2031.0274115799082	144.0
2032.6160099771328	140.0
2033.7381437181052	120.0
2036.1430961773458	176.0
2037.1664515964046	196.0
2040.0012890461342	224.0
2046.5061749014342	216.0
45.558	221.0
47.368	213.0
48.638	205.0
50.916	209.0
51.762	217.0
52.031	181.0
57.900	29.0
57.900	33.0
57.900	61.0
57.900	89.0
57.925	45.0
57.925	93.0
58.225	49.0
58.225	97.0
58.425	57.0
58.450	73.0
58.450	81.0
58.525	17.0
58.525	65.0
58.525	77.0
59.025	9.0
59.175	5.0
59.175	21.0
59.175	85.0
59.225	13.0
59.450	1.0
59.475	37.0
59.500	69.0
59.525	101.0
59.575	53.0
59.850	41.0
59.900	25.0
63.925	101.0
63.950	153.0
67.047	197.0
68.770	169.0
73.037	225.0
74.214	209.0
77.196	205.0
77.276	229.0
79.677	221.0
80.219	217.0
80.709	213.0
83.217	169.0
84.235	233.0
84.295	153.0
88.766	225.0
93.798	181.0
93.960	197.0
95.558	221.0
97.368	213.0
97.552	229.0
98.638	205.0
100.916	209.0
101.762	217.0
102.031	181.0
106.508	225.0
106.518	233.0
109.550	33.0
109.550	89.0
109.575	29.0
109.575	61.0
109.925	45.0
109.925	93.0
110.150	73.0
110.150	81.0
110.475	9.0
110.525	17.0
110.525	49.0
110.575	65.0
110.600	77.0
110.650	57.0
110.800	21.0
110.800	85.0
110.925	37.0
110.975	13.0
111.050	5.0
111.075	97.0
111.100	69.0
111.175	53.0
111.250	25.0
111.425	1.0
111.875	41.0
113.950	153.0
117.047	197.0
117.389	229.0
117.681	205.0
118.770	169.0
120.589	221.0
121.462	225.0
121.542	233.0
125.140	153.0
125.985	209.0
130.707	213.0
130.809	229.0
132.294	169.0
134.137	197.0
135.840	217.0
136.675	225.0
137.850	5.0
137.875	65.0
137.875	77.0
137.900	17.0
137.900	73.0
137.900	81.0
137.925	61.0
138.275	37.0
138.350	89.0
138.625	33.0
138.925	45.0
138.925	93.0
139.622	181.0
139.650	25.0
140.400	29.0
140.450	49.0
140.625	69.0
140.725	21.0
140.750	85.0
140.810	233.0
140.900	9.0
141.200	13.0
141.200	97.0
141.450	53.0
142.150	1.0
142.250	57.0
143.300	41.0
146.656	205.0
147.259	197.0
149.271	209.0
150.374	229.0
154.304	153.0
154.847	233.0
155.901	217.0
156.350	213.0
158.210	221.0
160.893	181.0
165.806	169.0
168.817	205.0
170.050	61.0
170.475	93.0
170.700	33.0
171.175	29.0
175.199	213.0
176.533	221.0
181.827	197.0
182.575	209.0
183.569	169.0
184.799	217.0
185.772	153.0
187.793	181.0
196.305	213.0
196.680	217.0
199.660	209.0
199.835	205.0
204.490	221.0
206.634	153.0
207.257	197.0
213.097	181.0
214.601	169.0
222.826	217.0
223.777	209.0
224.012	213.0
224.929	205.0
228.940	197.0
231.269	153.0
233.008	221.0
233.619	181.0
236.850	101.0
237.009	169.0
243.978	221.0
249.325	209.0
253.558	153.0
254.086	197.0
254.496	205.0
256.562	217.0
257.911	213.0
261.078	169.0
261.550	101.0
261.823	181.0
264.660	209.0
268.298	213.0
270.666	217.0
273.866	221.0
280.786	197.0
284.089	153.0
285.686	205.0
287.111	181.0
287.189	169.0
287.325	101.0
296.305	217.0
299.817	205.0
300.369	221.0
300.572	209.0
301.517	213.0
306.426	153.0
307.837	169.0
312.638	197.0
313.175	101.0
315.281	181.0
320.879	209.0
323.037	225.0
325.495	217.0
327.081	213.0
327.276	229.0
328.032	221.0
329.099	169.0
329.231	205.0
329.628	197.0
330.850	181.0
334.235	233.0
335.637	153.0
344.080	225.0
346.912	213.0
346.922	209.0
348.151	221.0
349.040	233.0
349.425	229.0
349.951	217.0
352.995	169.0
356.057	205.0
356.659	197.0
361.420	181.0
362.700	9.0
362.725	29.0
362.725	45.0
362.725	61.0
362.725	73.0
362.725	81.0
362.750	17.0
362.750	21.0
362.750	85.0
362.750	93.0
362.825	37.0
362.850	49.0
363.075	89.0
363.100	5.0
363.125	77.0
363.200	33.0
363.700	13.0
363.700	57.0
363.750	65.0
364.025	1.0
364.325	25.0
364.500	97.0
364.950	53.0
365.150	69.0
365.225	41.0
366.193	213.0
367.082	153.0
368.732	229.0
369.927	217.0
372.375	197.0
375.253	225.0
375.746	153.0
377.125	205.0
381.102	181.0
381.206	209.0
381.469	221.0
386.994	169.0
393.005	213.0
393.649	229.0
393.734	233.0
396.532	217.0
397.061	225.0
398.422	209.0
399.591	153.0
401.879	205.0
405.694	197.0
406.071	221.0
406.241	229.0
408.005	181.0
412.025	33.0
412.100	29.0
412.200	61.0
412.225	93.0
412.425	45.0
412.475	17.0
412.475	73.0
412.475	81.0
412.500	9.0
412.725	97.0
412.775	65.0
412.800	21.0
412.800	77.0
412.800	85.0
412.875	89.0
412.925	49.0
412.925	53.0
413.125	37.0
413.150	25.0
413.700	1.0
413.825	57.0
413.900	13.0
413.925	5.0
414.150	69.0
415.957	169.0
415.998	233.0
420.702	221.0
421.535	217.0
424.993	209.0
425.271	213.0
429.177	153.0
429.983	205.0
433.161	197.0
436.833	169.0
437.676	181.0
442.713	221.0
446.782	213.0
449.683	205.0
451.490	209.0
454.185	217.0
457.633	169.0
459.527	181.0
460.428	153.0
463.014	209.0
467.048	217.0
467.647	197.0
467.675	101.0
470.757	205.0
472.937	213.0
477.948	221.0
479.818	169.0
482.861	197.0
485.593	153.0
485.657	181.0
492.125	101.0
494.592	213.0
494.912	181.0
495.659	209.0
497.650	217.0
502.869	205.0
506.571	221.0
507.205	153.0
508.758	169.0
510.931	197.0
512.734	217.0
514.075	101.0
521.758	221.0
523.869	197.0
524.693	181.0
527.426	205.0
527.734	209.0
528.200	213.0
538.653	169.0
539.375	101.0
543.555	153.0
544.655	221.0
546.049	217.0
549.293	209.0
552.015	205.0
555.103	213.0
555.253	169.0
556.119	197.0
562.366	153.0
563.791	213.0
564.575	101.0
566.125	181.0
570.549	205.0
573.037	225.0
575.308	209.0
576.279	221.0
577.276	229.0
577.541	217.0
584.235	233.0
586.217	169.0
586.439	197.0
589.271	225.0
589.967	153.0
590.954	213.0
592.225	33.0
592.348	181.0
593.150	73.0
593.150	81.0
593.175	37.0
593.225	29.0
593.275	17.0
593.375	61.0
593.643	209.0
593.775	9.0
594.350	25.0
594.725	77.0
594.825	21.0
594.825	85.0
594.875	93.0
596.425	65.0
596.474	221.0
597.125	45.0
597.725	69.0
599.212	205.0
603.432	225.0
603.816	217.0
606.667	229.0
613.106	181.0
613.536	197.0
615.471	153.0
615.559	225.0
616.833	169.0
620.428	233.0
624.717	197.0
624.963	229.0
626.927	217.0
626.938	209.0
627.683	221.0
629.089	169.0
629.700	225.0
629.981	213.0
630.847	205.0
631.557	153.0
632.066	181.0
633.013	233.0
643.600	29.0
643.658	225.0
643.975	33.0
644.025	61.0
644.225	37.0
644.350	93.0
644.800	17.0
644.875	73.0
644.875	81.0
644.975	9.0
645.575	49.0
645.750	65.0
645.775	77.0
646.381	209.0
646.650	89.0
648.489	197.0
648.662	229.0
649.993	213.0
650.147	205.0
651.773	221.0
652.499	217.0
654.838	233.0
656.161	225.0
657.848	181.0
659.718	153.0
669.665	169.0
670.300	209.0
672.130	221.0
673.664	217.0
673.981	181.0
677.886	197.0
678.613	213.0
681.189	169.0
682.515	205.0
685.314	153.0
696.617	209.0
700.842	217.0
700.938	213.0
702.763	205.0
702.985	221.0
704.923	153.0
705.455	181.0
711.667	169.0
715.343	197.0
717.225	101.0
721.353	213.0
722.578	205.0
725.914	217.0
726.572	221.0
728.050	181.0
732.001	209.0
733.177	153.0
733.752	169.0
737.234	197.0
739.900	101.0
750.275	205.0
750.961	217.0
751.353	221.0
752.909	209.0
754.472	213.0
756.401	197.0
758.719	169.0
761.860	181.0
761.975	153.0
765.050	101.0
772.761	213.0
773.708	205.0
774.110	221.0
775.211	209.0
777.105	217.0
781.006	153.0
782.832	169.0
786.971	197.0
787.800	101.0
793.123	221.0
795.980	181.0
801.382	153.0
805.545	217.0
806.472	213.0
806.988	169.0
807.497	205.0
811.137	209.0
812.435	205.0
812.875	181.0
813.800	101.0
815.457	197.0
822.774	209.0
822.933	217.0
822.973	213.0
823.037	225.0
825.576	221.0
827.276	229.0
827.820	181.0
833.029	153.0
833.090	169.0
834.235	233.0
835.580	197.0
835.678	225.0
840.292	229.0
843.300	33.0
845.715	209.0
846.498	221.0
849.101	205.0
851.261	213.0
851.661	233.0
852.145	225.0
856.099	229.0
859.864	181.0
860.678	217.0
861.775	73.0
861.775	81.0
861.800	37.0
861.925	17.0
862.050	29.0
862.050	61.0
862.057	169.0
862.175	45.0
862.175	93.0
862.225	49.0
862.300	65.0
862.300	77.0
862.350	33.0
862.375	9.0
862.400	21.0
862.400	85.0
862.450	89.0
862.500	25.0
862.675	57.0
862.950	5.0
863.075	53.0
863.275	13.0
863.275	97.0
863.616	197.0
864.000	69.0
864.275	1.0
864.450	41.0
864.997	153.0
865.070	225.0
866.977	233.0
870.147	205.0
872.213	213.0
872.877	221.0
875.533	229.0
877.165	217.0
879.828	209.0
880.520	153.0
881.120	225.0
882.509	169.0
886.164	233.0
887.529	197.0
887.973	181.0
888.925	29.0
889.025	73.0
889.025	81.0
889.425	33.0
889.500	17.0
889.550	61.0
889.575	9.0
889.600	25.0
889.600	49.0
889.650	77.0
889.975	37.0
890.050	21.0
890.050	85.0
890.175	93.0
890.200	89.0
890.225	45.0
890.225	65.0
890.800	13.0
890.825	5.0
891.100	69.0
891.625	57.0
891.675	97.0
891.775	53.0
892.025	1.0
892.464	229.0
893.563	209.0
894.233	225.0
898.666	217.0
901.621	213.0
904.068	153.0
904.222	233.0
904.601	205.0
907.304	229.0
907.346	221.0
909.424	169.0
911.456	197.0
912.764	181.0
916.093	205.0
922.290	221.0
924.385	209.0
925.046	169.0
926.296	153.0
926.999	213.0
928.808	181.0
933.587	217.0
941.801	205.0
942.202	197.0
943.243	213.0
945.559	221.0
947.503	217.0
949.818	209.0
957.375	169.0
959.629	197.0
961.148	153.0
962.091	181.0
967.572	209.0
968.775	101.0
970.770	205.0
972.472	221.0
975.032	213.0
981.061	197.0
981.692	181.0
981.814	169.0
985.609	217.0
987.173	153.0
989.629	213.0
992.800	101.0
993.843	205.0
998.423	209.0
1000.668	181.0
1004.199	217.0
1004.663	153.0
1006.003	169.0
1007.076	197.0
1007.730	221.0
1016.625	101.0
1019.741	209.0
1021.559	213.0
1025.011	205.0
1025.660	217.0
1025.710	221.0
1027.147	153.0
1030.400	181.0
1032.873	197.0
1041.350	101.0
1045.792	205.0
1047.724	221.0
1048.579	169.0
1051.073	209.0
1051.698	217.0
1053.248	213.0
1057.712	197.0
1058.442	169.0
1060.700	153.0
1061.413	181.0
1062.600	101.0
1070.648	217.0
1073.037	225.0
1076.329	181.0
1077.194	213.0
1077.255	205.0
1077.276	229.0
1077.330	221.0
1081.312	209.0
1084.235	233.0
1084.480	197.0
1085.990	153.0
1086.899	169.0
1087.189	225.0
1089.379	229.0
1091.075	73.0
1091.075	81.0
1091.200	29.0
1091.250	45.0
1091.275	93.0
1091.300	17.0
1091.400	33.0
1091.500	61.0
1091.625	9.0
1091.825	21.0
1091.825	85.0
1092.000	77.0
1092.125	49.0
1092.750	65.0
1093.725	37.0
1096.654	213.0
1096.836	221.0
1097.857	209.0
1099.370	217.0
1100.700	233.0
1102.332	229.0
1103.261	205.0
1103.743	225.0
1104.615	181.0
1111.443	153.0
1112.854	197.0
1114.404	169.0
1117.485	229.0
1117.675	25.0
1118.000	9.0
1118.200	73.0
1118.200	81.0
1118.225	93.0
1118.250	61.0
1118.275	29.0
1118.450	33.0
1118.450	45.0
1118.500	17.0
1119.100	49.0
1119.575	21.0
1119.600	85.0
1119.875	77.0
1120.026	225.0
1120.175	89.0
1120.600	65.0
1120.775	1.0
1120.817	213.0
1120.950	37.0
1120.975	13.0
1121.025	5.0
1121.700	69.0
1122.725	57.0
1123.171	233.0
1123.873	221.0
1124.132	169.0
1124.953	209.0
1127.219	205.0
1129.553	229.0
1129.622	153.0
1133.172	197.0
1133.484	217.0
1133.612	225.0
1138.033	181.0
1143.209	217.0
1145.916	233.0
1147.718	209.0
1148.606	229.0
1154.336	213.0
1156.601	153.0
1156.866	205.0
1157.285	221.0
1159.099	181.0
1159.750	197.0
1160.604	169.0
1163.850	61.0
1163.875	29.0
1164.075	45.0
1164.100	93.0
1164.125	49.0
1164.200	17.0
1164.200	73.0
1164.200	81.0
1164.225	33.0
1164.350	77.0
1164.350	89.0
1164.400	65.0
1164.475	21.0
1164.475	85.0
1164.750	5.0
1164.775	9.0
1164.825	97.0
1164.875	25.0
1164.875	57.0
1164.950	13.0
1164.950	37.0
1165.425	41.0
1165.750	69.0
1165.800	1.0
1166.175	53.0
1167.625	101.0
1173.636	213.0
1174.839	209.0
1175.716	221.0
1176.536	181.0
1179.463	217.0
1182.155	153.0
1184.246	169.0
1185.856	205.0
1186.532	197.0
1199.747	205.0
1202.252	221.0
1202.976	209.0
1203.272	213.0
1204.231	217.0
1210.026	181.0
1211.301	153.0
1214.054	197.0
1215.382	169.0
1219.656	205.0
1221.482	213.0
1225.239	221.0
1228.443	217.0
1229.000	101.0
1230.687	209.0
1232.377	181.0
1236.623	169.0
1240.209	153.0
1242.349	209.0
1243.332	197.0
1244.345	205.0
1244.414	213.0
1249.648	221.0
1253.163	217.0
1255.775	101.0
1255.999	181.0
1257.032	153.0
1259.472	197.0
1262.326	169.0
1269.613	213.0
1271.851	205.0
1273.129	209.0
1275.425	153.0
1279.710	217.0
1280.074	221.0
1280.150	101.0
1281.950	169.0
1288.317	181.0
1289.072	197.0
1291.066	221.0
1296.003	209.0
1301.868	217.0
1303.022	213.0
1305.215	153.0
1306.313	181.0
1306.324	205.0
1309.250	101.0
1314.467	197.0
1317.110	209.0
1318.085	221.0
1318.994	169.0
1323.037	225.0
1327.276	229.0
1327.959	213.0
1329.296	205.0
1331.334	153.0
1333.036	169.0
1334.235	233.0
1334.914	217.0
1335.176	225.0
1339.008	197.0
1339.739	181.0
1344.082	217.0
1345.325	33.0
1346.803	229.0
1346.916	233.0
1348.090	221.0
1350.972	225.0
1353.695	213.0
1354.886	205.0
1356.998	209.0
1358.534	181.0
1359.641	197.0
1360.204	169.0
1362.364	153.0
1363.532	229.0
1363.675	29.0
1363.925	45.0
1363.925	61.0
1363.925	93.0
1363.975	73.0
1363.975	81.0
1363.975	89.0
1364.025	21.0
1364.025	85.0
1364.100	97.0
1364.125	49.0
1364.150	17.0
1364.175	9.0
1364.175	33.0
1364.225	77.0
1364.350	37.0
1364.425	65.0
1364.500	57.0
1364.550	5.0
1364.625	13.0
1364.675	25.0
1365.100	41.0
1365.175	53.0
1365.175	69.0
1365.275	1.0
1365.616	217.0
1368.981	233.0
1369.992	225.0
1374.900	213.0
1375.521	221.0
1376.158	209.0
1377.046	181.0
1378.450	205.0
1381.576	197.0
1383.942	233.0
1384.638	225.0
1385.545	169.0
1385.909	153.0
1388.231	229.0
1394.365	221.0
1397.672	213.0
1398.319	225.0
1398.727	217.0
1401.777	209.0
1405.981	197.0
1406.934	233.0
1408.943	153.0
1409.180	205.0
1411.802	181.0
1413.900	45.0
1413.900	93.0
1413.925	17.0
1413.925	73.0
1413.925	81.0
1413.975	9.0
1414.050	33.0
1414.450	21.0
1414.450	29.0
1414.450	49.0
1414.450	85.0
1414.475	77.0
1414.575	61.0
1414.725	25.0
1415.225	65.0
1415.275	37.0
1415.425	97.0
1415.750	89.0
1415.900	5.0
1415.900	13.0
1416.635	169.0
1417.025	1.0
1417.050	57.0
1418.690	221.0
1419.695	169.0
1423.777	217.0
1424.203	181.0
1426.630	213.0
1426.722	205.0
1428.748	197.0
1432.703	209.0
1439.489	153.0
1441.387	209.0
1449.042	213.0
1450.363	205.0
1452.308	217.0
1452.522	221.0
1452.723	153.0
1455.152	181.0
1461.764	169.0
1462.031	197.0
1466.975	101.0
1467.730	221.0
1471.360	213.0
1472.977	205.0
1480.675	169.0
1481.213	197.0
1481.756	153.0
1484.594	209.0
1485.399	181.0
1486.502	217.0
1491.175	101.0
1494.300	213.0
1498.826	221.0
1499.145	209.0
1500.544	217.0
1501.707	197.0
1503.916	153.0
1504.301	181.0
1508.796	169.0
1511.564	205.0
1515.925	101.0
1524.892	181.0
1525.944	213.0
1529.915	205.0
1530.680	221.0
1531.398	209.0
1533.288	217.0
1534.297	153.0
1534.504	169.0
1540.511	197.0
1541.250	101.0
1546.336	221.0
1548.286	205.0
1552.839	169.0
1554.055	213.0
1555.909	209.0
1556.066	217.0
1556.798	153.0
1561.062	197.0
1562.475	101.0
1563.105	181.0
1569.190	221.0
1573.037	225.0
1577.276	229.0
1577.514	217.0
1578.614	205.0
1580.080	209.0
1581.024	213.0
1583.720	181.0
1584.235	233.0
1585.051	153.0
1586.814	197.0
1587.806	169.0
1591.150	33.0
1591.200	29.0
1591.225	61.0
1591.450	17.0
1591.475	93.0
1591.550	73.0
1591.550	81.0
1591.675	21.0
1591.675	77.0
1591.675	85.0
1591.750	45.0
1591.800	49.0
1591.825	9.0
1591.900	65.0
1591.925	89.0
1591.975	37.0
1592.025	5.0
1592.118	229.0
1592.300	25.0
1592.375	69.0
1592.575	97.0
1592.600	13.0
1592.825	53.0
1593.650	57.0
1593.791	225.0
1597.306	209.0
1597.606	233.0
1599.111	221.0
1601.295	205.0
1601.694	153.0
1602.990	169.0
1605.705	217.0
1606.123	213.0
1609.867	181.0
1610.798	225.0
1611.195	197.0
1614.017	233.0
1616.100	33.0
1616.250	29.0
1616.450	45.0
1616.450	61.0
1616.450	93.0
1616.525	73.0
1616.525	81.0
1616.850	89.0
1616.950	9.0
1617.025	17.0
1617.100	49.0
1617.475	77.0
1617.725	65.0
1618.025	37.0
1618.050	21.0
1618.050	85.0
1618.750	1.0
1619.400	57.0
1620.273	205.0
1620.850	25.0
1624.469	221.0
1625.376	213.0
1626.174	225.0
1628.971	229.0
1630.324	169.0
1633.302	217.0
1634.098	181.0
1634.829	209.0
1635.868	197.0
1636.671	233.0
1638.295	153.0
1642.660	205.0
1645.186	221.0
1647.179	225.0
1648.008	213.0
1648.264	209.0
1655.816	229.0
1656.977	169.0
1658.739	233.0
1660.389	181.0
1661.087	217.0
1661.349	197.0
1664.200	29.0
1664.225	73.0
1664.225	81.0
1664.275	33.0
1664.300	61.0
1664.350	45.0
1664.350	93.0
1664.550	9.0
1664.600	17.0
1664.650	89.0
1664.675	37.0
1664.675	49.0
1664.800	25.0
1664.925	21.0
1664.925	85.0
1665.000	77.0
1665.050	65.0
1665.325	97.0
1665.525	57.0
1665.575	53.0
1665.625	69.0
1665.675	5.0
1666.200	1.0
1666.725	13.0
1667.366	153.0
1669.407	213.0
1674.456	197.0
1676.748	217.0
1679.164	205.0
1679.730	221.0
1681.138	209.0
1685.220	181.0
1688.427	169.0
1692.292	153.0
1694.164	205.0
1694.288	209.0
1698.352	217.0
1703.002	181.0
1705.750	213.0
1705.779	169.0
1706.253	197.0
1706.448	221.0
1713.785	153.0
1717.650	101.0
1718.053	221.0
1719.940	217.0
1721.404	209.0
1722.340	213.0
1722.382	205.0
1728.602	169.0
1729.225	197.0
1734.311	153.0
1735.457	181.0
1738.885	205.0
1742.675	101.0
1744.504	213.0
1745.000	209.0
1749.153	217.0
1749.196	169.0
1750.230	221.0
1756.592	153.0
1760.006	181.0
1763.245	197.0
1765.125	101.0
1771.039	213.0
1771.337	205.0
1771.363	221.0
1775.982	217.0
1779.646	181.0
1780.029	169.0
1784.912	209.0
1785.259	197.0
1789.826	153.0
1790.850	101.0
1792.489	209.0
1794.311	205.0
1799.571	213.0
1805.815	169.0
1806.158	197.0
1809.088	217.0
1810.688	221.0
1814.655	153.0
1815.700	101.0
1817.556	181.0
1819.017	205.0
1819.353	209.0
1821.705	221.0
1823.037	225.0
1824.642	213.0
1826.081	217.0
1827.276	229.0
1833.058	153.0
1834.235	233.0
1837.270	181.0
1838.801	169.0
1839.601	225.0
1840.443	197.0
1841.676	229.0
1844.788	217.0
1846.157	209.0
1847.182	221.0
1847.894	233.0
1849.041	213.0
1850.693	205.0
1853.445	197.0
1855.134	169.0
1860.601	225.0
1860.725	37.0
1860.725	49.0
1860.750	17.0
1860.750	73.0
1860.750	77.0
1860.750	81.0
1860.775	5.0
1860.775	29.0
1860.775	89.0
1860.825	61.0
1861.175	21.0
1861.175	85.0
1861.275	33.0
1861.325	13.0
1861.350	57.0
1861.400	65.0
1861.425	45.0
1861.425	93.0
1861.825	9.0
1862.150	25.0
1862.200	41.0
1862.350	97.0
1863.100	1.0
1863.150	69.0
1863.450	53.0
1864.298	153.0
1865.035	233.0
1865.575	181.0
1867.799	229.0
1869.990	221.0
1872.858	205.0
1873.372	209.0
1880.044	217.0
1880.386	153.0
1880.568	197.0
1880.769	213.0
1882.241	169.0
1883.370	181.0
1885.140	229.0
1886.900	29.0
1886.900	33.0
1887.075	93.0
1887.225	61.0
1887.300	17.0
1887.300	77.0
1887.350	9.0
1887.450	73.0
1887.450	81.0
1887.475	45.0
1887.475	49.0
1887.625	21.0
1887.625	85.0
1887.625	97.0
1887.725	65.0
1887.800	37.0
1887.850	89.0
1887.875	25.0
1888.075	5.0
1888.100	1.0
1888.100	13.0
1888.350	57.0
1888.393	225.0
1888.525	41.0
1888.525	69.0
1888.800	53.0
1890.572	233.0
1892.190	205.0
1896.642	221.0
1897.127	217.0
1898.183	213.0
1900.591	229.0
1902.990	233.0
1903.128	209.0
1904.317	153.0
1906.764	169.0
1911.980	217.0
1914.248	181.0
1917.067	197.0
1918.874	205.0
1920.563	213.0
1927.122	221.0
1927.679	169.0
1928.367	197.0
1930.603	153.0
1931.680	181.0
1933.359	209.0
1940.005	217.0
1945.544	209.0
1952.543	221.0
1955.619	205.0
1956.426	213.0
1956.766	181.0
1960.252	153.0
1962.354	217.0
1965.608	197.0
1967.348	169.0
1969.420	221.0
1973.000	101.0
1974.365	213.0
1974.879	209.0
1976.173	205.0
1982.783	197.0
1984.532	153.0
1986.757	181.0
1994.822	221.0
1995.395	169.0
2000.850	101.0
2001.173	209.0
2002.201	213.0
2003.312	181.0
2004.187	169.0
2004.761	217.0
2005.834	205.0
2006.758	153.0
2015.730	221.0
2017.736	197.0
2025.717	197.0
2026.176	205.0
2026.903	209.0
2027.250	101.0
2027.476	213.0
2029.331	217.0
2032.041	153.0
2032.726	181.0
2037.724	169.0
2042.741	205.0
2044.698	221.0
2045.104	209.0
2049.471	217.0
44.230	223.0
47.156	207.0
49.056	211.0
52.663	219.0
54.706	215.0
57.124	199.0
57.845	171.0
57.900	15.0
57.900	19.0
57.900	31.0
57.900	35.0
57.900	51.0
57.900	67.0
57.900	71.0
57.925	11.0
57.925	59.0
57.925	91.0
57.925	95.0
58.225	83.0
58.425	23.0
58.425	43.0
58.450	7.0
58.450	75.0
58.450	79.0
58.475	27.0
58.475	99.0
58.525	55.0
58.525	63.0
58.600	3.0
59.075	39.0
59.175	47.0
59.175	87.0
59.900	103.0
60.886	147.0
62.478	115.0
63.714	127.0
65.075	103.0
68.731	211.0
71.854	223.0
74.994	215.0
75.949	127.0
78.545	171.0
78.890	147.0
81.807	219.0
81.990	231.0
82.261	207.0
86.511	115.0
87.642	199.0
91.584	227.0
94.230	223.0
97.156	207.0
99.056	211.0
102.663	219.0
104.706	215.0
107.124	199.0
107.845	171.0
107.996	231.0
109.349	227.0
109.550	15.0
109.550	31.0
109.550	35.0
109.550	67.0
109.575	19.0
109.575	51.0
109.600	71.0
109.950	91.0
109.950	95.0
110.025	27.0
110.025	99.0
110.050	59.0
110.100	11.0
110.150	7.0
110.150	75.0
110.150	79.0
110.575	63.0
110.600	55.0
110.625	23.0
110.700	39.0
110.750	83.0
110.800	43.0
110.850	3.0
110.886	147.0
110.925	87.0
111.350	47.0
111.700	103.0
112.478	115.0
113.714	127.0
116.175	103.0
117.921	223.0
119.389	207.0
120.584	231.0
123.760	219.0
126.273	215.0
126.853	127.0
127.930	199.0
129.190	211.0
132.745	115.0
134.252	227.0
137.875	87.0
137.925	91.0
137.925	95.0
137.950	19.0
137.950	35.0
138.375	31.0
138.640	147.0
138.675	3.0
138.925	51.0
138.975	15.0
139.775	103.0
139.900	47.0
140.000	55.0
140.175	63.0
140.225	99.0
140.275	27.0
140.350	75.0
140.600	67.0
140.825	7.0
141.064	171.0
141.125	71.0
141.200	59.0
141.425	79.0
141.425	83.0
141.450	39.0
141.650	43.0
142.175	23.0
142.775	11.0
143.900	103.0
146.837	231.0
147.418	219.0
147.592	227.0
148.030	211.0
148.183	215.0
150.988	199.0
151.550	103.0
156.147	207.0
156.965	223.0
158.990	147.0
160.751	127.0
161.590	171.0
162.413	115.0
162.830	227.0
169.575	19.0
169.600	91.0
169.600	95.0
169.775	3.0
170.225	15.0
170.400	35.0
170.400	51.0
170.745	223.0
171.025	31.0
172.156	215.0
172.200	103.0
172.715	219.0
177.929	207.0
178.201	211.0
181.673	199.0
181.694	127.0
182.594	147.0
183.800	115.0
184.399	171.0
186.905	211.0
187.825	103.0
194.878	207.0
199.381	223.0
203.569	219.0
205.727	215.0
207.486	147.0
207.736	171.0
207.938	115.0
214.368	199.0
215.514	127.0
215.888	223.0
216.050	103.0
223.637	207.0
224.481	219.0
224.870	115.0
232.086	211.0
232.475	215.0
235.295	147.0
237.772	199.0
240.550	127.0
243.617	171.0
247.540	215.0
248.450	211.0
250.358	207.0
252.527	219.0
254.382	199.0
255.587	223.0
264.382	127.0
264.540	171.0
264.766	115.0
265.995	147.0
269.457	211.0
274.187	219.0
275.230	207.0
275.642	215.0
277.119	223.0
281.146	147.0
286.111	171.0
289.089	115.0
289.291	199.0
289.377	127.0
297.562	215.0
298.994	211.0
300.027	223.0
302.652	207.0
303.039	147.0
306.995	199.0
307.526	219.0
308.711	115.0
311.253	171.0
313.196	127.0
319.208	211.0
321.871	207.0
323.881	215.0
324.915	223.0
328.925	219.0
329.701	147.0
331.700	171.0
331.990	231.0
335.238	115.0
338.336	127.0
339.421	199.0
341.584	227.0
349.883	215.0
350.929	219.0
351.182	231.0
352.597	207.0
354.899	211.0
357.489	127.0
357.717	147.0
358.411	171.0
358.702	223.0
359.047	227.0
361.965	115.0
362.725	15.0
362.725	27.0
362.725	31.0
362.750	19.0
362.750	87.0
362.750	91.0
362.750	95.0
362.994	199.0
363.025	71.0
363.050	51.0
363.100	99.0
363.150	67.0
363.175	35.0
363.175	75.0
363.200	59.0
363.625	7.0
363.625	63.0
363.750	55.0
364.075	3.0
364.245	223.0
364.250	11.0
364.275	39.0
364.275	83.0
364.550	43.0
364.550	79.0
364.575	23.0
364.600	103.0
364.700	47.0
368.950	103.0
372.067	211.0
372.277	207.0
374.459	219.0
375.931	231.0
376.994	147.0
379.936	215.0
381.529	127.0
382.428	115.0
384.050	103.0
385.400	199.0
385.949	171.0
395.122	207.0
397.554	215.0
398.221	231.0
401.325	211.0
403.376	223.0
403.867	227.0
406.152	199.0
407.936	171.0
409.190	115.0
409.365	219.0
412.025	15.0
412.025	19.0
412.025	35.0
412.225	67.0
412.225	91.0
412.225	95.0
412.250	7.0
412.250	75.0
412.300	51.0
412.325	31.0
412.425	27.0
412.650	71.0
412.725	39.0
412.725	59.0
412.775	55.0
412.800	99.0
412.825	87.0
412.950	3.0
413.100	11.0
413.225	79.0
413.275	43.0
413.475	83.0
413.725	23.0
413.950	63.0
413.978	147.0
414.025	47.0
414.075	103.0
417.757	127.0
418.520	227.0
418.600	103.0
421.828	219.0
423.869	215.0
425.907	115.0
428.362	211.0
428.711	147.0
428.791	199.0
429.326	207.0
432.466	127.0
433.172	223.0
433.531	171.0
436.975	103.0
445.277	223.0
448.274	211.0
450.214	207.0
454.300	215.0
454.972	171.0
456.611	127.0
456.697	219.0
460.805	199.0
461.342	115.0
462.010	147.0
465.650	103.0
470.647	207.0
473.596	223.0
474.892	211.0
477.270	219.0
477.452	127.0
479.016	115.0
481.514	215.0
481.936	147.0
487.844	199.0
491.619	171.0
496.559	115.0
497.604	219.0
499.942	207.0
500.073	223.0
503.413	199.0
504.923	127.0
505.005	215.0
506.480	211.0
507.315	171.0
515.305	147.0
517.525	215.0
519.710	207.0
522.574	223.0
524.568	219.0
526.478	211.0
529.168	127.0
530.768	171.0
534.128	147.0
536.510	199.0
541.205	115.0
543.790	215.0
545.259	211.0
548.847	219.0
550.742	207.0
551.337	223.0
556.188	171.0
557.651	115.0
560.600	127.0
561.027	199.0
562.517	147.0
567.005	215.0
569.547	223.0
574.351	211.0
574.809	207.0
575.262	127.0
578.486	219.0
581.990	231.0
582.831	147.0
584.312	199.0
585.500	115.0
585.896	171.0
591.584	227.0
591.744	207.0
592.125	19.0
592.643	223.0
592.691	219.0
592.850	35.0
593.300	91.0
593.300	95.0
593.325	15.0
593.400	7.0
593.425	31.0
593.425	75.0
593.925	27.0
594.000	51.0
594.238	171.0
594.263	231.0
594.350	87.0
594.675	55.0
594.810	215.0
595.150	103.0
595.525	71.0
595.575	67.0
595.650	99.0
598.349	211.0
598.625	59.0
599.646	115.0
600.600	103.0
604.032	199.0
604.897	127.0
606.153	147.0
610.995	227.0
616.613	207.0
616.662	219.0
617.704	231.0
619.525	103.0
620.525	3.0
621.755	223.0
625.349	215.0
626.018	211.0
631.695	231.0
632.401	171.0
632.455	199.0
639.933	127.0
643.575	35.0
643.600	19.0
643.650	51.0
643.675	15.0
643.850	67.0
644.275	91.0
644.275	95.0
644.387	227.0
644.425	83.0
644.625	75.0
644.775	87.0
644.800	7.0
644.800	31.0
645.100	27.0
645.325	71.0
645.475	3.0
645.696	147.0
646.100	103.0
646.625	99.0
648.370	115.0
648.580	207.0
648.637	211.0
649.342	127.0
650.267	219.0
650.969	231.0
652.325	103.0
653.236	215.0
653.840	223.0
656.073	147.0
661.370	199.0
661.636	227.0
662.794	171.0
664.566	231.0
670.859	115.0
674.403	171.0
674.587	211.0
675.958	223.0
677.159	219.0
678.213	215.0
682.381	115.0
682.528	207.0
684.310	127.0
684.455	147.0
686.825	103.0
687.917	199.0
691.950	219.0
697.078	211.0
697.220	215.0
697.222	223.0
698.553	171.0
699.519	207.0
702.534	199.0
703.746	147.0
707.644	127.0
711.178	115.0
714.150	103.0
714.554	215.0
722.231	219.0
724.731	223.0
725.870	147.0
727.742	199.0
727.902	171.0
731.019	127.0
731.059	207.0
733.720	211.0
735.495	115.0
746.415	223.0
747.259	215.0
749.254	219.0
749.951	199.0
752.513	211.0
754.553	207.0
755.697	127.0
760.768	147.0
762.984	115.0
765.156	171.0
770.304	207.0
774.944	211.0
776.095	223.0
777.984	115.0
780.413	215.0
780.670	127.0
780.989	219.0
782.682	171.0
790.332	147.0
793.544	199.0
795.339	211.0
799.155	207.0
801.138	223.0
804.940	215.0
805.291	171.0
807.978	219.0
809.803	199.0
810.108	115.0
810.563	147.0
815.130	127.0
825.208	127.0
826.438	215.0
826.554	219.0
829.101	171.0
830.608	207.0
831.136	223.0
831.990	231.0
832.326	199.0
833.107	211.0
834.081	147.0
834.740	115.0
841.584	227.0
843.075	19.0
843.225	15.0
844.375	75.0
844.607	223.0
844.965	215.0
847.325	103.0
847.400	231.0
848.537	211.0
850.511	127.0
852.069	207.0
856.458	219.0
856.654	171.0
857.504	199.0
857.670	115.0
859.094	227.0
861.750	31.0
861.800	35.0
861.950	7.0
861.975	91.0
861.975	95.0
862.025	87.0
862.050	67.0
862.175	19.0
862.175	59.0
862.275	83.0
862.300	55.0
862.350	51.0
862.400	15.0
862.425	79.0
862.475	27.0
862.525	39.0
862.650	75.0
862.750	71.0
862.775	3.0
862.800	43.0
862.900	99.0
862.950	47.0
863.000	11.0
863.050	23.0
863.207	231.0
863.675	63.0
863.786	147.0
864.050	103.0
868.800	103.0
870.268	223.0
871.376	211.0
875.173	207.0
875.230	171.0
876.098	227.0
878.717	219.0
879.185	127.0
879.724	231.0
880.278	215.0
882.266	147.0
885.846	199.0
889.025	19.0
889.450	3.0
889.500	91.0
889.500	95.0
889.525	31.0
889.550	27.0
889.550	35.0
889.700	15.0
889.700	99.0
889.925	7.0
889.975	51.0
890.025	67.0
890.050	71.0
890.050	87.0
890.100	75.0
890.175	103.0
890.225	55.0
890.300	59.0
890.400	83.0
890.450	63.0
890.650	23.0
890.800	79.0
891.056	227.0
891.125	39.0
891.300	47.0
891.489	219.0
892.241	207.0
892.325	43.0
892.700	11.0
894.200	103.0
896.200	211.0
898.128	223.0
898.804	115.0
899.092	127.0
902.575	103.0
905.059	171.0
905.949	215.0
906.927	231.0
907.946	199.0
908.979	115.0
910.012	147.0
920.968	207.0
922.108	127.0
924.346	227.0
925.891	211.0
925.942	219.0
927.248	215.0
928.342	223.0
928.689	171.0
929.828	147.0
933.431	199.0
934.700	103.0
937.951	115.0
948.338	219.0
950.068	211.0
951.810	223.0
952.019	215.0
955.165	207.0
956.455	171.0
960.077	115.0
963.290	147.0
964.326	199.0
965.600	103.0
968.583	219.0
970.437	127.0
972.393	223.0
974.551	171.0
974.964	115.0
976.144	215.0
980.717	147.0
982.956	199.0
983.982	127.0
985.416	207.0
985.787	211.0
988.494	215.0
1000.085	207.0
1001.724	211.0
1002.512	199.0
1002.555	219.0
1002.563	115.0
1004.954	223.0
1007.981	127.0
1009.406	147.0
1013.395	219.0
1014.933	171.0
1019.830	211.0
1021.786	171.0
1025.541	115.0
1026.178	223.0
1027.033	215.0
1027.602	207.0
1027.696	147.0
1037.134	199.0
1038.464	127.0
1046.495	207.0
1047.162	223.0
1047.494	215.0
1049.996	219.0
1050.719	211.0
1055.201	115.0
1056.670	171.0
1056.934	127.0
1057.610	199.0
1065.503	147.0
1067.436	211.0
1072.896	219.0
1073.909	223.0
1079.589	115.0
1079.995	215.0
1080.329	207.0
1081.367	147.0
1081.990	231.0
1082.798	127.0
1082.832	199.0
1085.480	171.0
1089.750	223.0
1091.000	19.0
1091.050	15.0
1091.200	91.0
1091.200	95.0
1091.300	35.0
1091.400	87.0
1091.550	31.0
1091.575	75.0
1091.584	227.0
1091.650	51.0
1091.696	219.0
1091.850	59.0
1092.175	27.0
1092.350	7.0
1092.550	67.0
1093.350	103.0
1093.825	55.0
1094.275	71.0
1094.319	215.0
1096.738	211.0
1098.438	231.0
1099.900	103.0
1103.569	199.0
1103.758	207.0
1107.754	115.0
1108.285	227.0
1113.794	171.0
1113.851	127.0
1114.766	231.0
1116.399	147.0
1117.800	15.0
1117.800	35.0
1117.825	19.0
1118.150	99.0
1118.250	27.0
1118.250	91.0
1118.250	95.0
1118.300	3.0
1118.575	51.0
1118.925	75.0
1119.100	31.0
1119.725	67.0
1119.925	87.0
1120.150	63.0
1120.175	103.0
1120.425	71.0
1121.025	83.0
1121.100	59.0
1121.425	55.0
1122.075	7.0
1122.900	47.0
1123.750	11.0
1124.130	207.0
1124.630	211.0
1124.875	103.0
1125.170	219.0
1126.071	215.0
1130.293	115.0
1131.890	231.0
1133.260	127.0
1134.522	227.0
1137.685	223.0
1137.733	171.0
1139.301	215.0
1140.575	103.0
1141.542	147.0
1144.500	3.0
1144.642	199.0
1145.071	207.0
1149.305	219.0
1151.581	211.0
1151.617	227.0
1151.632	171.0
1155.928	223.0
1158.814	127.0
1161.349	115.0
1161.466	199.0
1161.601	147.0
1163.825	91.0
1163.850	19.0
1163.850	35.0
1163.850	95.0
1164.100	15.0
1164.175	31.0
1164.225	27.0
1164.250	71.0
1164.300	67.0
1164.325	99.0
1164.450	51.0
1164.450	59.0
1164.525	87.0
1164.550	55.0
1164.575	3.0
1164.575	43.0
1164.675	63.0
1164.750	11.0
1164.850	7.0
1164.875	75.0
1164.950	79.0
1164.950	83.0
1165.050	23.0
1165.125	47.0
1165.675	103.0
1166.000	39.0
1166.603	227.0
1167.100	215.0
1169.170	223.0
1170.425	103.0
1174.204	219.0
1176.701	211.0
1179.387	207.0
1183.722	127.0
1187.511	199.0
1188.498	115.0
1189.685	147.0
1190.285	171.0
1195.214	207.0
1196.902	215.0
1199.803	115.0
1202.997	219.0
1203.363	223.0
1204.750	103.0
1205.154	211.0
1206.266	199.0
1211.601	171.0
1212.630	147.0
1217.597	215.0
1217.804	219.0
1219.394	223.0
1221.109	127.0
1221.864	171.0
1227.677	211.0
1227.972	147.0
1231.337	199.0
1233.702	207.0
1234.973	127.0
1236.908	115.0
1241.698	223.0
1244.996	211.0
1252.592	215.0
1253.788	219.0
1254.842	207.0
1257.176	171.0
1257.601	127.0
1263.809	199.0
1266.149	147.0
1272.220	115.0
1273.016	207.0
1273.430	223.0
1275.141	211.0
1275.903	215.0
1278.941	199.0
1279.524	115.0
1280.569	147.0
1281.092	219.0
1285.835	171.0
1287.685	127.0
1290.106	211.0
1290.930	215.0
1294.014	207.0
1300.726	219.0
1306.266	223.0
1307.057	199.0
1310.336	147.0
1311.393	115.0
1313.394	171.0
1318.094	219.0
1318.102	127.0
1318.645	207.0
1324.286	211.0
1326.844	127.0
1327.367	223.0
1330.069	147.0
1331.990	231.0
1333.797	215.0
1337.290	171.0
1340.422	115.0
1340.485	199.0
1341.584	227.0
1345.175	19.0
1345.600	35.0
1345.631	207.0
1346.733	231.0
1347.775	103.0
1349.524	171.0
1349.686	215.0
1351.119	211.0
1352.323	223.0
1353.462	127.0
1355.002	147.0
1361.034	199.0
1361.142	219.0
1362.966	115.0
1363.107	231.0
1363.650	31.0
1363.750	15.0
1363.850	91.0
1363.850	95.0
1363.875	67.0
1364.000	19.0
1364.025	27.0
1364.025	51.0
1364.100	71.0
1364.100	99.0
1364.175	59.0
1364.200	3.0
1364.200	55.0
1364.225	35.0
1364.225	75.0
1364.225	87.0
1364.250	79.0
1364.325	43.0
1364.350	7.0
1364.425	23.0
1364.575	47.0
1364.625	63.0
1364.725	83.0
1364.875	11.0
1365.100	39.0
1365.825	103.0
1366.888	227.0
1369.931	219.0
1370.528	223.0
1370.625	103.0
1370.800	215.0
1377.342	127.0
1378.843	211.0
1379.024	227.0
1380.475	207.0
1381.378	147.0
1382.303	115.0
1385.315	171.0
1390.749	199.0
1390.925	103.0
1392.700	3.0
1394.074	227.0
1395.411	219.0
1399.501	211.0
1401.738	223.0
1402.292	199.0
1402.336	231.0
1405.317	171.0
1405.600	115.0
1406.966	215.0
1407.339	207.0
1407.533	227.0
1408.198	147.0
1411.156	127.0
1413.925	15.0
1413.925	91.0
1413.925	95.0
1413.975	7.0
1413.975	19.0
1413.975	75.0
1414.450	59.0
1414.450	87.0
1414.550	31.0
1414.575	51.0
1414.575	55.0
1414.625	27.0
1414.625	35.0
1414.825	3.0
1415.075	99.0
1415.700	63.0
1415.700	71.0
1415.800	83.0
1415.825	67.0
1416.050	11.0
1416.075	103.0
1416.525	43.0
1416.700	23.0
1417.750	47.0
1420.650	103.0
1420.935	207.0
1424.391	215.0
1425.306	223.0
1425.925	199.0
1427.756	115.0
1427.837	211.0
1429.641	219.0
1432.661	147.0
1434.025	103.0
1435.794	127.0
1438.504	171.0
1444.091	207.0
1451.781	215.0
1454.409	127.0
1454.661	223.0
1455.930	171.0
1455.971	211.0
1457.911	199.0
1461.707	219.0
1462.529	115.0
1463.677	147.0
1465.775	103.0
1468.831	211.0
1473.454	219.0
1473.505	171.0
1474.820	223.0
1477.735	207.0
1478.080	199.0
1479.107	215.0
1487.123	147.0
1487.363	223.0
1488.666	115.0
1491.820	127.0
1493.042	219.0
1502.925	215.0
1505.844	207.0
1507.288	211.0
1508.151	199.0
1508.438	147.0
1509.670	127.0
1509.760	115.0
1511.435	171.0
1521.229	211.0
1524.381	215.0
1528.265	223.0
1530.158	127.0
1531.030	207.0
1534.085	171.0
1535.314	115.0
1535.928	219.0
1538.731	199.0
1541.347	219.0
1543.044	147.0
1545.801	223.0
1546.644	207.0
1550.210	211.0
1551.399	115.0
1551.617	147.0
1554.586	171.0
1555.588	215.0
1557.318	199.0
1558.895	127.0
1569.717	211.0
1575.603	219.0
1578.236	115.0
1578.964	223.0
1581.428	207.0
1581.990	231.0
1582.229	215.0
1583.194	147.0
1587.350	171.0
1588.758	199.0
1591.150	19.0
1591.225	91.0
1591.225	95.0
1591.325	35.0
1591.375	15.0
1591.450	27.0
1591.500	7.0
1591.550	75.0
1591.575	31.0
1591.575	51.0
1591.584	227.0
1591.600	67.0
1591.625	87.0
1591.675	99.0
1591.800	71.0
1592.000	55.0
1592.050	23.0
1592.075	59.0
1592.150	63.0
1592.350	83.0
1592.400	39.0
1592.475	43.0
1592.600	47.0
1592.825	79.0
1593.250	103.0
1593.700	11.0
1594.048	127.0
1595.275	3.0
1598.225	103.0
1598.722	215.0
1599.144	211.0
1599.262	219.0
1600.298	223.0
1602.117	207.0
1602.849	231.0
1603.324	147.0
1604.365	227.0
1604.444	115.0
1606.311	171.0
1611.667	199.0
1615.534	211.0
1615.541	215.0
1616.100	15.0
1616.100	19.0
1616.175	31.0
1616.175	51.0
1616.200	35.0
1616.400	71.0
1616.450	67.0
1616.450	91.0
1616.450	95.0
1616.466	127.0
1616.500	75.0
1616.625	7.0
1616.900	27.0
1617.055	219.0
1617.075	59.0
1617.325	3.0
1617.425	99.0
1617.800	79.0
1617.875	103.0
1617.975	87.0
1618.275	55.0
1618.475	39.0
1618.520	227.0
1620.500	43.0
1622.650	103.0
1622.876	231.0
1626.846	147.0
1627.080	207.0
1629.915	127.0
1631.992	115.0
1632.062	223.0
1633.541	199.0
1638.850	103.0
1639.606	231.0
1641.702	227.0
1642.232	171.0
1645.446	215.0
1649.491	207.0
1651.957	211.0
1651.997	223.0
1652.868	115.0
1653.473	219.0
1654.538	227.0
1654.796	231.0
1655.311	127.0
1659.676	171.0
1660.870	199.0
1662.410	147.0
1664.025	15.0
1664.025	31.0
1664.025	35.0
1664.050	19.0
1664.175	67.0
1664.300	51.0
1664.350	91.0
1664.350	95.0
1664.425	3.0
1664.450	59.0
1664.500	75.0
1664.525	71.0
1664.625	27.0
1664.825	7.0
1664.875	83.0
1664.875	87.0
1665.050	99.0
1665.300	79.0
1665.475	55.0
1665.525	23.0
1665.725	39.0
1665.750	63.0
1665.950	43.0
1666.025	47.0
1666.100	103.0
1666.275	11.0
1668.343	219.0
1670.650	103.0
1673.532	223.0
1674.221	211.0
1675.506	215.0
1677.890	199.0
1681.081	207.0
1683.151	171.0
1684.498	147.0
1686.650	103.0
1689.194	115.0
1693.033	207.0
1693.761	223.0
1694.681	211.0
1697.364	127.0
1698.665	219.0
1701.078	199.0
1704.450	215.0
1704.594	171.0
1709.450	115.0
1709.684	127.0
1711.741	147.0
1715.050	103.0
1718.509	215.0
1724.789	223.0
1724.852	147.0
1726.080	211.0
1731.039	127.0
1731.606	207.0
1732.093	115.0
1734.901	219.0
1738.052	171.0
1740.387	199.0
1747.226	215.0
1747.544	207.0
1749.030	223.0
1751.861	219.0
1752.547	211.0
1755.107	115.0
1756.576	171.0
1757.503	127.0
1760.828	199.0
1761.997	147.0
1772.668	215.0
1775.063	223.0
1778.273	211.0
1778.889	171.0
1781.667	207.0
1785.455	219.0
1785.830	147.0
1787.537	127.0
1789.561	199.0
1794.323	115.0
1798.193	219.0
1800.531	223.0
1801.224	147.0
1801.497	211.0
1802.242	207.0
1805.636	215.0
1810.746	171.0
1810.824	127.0
1812.769	115.0
1815.145	199.0
1821.340	215.0
1821.945	207.0
1823.988	219.0
1824.021	211.0
1826.632	223.0
1829.634	115.0
1830.386	199.0
1831.426	171.0
1831.990	231.0
1834.590	147.0
1839.809	127.0
1841.584	227.0
1845.429	223.0
1849.120	211.0
1850.023	215.0
1850.386	231.0
1853.227	219.0
1855.380	147.0
1855.914	207.0
1856.767	127.0
1858.324	115.0
1859.514	199.0
1860.675	47.0
1860.725	31.0
1860.725	55.0
1860.725	71.0
1860.725	87.0
1860.750	19.0
1860.750	91.0
1860.750	95.0
1861.325	63.0
1861.350	11.0
1861.350	43.0
1861.350	99.0
1861.375	27.0
1861.375	83.0
1861.425	35.0
1861.425	51.0
1861.450	15.0
1861.475	79.0
1861.550	67.0
1862.000	59.0
1862.050	7.0
1862.050	75.0
1862.100	3.0
1862.475	23.0
1862.640	219.0
1862.775	103.0
1863.400	39.0
1865.689	171.0
1866.578	227.0
1867.325	103.0
1871.509	207.0
1871.784	211.0
1872.505	231.0
1875.457	215.0
1881.498	223.0
1881.599	147.0
1881.601	227.0
1885.176	115.0
1885.493	127.0
1885.933	199.0
1886.299	171.0
1886.900	15.0
1886.900	19.0
1887.050	91.0
1887.050	95.0
1887.100	75.0
1887.225	35.0
1887.250	51.0
1887.375	55.0
1887.400	27.0
1887.400	99.0
1887.450	7.0
1887.525	3.0
1887.525	31.0
1887.550	67.0
1887.550	71.0
1887.700	87.0
1887.800	23.0
1887.850	59.0
1887.875	103.0
1887.900	43.0
1887.950	63.0
1888.075	83.0
1888.211	231.0
1888.250	47.0
1888.350	11.0
1888.450	79.0
1888.625	39.0
1891.800	103.0
1894.133	223.0
1896.842	227.0
1899.145	215.0
1899.836	211.0
1901.150	103.0
1901.396	207.0
1906.143	171.0
1906.801	127.0
1907.385	231.0
1907.408	219.0
1909.062	147.0
1910.029	115.0
1911.922	199.0
1914.907	219.0
1919.459	227.0
1919.843	207.0
1924.250	223.0
1927.135	215.0
1928.997	211.0
1929.534	199.0
1932.005	127.0
1932.707	147.0
1935.325	103.0
1936.377	115.0
1939.242	171.0
1944.502	215.0
1945.281	223.0
1946.473	211.0
1947.232	219.0
1954.475	127.0
1957.774	207.0
1958.484	115.0
1958.746	199.0
1960.324	147.0
1962.241	171.0
1964.320	219.0
1964.550	103.0
1969.418	215.0
1973.478	207.0
1977.142	211.0
1979.147	223.0
1980.819	171.0
1984.969	115.0
1985.211	127.0
1986.370	147.0
1994.012	199.0
1995.072	211.0
1997.400	215.0
2001.052	219.0
2001.722	171.0
2002.671	207.0
2005.218	223.0
2009.326	115.0
2010.682	127.0
2012.623	199.0
2018.106	147.0
2019.947	211.0
2023.415	223.0
2024.061	207.0
2024.667	199.0
2029.130	215.0
2031.559	115.0
2032.265	219.0
2034.439	127.0
2034.788	147.0
2038.753	171.0
2043.576	223.0
2049.666	215.0
2049.912	211.0
43.291	206.0
49.791	218.0
49.853	210.0
51.174	162.0
52.253	222.0
52.581	214.0
53.344	114.0
54.317	178.0
57.474	194.0
57.900	26.0
57.900	34.0
57.900	46.0
57.900	50.0
57.900	58.0
57.925	6.0
57.925	22.0
57.925	42.0
57.925	86.0
58.425	70.0
58.450	10.0
58.450	14.0
58.450	82.0
58.450	94.0
58.525	62.0
58.525	74.0
59.025	66.0
59.175	18.0
59.175	78.0
59.350	2.0
59.575	90.0
59.800	38.0
59.800	98.0
59.825	30.0
59.875	102.0
60.275	54.0
62.457	174.0
64.347	142.0
64.425	102.0
66.056	206.0
71.347	230.0
71.426	226.0
71.972	214.0
74.518	162.0
77.197	210.0
77.254	142.0
82.122	222.0
83.420	174.0
83.593	114.0
86.331	194.0
86.540	218.0
88.303	230.0
89.564	226.0
93.291	206.0
95.114	178.0
99.791	218.0
99.853	210.0
101.174	162.0
102.253	222.0
102.581	214.0
103.344	114.0
103.768	234.0
104.317	178.0
107.474	194.0
109.550	34.0
109.550	58.0
109.575	26.0
109.575	50.0
109.725	46.0
109.925	42.0
109.950	22.0
110.075	6.0
110.075	86.0
110.150	10.0
110.150	14.0
110.150	94.0
110.175	82.0
110.500	70.0
110.525	62.0
110.600	66.0
110.675	74.0
110.925	18.0
111.075	78.0
111.200	90.0
111.375	30.0
111.450	98.0
111.650	54.0
111.725	38.0
111.975	2.0
112.457	174.0
114.347	142.0
117.684	230.0
120.799	234.0
123.335	218.0
123.630	206.0
124.134	210.0
125.028	226.0
125.101	222.0
126.621	214.0
128.333	142.0
132.792	162.0
133.720	234.0
136.917	114.0
137.811	174.0
137.900	10.0
137.900	70.0
137.900	82.0
137.925	14.0
137.925	22.0
137.925	26.0
137.925	50.0
137.925	94.0
137.950	34.0
138.275	62.0
138.478	194.0
138.625	58.0
138.775	86.0
138.825	6.0
139.321	178.0
139.350	2.0
140.325	42.0
140.600	90.0
140.975	74.0
141.425	78.0
141.450	46.0
141.575	66.0
141.650	54.0
141.750	98.0
142.475	30.0
144.453	230.0
145.566	218.0
146.847	226.0
147.247	178.0
147.791	222.0
149.216	210.0
152.371	206.0
152.804	214.0
154.232	194.0
157.656	142.0
160.357	114.0
161.139	174.0
166.056	162.0
169.600	6.0
170.075	26.0
170.125	86.0
170.400	34.0
170.672	214.0
170.725	58.0
170.750	14.0
170.750	82.0
170.750	94.0
171.150	50.0
171.625	70.0
174.259	218.0
175.480	206.0
175.801	210.0
176.424	222.0
178.515	162.0
180.787	234.0
183.995	114.0
184.219	174.0
185.333	142.0
185.796	194.0
185.880	178.0
193.243	218.0
197.214	206.0
197.233	210.0
198.837	214.0
202.882	222.0
204.731	142.0
205.424	114.0
207.750	194.0
211.609	174.0
212.733	162.0
218.231	178.0
221.200	102.0
221.503	210.0
222.310	218.0
225.474	222.0
225.588	162.0
225.868	214.0
227.130	206.0
227.230	114.0
231.432	174.0
232.003	178.0
233.655	142.0
237.510	194.0
243.546	222.0
247.000	206.0
247.175	102.0
250.054	218.0
250.921	210.0
252.023	214.0
252.108	178.0
252.833	114.0
261.875	194.0
262.425	174.0
263.504	162.0
264.900	142.0
270.600	102.0
272.383	206.0
272.473	218.0
275.916	222.0
276.244	210.0
276.803	214.0
279.109	114.0
281.274	142.0
283.870	162.0
284.582	174.0
288.216	178.0
295.300	194.0
295.625	102.0
298.623	218.0
301.483	210.0
301.850	222.0
304.468	162.0
304.611	174.0
304.942	214.0
307.533	206.0
308.714	178.0
312.709	114.0
314.016	194.0
315.163	210.0
315.958	142.0
319.250	102.0
320.244	218.0
321.072	222.0
321.347	230.0
321.426	226.0
325.578	178.0
325.707	214.0
327.725	206.0
330.435	174.0
332.992	142.0
336.338	162.0
337.113	226.0
337.642	114.0
338.043	194.0
342.645	218.0
343.364	222.0
343.728	230.0
350.834	210.0
353.768	234.0
354.316	214.0
356.961	178.0
357.634	206.0
358.722	194.0
362.725	10.0
362.725	14.0
362.725	26.0
362.725	62.0
362.725	82.0
362.725	94.0
362.750	22.0
362.750	70.0
363.050	74.0
363.150	42.0
363.175	34.0
363.175	90.0
363.200	58.0
363.225	6.0
363.225	86.0
363.500	66.0
363.500	78.0
363.625	50.0
364.450	46.0
364.508	162.0
364.531	206.0
364.675	54.0
365.275	30.0
365.425	98.0
365.450	18.0
365.450	174.0
365.490	226.0
365.900	2.0
365.975	38.0
366.093	142.0
368.387	114.0
368.502	222.0
368.691	218.0
371.900	102.0
372.697	214.0
376.529	230.0
379.442	226.0
380.223	234.0
381.309	174.0
384.312	210.0
384.557	178.0
385.226	162.0
385.623	114.0
388.748	142.0
389.026	194.0
396.010	222.0
398.024	206.0
399.650	226.0
399.896	214.0
402.425	174.0
403.204	210.0
403.472	218.0
406.275	114.0
407.612	194.0
408.323	162.0
409.305	178.0
412.025	34.0
412.025	58.0
412.069	234.0
412.200	26.0
412.250	14.0
412.250	82.0
412.250	94.0
412.425	22.0
412.425	42.0
412.450	10.0
412.525	6.0
412.525	70.0
412.575	50.0
412.750	86.0
412.800	46.0
412.800	74.0
412.800	90.0
412.875	62.0
412.900	66.0
413.650	54.0
413.690	142.0
413.900	30.0
413.900	78.0
414.775	38.0
415.150	18.0
416.150	98.0
422.027	218.0
422.895	210.0
425.827	222.0
427.588	214.0
430.741	206.0
431.521	194.0
435.534	210.0
435.913	174.0
439.471	162.0
439.573	178.0
440.046	114.0
441.558	142.0
443.319	214.0
450.521	206.0
451.345	218.0
453.886	174.0
454.749	222.0
458.585	142.0
460.832	114.0
461.508	178.0
462.884	162.0
467.100	102.0
467.408	194.0
470.011	210.0
477.420	222.0
479.241	218.0
481.160	206.0
481.802	194.0
483.496	174.0
483.530	162.0
484.068	114.0
487.836	214.0
488.676	142.0
490.031	178.0
491.175	102.0
497.346	206.0
499.368	214.0
499.565	222.0
500.094	218.0
500.988	210.0
503.187	178.0
503.382	194.0
505.587	114.0
510.447	142.0
513.089	174.0
514.275	102.0
515.651	218.0
518.363	162.0
518.846	206.0
519.973	222.0
521.135	210.0
528.715	178.0
528.932	214.0
533.763	174.0
533.930	114.0
533.964	194.0
538.890	162.0
540.825	102.0
541.225	206.0
541.278	210.0
543.547	142.0
548.358	222.0
552.158	162.0
553.471	218.0
557.420	194.0
557.600	214.0
558.650	174.0
559.640	142.0
565.197	178.0
565.850	102.0
568.450	114.0
570.700	206.0
571.347	230.0
571.426	226.0
574.518	218.0
577.198	214.0
578.181	210.0
578.715	222.0
580.232	162.0
581.705	194.0
583.823	178.0
584.365	114.0
585.276	174.0
585.307	226.0
586.354	142.0
586.432	230.0
592.100	14.0
592.100	82.0
592.100	94.0
592.225	58.0
592.850	34.0
593.350	10.0
593.375	26.0
593.925	50.0
594.375	70.0
594.525	22.0
594.525	42.0
594.525	90.0
594.900	6.0
595.550	46.0
595.950	66.0
596.400	54.0
597.425	74.0
598.793	214.0
598.870	174.0
603.167	226.0
603.379	222.0
603.768	234.0
604.993	206.0
605.133	218.0
605.445	162.0
605.587	178.0
605.673	210.0
607.383	194.0
610.097	142.0
610.282	114.0
612.658	214.0
615.737	230.0
617.546	226.0
619.700	234.0
619.940	218.0
620.758	206.0
621.116	194.0
623.285	210.0
626.145	142.0
634.168	222.0
634.957	234.0
638.440	178.0
638.668	174.0
638.674	162.0
638.858	226.0
643.065	114.0
643.600	34.0
643.900	14.0
643.900	82.0
643.900	94.0
643.925	50.0
643.975	58.0
644.000	46.0
644.025	26.0
644.225	70.0
644.298	210.0
644.300	6.0
644.400	10.0
644.625	86.0
645.448	218.0
645.937	214.0
646.003	206.0
646.275	62.0
647.075	74.0
647.500	98.0
648.375	22.0
649.922	222.0
651.797	194.0
653.894	230.0
657.513	114.0
657.589	234.0
657.613	174.0
660.418	178.0
661.499	142.0
661.502	162.0
671.965	222.0
673.187	234.0
676.549	214.0
679.594	174.0
680.405	142.0
681.710	210.0
682.236	206.0
683.513	218.0
684.383	194.0
687.842	178.0
692.425	162.0
695.536	114.0
696.331	206.0
699.549	214.0
700.747	142.0
703.191	222.0
703.718	210.0
704.480	218.0
705.346	194.0
706.199	114.0
706.987	162.0
711.725	178.0
714.297	174.0
715.575	102.0
716.314	222.0
724.726	206.0
726.242	218.0
729.217	214.0
729.871	114.0
730.754	174.0
731.202	162.0
732.845	210.0
735.164	178.0
737.570	194.0
738.575	102.0
742.211	142.0
745.905	210.0
747.679	222.0
749.182	218.0
752.507	206.0
755.999	114.0
756.349	174.0
756.649	214.0
757.391	162.0
757.537	194.0
759.688	142.0
765.400	102.0
767.218	178.0
768.471	214.0
776.971	210.0
778.762	218.0
778.842	206.0
779.228	222.0
780.728	162.0
780.903	178.0
781.643	142.0
783.720	174.0
787.949	114.0
788.875	102.0
790.332	194.0
791.284	206.0
797.668	210.0
799.305	174.0
802.032	218.0
803.087	214.0
803.399	222.0
804.436	142.0
808.404	194.0
808.799	162.0
812.423	178.0
815.000	102.0
815.096	114.0
816.291	214.0
821.347	230.0
821.426	226.0
824.015	218.0
824.493	142.0
825.875	210.0
826.047	222.0
831.435	114.0
833.769	230.0
834.114	226.0
834.376	174.0
836.384	206.0
837.940	194.0
838.444	162.0
838.895	178.0
840.881	218.0
843.300	58.0
843.600	14.0
843.600	82.0
843.600	94.0
847.680	226.0
849.864	230.0
850.174	222.0
850.276	210.0
851.050	206.0
851.915	142.0
852.165	214.0
853.768	234.0
855.376	178.0
856.181	194.0
856.530	162.0
859.269	114.0
861.800	34.0
861.925	22.0
861.950	6.0
861.950	42.0
862.025	70.0
862.100	10.0
862.100	26.0
862.200	14.0
862.200	82.0
862.200	94.0
862.275	62.0
862.275	86.0
862.350	58.0
862.400	78.0
862.475	50.0
862.625	46.0
862.675	98.0
862.850	90.0
862.925	66.0
862.950	74.0
863.025	18.0
863.100	38.0
863.225	30.0
863.225	54.0
863.563	174.0
864.750	2.0
864.945	230.0
867.633	214.0
871.223	234.0
871.358	206.0
873.776	174.0
874.059	210.0
874.307	222.0
875.833	218.0
878.964	194.0
882.252	230.0
883.716	142.0
885.267	114.0
885.597	226.0
886.885	178.0
889.025	14.0
889.025	82.0
889.025	94.0
889.375	90.0
889.425	58.0
889.450	50.0
889.500	6.0
889.525	10.0
889.550	26.0
889.550	34.0
889.600	22.0
889.675	46.0
890.050	70.0
890.125	86.0
890.150	42.0
890.492	162.0
890.500	62.0
890.575	66.0
890.625	98.0
891.125	74.0
891.500	78.0
892.150	54.0
892.175	30.0
892.200	2.0
893.075	18.0
895.035	230.0
896.327	218.0
897.371	178.0
897.405	114.0
899.204	210.0
901.174	206.0
903.598	222.0
904.568	194.0
905.609	142.0
907.622	174.0
908.121	234.0
909.117	214.0
911.219	162.0
920.851	218.0
923.118	214.0
925.015	234.0
926.202	222.0
928.767	206.0
929.853	210.0
931.432	178.0
931.705	162.0
932.984	174.0
933.451	194.0
933.458	114.0
938.922	142.0
945.261	218.0
949.509	214.0
951.157	206.0
951.501	210.0
952.054	114.0
957.108	222.0
958.157	142.0
959.603	174.0
962.762	162.0
963.104	178.0
965.447	194.0
967.730	210.0
968.650	102.0
975.074	206.0
975.144	222.0
976.120	214.0
983.120	218.0
983.295	178.0
984.623	162.0
987.232	142.0
987.353	114.0
988.924	194.0
989.036	174.0
992.250	102.0
993.303	210.0
995.218	214.0
997.321	222.0
1000.835	218.0
1001.801	162.0
1002.014	178.0
1003.821	206.0
1007.658	114.0
1009.115	194.0
1010.680	174.0
1011.165	142.0
1017.450	102.0
1023.279	162.0
1024.269	210.0
1025.503	214.0
1027.012	218.0
1032.488	114.0
1032.806	206.0
1034.009	222.0
1039.247	174.0
1039.760	142.0
1040.318	194.0
1040.623	178.0
1043.700	102.0
1043.971	214.0
1048.070	206.0
1048.224	142.0
1051.760	218.0
1052.690	222.0
1053.835	178.0
1054.239	210.0
1057.286	114.0
1057.384	194.0
1059.834	174.0
1061.496	162.0
1064.575	102.0
1069.982	222.0
1070.448	210.0
1071.347	230.0
1071.426	226.0
1072.024	218.0
1074.684	206.0
1075.577	142.0
1076.721	114.0
1079.174	214.0
1083.426	162.0
1085.718	194.0
1087.327	178.0
1090.435	174.0
1091.075	14.0
1091.075	82.0
1091.075	94.0
1091.175	22.0
1091.300	34.0
1091.300	70.0
1091.320	230.0
1091.400	58.0
1091.500	26.0
1091.625	10.0
1091.725	42.0
1091.775	6.0
1092.391	226.0
1092.500	90.0
1092.850	50.0
1093.000	86.0
1095.133	218.0
1096.691	210.0
1098.185	206.0
1099.959	214.0
1103.309	222.0
1103.768	234.0
1104.419	174.0
1105.380	178.0
1109.847	194.0
1111.174	230.0
1112.556	114.0
1116.247	142.0
1117.742	226.0
1117.800	34.0
1117.853	162.0
1118.000	14.0
1118.000	82.0
1118.000	94.0
1118.225	26.0
1118.425	58.0
1118.439	218.0
1118.475	10.0
1118.475	22.0
1118.650	90.0
1119.325	62.0
1119.575	70.0
1119.600	74.0
1119.650	6.0
1119.650	42.0
1119.975	66.0
1120.125	50.0
1120.225	98.0
1120.375	86.0
1120.975	46.0
1123.411	222.0
1124.779	210.0
1126.629	234.0
1128.081	214.0
1129.391	230.0
1130.962	114.0
1131.764	226.0
1132.392	206.0
1132.665	162.0
1135.283	174.0
1135.874	194.0
1136.691	142.0
1141.853	178.0
1143.034	222.0
1149.697	210.0
1149.801	230.0
1150.982	214.0
1151.239	218.0
1151.412	206.0
1152.149	178.0
1156.298	162.0
1156.855	114.0
1156.953	194.0
1158.697	234.0
1160.097	142.0
1163.825	22.0
1163.850	26.0
1163.850	34.0
1164.100	42.0
1164.150	6.0
1164.175	70.0
1164.200	14.0
1164.200	58.0
1164.200	82.0
1164.200	86.0
1164.200	94.0
1164.250	10.0
1164.300	50.0
1164.600	62.0
1164.825	74.0
1164.925	90.0
1165.000	46.0
1165.025	66.0
1165.325	78.0
1165.375	54.0
1165.625	98.0
1165.650	2.0
1165.750	30.0
1165.925	38.0
1166.267	174.0
1166.425	18.0
1167.750	102.0
1169.885	206.0
1172.555	210.0
1173.404	218.0
1175.460	142.0
1177.370	222.0
1178.323	214.0
1179.947	114.0
1181.444	234.0
1184.084	194.0
1184.153	174.0
1186.675	162.0
1190.049	178.0
1195.967	210.0
1197.632	214.0
1197.653	222.0
1200.326	206.0
1202.712	114.0
1203.716	218.0
1204.878	194.0
1208.662	178.0
1210.210	142.0
1212.484	162.0
1215.918	174.0
1219.350	102.0
1223.643	218.0
1223.779	206.0
1224.802	214.0
1227.748	142.0
1227.953	222.0
1229.804	174.0
1232.166	194.0
1232.723	210.0
1233.468	114.0
1235.065	162.0
1235.430	178.0
1242.650	102.0
1245.715	210.0
1246.863	114.0
1248.357	206.0
1251.959	222.0
1252.380	218.0
1253.919	214.0
1255.701	162.0
1255.931	178.0
1256.330	142.0
1265.091	194.0
1266.582	174.0
1269.162	214.0
1270.200	102.0
1271.942	222.0
1273.479	206.0
1275.209	218.0
1276.818	194.0
1281.030	178.0
1281.614	210.0
1284.722	162.0
1285.579	174.0
1286.360	114.0
1289.523	142.0
1292.800	102.0
1299.407	214.0
1299.422	210.0
1301.657	218.0
1302.803	142.0
1304.383	222.0
1306.423	206.0
1306.762	114.0
1306.851	178.0
1309.791	162.0
1311.479	194.0
1316.229	174.0
1317.925	102.0
1320.428	218.0
1321.347	230.0
1321.426	226.0
1322.794	210.0
1325.802	162.0
1326.601	214.0
1332.365	222.0
1333.341	174.0
1333.458	206.0
1333.927	142.0
1334.803	194.0
1335.808	178.0
1336.011	226.0
1337.648	114.0
1344.538	214.0
1345.325	58.0
1345.600	34.0
1346.770	210.0
1347.179	230.0
1350.362	114.0
1350.623	142.0
1352.359	206.0
1353.768	234.0
1354.254	222.0
1359.228	194.0
1360.587	218.0
1360.666	230.0
1360.905	162.0
1360.958	226.0
1362.240	178.0
1362.297	174.0
1363.825	22.0
1363.825	42.0
1363.925	26.0
1363.925	70.0
1363.975	14.0
1363.975	82.0
1363.975	94.0
1364.000	50.0
1364.100	6.0
1364.175	58.0
1364.225	10.0
1364.225	34.0
1364.225	90.0
1364.375	86.0
1364.400	46.0
1364.400	62.0
1364.550	54.0
1364.775	74.0
1364.850	78.0
1364.875	30.0
1365.100	66.0
1365.225	18.0
1365.425	2.0
1365.450	98.0
1365.600	38.0
1369.604	206.0
1372.323	234.0
1374.044	222.0
1374.331	214.0
1375.722	230.0
1376.306	114.0
1376.480	218.0
1376.927	226.0
1377.166	210.0
1381.032	174.0
1383.750	142.0
1388.427	230.0
1389.442	234.0
1389.963	194.0
1392.862	178.0
1394.303	214.0
1394.373	226.0
1394.994	162.0
1397.253	210.0
1399.347	206.0
1400.663	222.0
1401.828	230.0
1402.657	234.0
1403.414	218.0
1405.297	114.0
1407.496	194.0
1412.988	178.0
1413.900	22.0
1413.925	14.0
1413.925	42.0
1413.925	82.0
1413.925	94.0
1414.050	58.0
1414.425	70.0
1414.475	6.0
1414.575	26.0
1414.625	34.0
1414.650	10.0
1414.657	174.0
1414.675	90.0
1415.025	50.0
1415.025	54.0
1415.075	86.0
1415.325	74.0
1415.417	222.0
1415.425	66.0
1415.575	62.0
1415.691	162.0
1416.275	46.0
1416.275	78.0
1416.375	98.0
1417.925	2.0
1419.836	210.0
1420.751	234.0
1421.589	142.0
1422.654	218.0
1424.300	102.0
1425.901	162.0
1427.013	214.0
1431.005	206.0
1433.092	178.0
1433.659	174.0
1434.497	142.0
1436.704	114.0
1437.920	194.0
1444.284	222.0
1445.616	206.0
1446.856	214.0
1454.909	210.0
1457.960	218.0
1459.960	114.0
1462.166	194.0
1462.297	178.0
1463.854	162.0
1463.949	142.0
1466.700	102.0
1469.135	222.0
1470.148	174.0
1472.173	206.0
1475.667	214.0
1476.360	218.0
1480.759	114.0
1482.238	162.0
1483.972	210.0
1484.383	174.0
1484.738	194.0
1485.797	178.0
1487.485	142.0
1490.450	102.0
1495.184	210.0
1498.097	206.0
1499.171	114.0
1499.219	162.0
1500.716	222.0
1500.865	214.0
1501.879	178.0
1502.734	218.0
1511.515	174.0
1513.273	194.0
1516.088	142.0
1516.500	102.0
1520.821	210.0
1523.617	214.0
1525.082	162.0
1525.428	206.0
1527.218	174.0
1531.826	178.0
1532.773	218.0
1534.586	114.0
1537.329	142.0
1540.008	194.0
1540.609	222.0
1542.850	102.0
1544.361	222.0
1544.758	218.0
1551.179	174.0
1551.252	214.0
1552.254	162.0
1554.420	210.0
1555.319	206.0
1557.249	114.0
1561.890	142.0
1564.725	102.0
1568.213	194.0
1569.405	178.0
1571.347	230.0
1571.426	226.0
1571.732	206.0
1572.626	218.0
1574.172	222.0
1576.012	210.0
1580.029	214.0
1582.636	114.0
1583.715	194.0
1584.792	174.0
1585.641	142.0
1585.708	226.0
1586.711	162.0
1588.072	178.0
1589.509	230.0
1591.150	58.0
1591.225	26.0
1591.325	14.0
1591.325	34.0
1591.325	82.0
1591.325	94.0
1591.400	70.0
1591.425	10.0
1591.475	6.0
1591.475	22.0
1591.525	50.0
1591.575	86.0
1591.625	46.0
1591.750	42.0
1591.800	62.0
1591.800	90.0
1592.225	74.0
1592.300	66.0
1592.488	214.0
1592.675	54.0
1593.025	78.0
1593.225	98.0
1593.650	30.0
1595.775	210.0
1599.561	218.0
1599.821	222.0
1600.685	226.0
1603.768	234.0
1606.845	230.0
1609.174	206.0
1609.584	178.0
1609.626	114.0
1612.331	162.0
1613.301	194.0
1615.184	142.0
1616.100	58.0
1616.225	34.0
1616.450	22.0
1616.450	26.0
1616.450	50.0
1616.500	82.0
1616.525	14.0
1616.525	94.0
1616.825	42.0
1616.925	46.0
1617.000	70.0
1617.025	10.0
1617.050	6.0
1617.100	174.0
1617.700	74.0
1617.975	66.0
1618.450	62.0
1618.475	86.0
1619.725	90.0
1624.019	230.0
1624.112	234.0
1624.824	174.0
1625.773	206.0
1626.318	222.0
1627.138	214.0
1628.423	210.0
1628.618	218.0
1630.496	142.0
1630.663	226.0
1630.846	194.0
1632.360	114.0
1637.447	234.0
1640.867	178.0
1642.657	162.0
1645.046	214.0
1645.399	230.0
1646.992	210.0
1648.305	226.0
1649.880	234.0
1650.715	222.0
1654.430	218.0
1654.579	206.0
1655.287	114.0
1656.323	194.0
1660.006	162.0
1662.364	174.0
1663.557	234.0
1664.025	34.0
1664.250	14.0
1664.250	82.0
1664.250	94.0
1664.275	58.0
1664.300	26.0
1664.350	22.0
1664.450	6.0
1664.575	10.0
1664.600	70.0
1664.625	50.0
1664.725	42.0
1664.825	46.0
1664.850	86.0
1664.950	90.0
1665.000	62.0
1665.100	74.0
1665.525	66.0
1665.525	78.0
1665.950	54.0
1666.050	98.0
1666.113	178.0
1666.498	142.0
1666.500	2.0
1670.045	218.0
1673.051	206.0
1674.797	210.0
1677.550	174.0
1678.674	114.0
1678.724	234.0
1681.653	194.0
1682.369	214.0
1684.272	178.0
1685.836	222.0
1685.906	162.0
1687.709	142.0
1696.184	210.0
1700.718	214.0
1703.234	218.0
1704.702	206.0
1705.707	222.0
1708.124	162.0
1709.028	194.0
1710.300	174.0
1710.845	142.0
1711.396	114.0
1713.427	178.0
1717.225	102.0
1719.596	218.0
1723.556	214.0
1727.215	222.0
1728.817	206.0
1729.804	194.0
1732.257	210.0
1734.242	174.0
1734.557	178.0
1735.515	142.0
1737.117	162.0
1740.904	114.0
1741.950	102.0
1744.765	214.0
1750.566	206.0
1750.631	142.0
1752.021	222.0
1752.438	218.0
1754.326	178.0
1754.804	162.0
1757.221	210.0
1759.641	194.0
1759.861	114.0
1761.905	174.0
1765.550	102.0
1769.529	206.0
1773.379	222.0
1775.115	210.0
1778.080	214.0
1780.188	174.0
1780.316	218.0
1781.886	142.0
1782.409	178.0
1783.199	114.0
1788.282	162.0
1789.339	194.0
1792.250	102.0
1794.811	206.0
1795.582	214.0
1797.576	210.0
1799.462	218.0
1800.198	194.0
1800.539	222.0
1803.386	114.0
1803.976	162.0
1804.251	178.0
1805.035	174.0
1806.220	142.0
1816.507	218.0
1817.750	102.0
1821.347	230.0
1821.426	226.0
1824.009	222.0
1824.304	214.0
1826.786	206.0
1827.296	114.0
1827.935	194.0
1828.507	210.0
1830.911	174.0
1831.813	178.0
1832.593	162.0
1837.669	142.0
1840.910	230.0
1841.025	226.0
1842.349	214.0
1844.564	210.0
1845.444	222.0
1850.263	162.0
1850.875	178.0
1851.611	218.0
1851.619	206.0
1853.065	226.0
1853.768	234.0
1855.207	142.0
1859.152	114.0
1860.363	230.0
1860.725	42.0
1860.725	50.0
1860.725	70.0
1860.750	14.0
1860.750	22.0
1860.750	82.0
1860.750	94.0
1860.797	194.0
1860.800	62.0
1860.825	10.0
1860.825	26.0
1861.275	58.0
1861.375	78.0
1861.400	74.0
1861.425	6.0
1861.425	34.0
1861.675	86.0
1861.775	66.0
1862.025	38.0
1862.150	90.0
1862.250	54.0
1862.275	98.0
1862.325	46.0
1862.525	30.0
1862.825	2.0
1863.218	174.0
1863.750	18.0
1869.166	226.0
1871.345	210.0
1872.885	230.0
1874.675	218.0
1875.215	234.0
1876.500	222.0
1876.851	162.0
1877.450	206.0
1877.586	178.0
1880.451	114.0
1880.850	214.0
1881.293	194.0
1882.098	174.0
1884.818	142.0
1885.419	226.0
1886.900	58.0
1887.100	14.0
1887.100	82.0
1887.100	94.0
1887.225	26.0
1887.225	34.0
1887.225	50.0
1887.425	6.0
1887.425	22.0
1887.425	70.0
1887.475	10.0
1887.500	42.0
1887.550	46.0
1887.725	90.0
1887.750	86.0
1887.800	74.0
1887.975	66.0
1888.050	62.0
1888.350	54.0
1888.550	98.0
1888.575	2.0
1888.575	30.0
1888.975	78.0
1889.250	38.0
1889.350	18.0
1891.480	234.0
1892.523	218.0
1894.442	214.0
1895.513	210.0
1895.539	222.0
1896.170	206.0
1902.827	226.0
1903.135	174.0
1904.369	114.0
1906.412	178.0
1906.916	142.0
1907.819	194.0
1908.138	234.0
1908.506	206.0
1910.144	162.0
1917.088	210.0
1920.195	214.0
1928.072	218.0
1929.242	234.0
1932.457	194.0
1932.889	222.0
1933.500	142.0
1934.159	178.0
1935.447	162.0
1936.806	114.0
1944.944	174.0
1951.221	206.0
1951.643	214.0
1952.315	222.0
1954.446	210.0
1955.566	218.0
1955.900	194.0
1956.115	162.0
1959.180	178.0
1963.157	174.0
1965.649	114.0
1968.021	222.0
1968.986	142.0
1969.500	102.0
1970.782	218.0
1972.089	210.0
1973.137	206.0
1975.195	214.0
1977.076	194.0
1978.660	174.0
1980.914	114.0
1981.859	162.0
1984.589	178.0
1991.819	218.0
1993.729	142.0
1993.950	102.0
1997.190	206.0
1997.513	222.0
1998.417	210.0
1998.504	162.0
1999.954	174.0
2002.431	214.0
2011.176	142.0
2012.246	178.0
2012.268	194.0
2015.498	114.0
2019.875	102.0
2021.618	218.0
2022.586	206.0
2022.696	210.0
2023.372	114.0
2029.838	222.0
2030.279	194.0
2033.276	142.0
2034.229	162.0
2035.575	214.0
2037.539	174.0
2038.941	178.0
2041.677	206.0
2042.225	102.0
2048.747	218.0
