time	 cell
43.41428339286777	224.0
49.324257938833284	212.0
50.284971033956616	216.0
53.63422190092032	136.0
54.04861974152063	220.0
54.89988532991805	208.0
56.20136590843585	128.0
56.63840575035048	196.0
59.221713764369504	176.0
59.225000000104906	104.0
59.650000000105	20.0
59.72500000010502	28.0
59.875000000105054	88.0
60.0750000001051	24.0
60.12500000010511	16.0
60.150000000105116	36.0
60.150000000105116	92.0
60.17500000010512	96.0
60.37500000010517	84.0
60.675000000105236	80.0
60.800000000105264	0.0
60.82500000010527	60.0
60.90000000010529	56.0
60.92500000010529	8.0
60.92500000010529	48.0
61.05000000010532	44.0
61.05000000010532	76.0
61.10000000010533	52.0
61.27500000010537	40.0
61.27500000010537	68.0
61.27500000010537	72.0
61.375000000105395	100.0
61.47500000010542	4.0
61.62500000010545	32.0
61.775000000105486	12.0
61.78806642033891	160.0
62.2016236769765	156.0
65.75000000010638	100.0
69.22500000010717	104.0
70.74443018717007	224.0
71.31861845910288	212.0
72.28681581217413	220.0
76.2183218843933	228.0
78.42909303121873	216.0
80.0887096602113	160.0
80.56090749558183	136.0
81.44677901499938	156.0
82.7044802496794	196.0
83.71427282044694	208.0
83.90150258049461	128.0
85.34148873390448	176.0
87.5637672022285	232.0
93.41428339286777	224.0
97.85294716342786	228.0
99.32425793883328	212.0
100.28497103395661	216.0
103.63422190092032	136.0
104.04861974152064	220.0
104.89988532991805	208.0
106.20136590843585	128.0
106.63840575035049	196.0
107.8680593426877	232.0
109.22171376436951	176.0
110.92500000011665	20.0
110.97500000011667	28.0
111.30000000011674	16.0
111.37500000011676	88.0
111.42500000011677	36.0
111.42500000011677	92.0
111.50000000011678	24.0
111.78806642033891	160.0
111.80000000011685	96.0
112.07500000011692	84.0
112.20162367697651	156.0
112.35000000011698	80.0
112.52500000011702	52.0
112.55000000011702	60.0
112.60000000011703	8.0
112.60000000011703	48.0
113.05000000011714	40.0
113.07500000011714	32.0
113.20000000011717	56.0
113.27500000011719	44.0
113.3000000001172	0.0
113.42500000011722	72.0
113.42500000011722	76.0
113.50850290121515	228.0
113.57500000011726	12.0
114.42500000011745	4.0
114.52500000011747	68.0
115.25000000011764	104.0
115.57500000011771	64.0
123.23161348972829	208.0
123.85866893118695	232.0
124.33442096122737	212.0
124.43092648683931	196.0
125.61064862805375	216.0
125.7116419067944	228.0
127.86791578629528	224.0
130.12511065977438	156.0
130.29457690101054	220.0
132.5157148098295	136.0
133.89079365005932	128.0
135.68051349592216	160.0
139.92500000010966	92.0
141.07594211211435	176.0
143.9153058675536	212.0
145.0665376791934	224.0
145.7683201077342	232.0
147.9777421859113	220.0
148.61673696857196	216.0
150.75000000009982	104.0
152.7605946625847	208.0
154.06037707089507	128.0
155.96925015561126	228.0
157.06353067732448	196.0
159.36769614099117	156.0
160.36372271246486	136.0
162.61990935746107	160.0
166.04225037325565	176.0
168.86925521571453	216.0
169.07724646690474	232.0
170.73197462128252	224.0
171.88341014500446	208.0
173.79398240059058	212.0
177.34397245297032	136.0
178.31852736872847	160.0
181.0724221342204	220.0
182.46012766558496	128.0
184.86698062401945	156.0
188.26900206282943	176.0
190.38522202194721	196.0
194.1303556854241	220.0
197.2531654068136	224.0
201.9506336894393	208.0
203.7125971950911	216.0
203.93017607089888	212.0
205.8341232535115	160.0
209.08805610016202	136.0
213.44767653837224	156.0
213.84456878801348	176.0
214.36737697355366	128.0
217.74094824236462	208.0
218.28467019890232	224.0
221.4966266923217	220.0
224.2980437006175	216.0
226.66935133536558	196.0
231.75458270131958	136.0
232.53941017391585	212.0
233.0959039804143	128.0
234.8305387486441	156.0
235.25000000002296	104.0
236.12583490318957	160.0
241.17500000001758	100.0
242.49227906412418	224.0
243.69427232221685	176.0
248.36109404937386	196.0
250.80986587275976	216.0
251.56469721054506	220.0
253.5930155931798	208.0
255.13262076112284	196.0
256.8453477925652	212.0
262.6384033678083	156.0
263.0009348891071	176.0
264.8132608545496	160.0
266.4613523336874	128.0
266.58955378447695	136.0
268.21281115849007	208.0
270.43952467030437	216.0
271.1749999999903	100.0
271.55502330624586	220.0
277.315289370296	212.0
277.65190549863513	224.0
279.1820927409328	136.0
279.5695590193634	176.0
283.62868155768155	156.0
290.51701159762865	196.0
291.0220274805428	128.0
293.76814138320964	220.0
294.46364369761966	216.0
294.6215810171193	160.0
299.12499999996487	100.0
299.31205677432587	212.0
301.5172742888117	224.0
303.5315522968846	208.0
304.7786356673009	196.0
305.09233348102185	160.0
309.16145126298653	136.0
310.6188596638833	128.0
311.2339563083405	156.0
312.9920394281682	176.0
322.89999999994325	100.0
323.6672089553194	216.0
326.2183218843933	228.0
326.47499999994	104.0
327.2379641618828	224.0
327.8377975452521	208.0
328.4638211429199	212.0
329.0670121033772	220.0
331.13039189504167	136.0
333.1517679529895	128.0
334.26557527383954	196.0
335.73408461618544	176.0
337.28736884834166	156.0
337.5637672022285	232.0
338.1590325324636	160.0
341.6148125164011	220.0
345.82809969657626	208.0
348.85090717561576	156.0
349.5308910481417	212.0
349.98978734440476	216.0
350.1788114214749	232.0
352.4629277824137	224.0
354.164733045836	136.0
357.7744732389214	228.0
362.3999999999073	28.0
362.67523497413947	196.0
363.5888413731952	160.0
364.6315676415756	176.0
365.70912825758785	128.0
366.42117768182044	208.0
366.64999999990346	60.0
367.95864750812234	220.0
368.1623154966518	232.0
368.274999999902	92.0
368.87499999990143	96.0
371.422761640359	228.0
371.62521539025636	224.0
372.1249999998985	104.0
372.5991992820846	216.0
376.1097173421759	176.0
380.79731568191795	128.0
382.68180632500906	232.0
383.4959224939297	156.0
384.8186069237409	212.0
387.7284172525559	136.0
390.41156829668654	196.0
395.5993043800971	212.0
396.2177213917349	160.0
396.999447495068	220.0
398.50190493552157	196.0
399.5663226009729	216.0
404.0271214774851	228.0
404.4607194558208	232.0
405.24387368736495	208.0
405.9239172101123	136.0
406.4326692661755	156.0
407.55312500914397	160.0
408.5848822890962	176.0
408.9086701274065	224.0
410.45128395279625	128.0
418.64452216696696	232.0
421.9880755327782	208.0
422.9902733407279	216.0
424.69805101853024	212.0
432.5078414744718	220.0
432.7433787967477	156.0
433.53699072712874	176.0
437.8469944259299	196.0
438.10634720737426	224.0
438.6516315940109	128.0
439.6880921704295	136.0
440.7263068863688	160.0
446.8040518992613	224.0
449.4614092538788	212.0
451.30002980132963	196.0
451.6428609770227	216.0
453.3236861289791	220.0
454.02073650225674	208.0
458.843150647847	156.0
459.89969384904344	160.0
461.9997918277752	128.0
462.983360699043	136.0
464.8221269720108	176.0
469.8499999998096	100.0
472.5289897768773	212.0
474.50191788601643	220.0
475.17914346191185	224.0
475.9526242665219	128.0
477.9273409831293	216.0
478.5511710505513	208.0
482.54401886753726	136.0
482.8435388104954	160.0
484.7323817913962	176.0
485.03665422725874	156.0
485.54107726642417	196.0
492.16017884333144	208.0
494.724999999787	100.0
499.69851636947885	212.0
504.15376850623215	216.0
504.4781027720489	224.0
507.45468652812957	156.0
507.6388570385712	220.0
507.8346723205341	136.0
508.14660839030824	176.0
513.4802662164509	160.0
514.3444369513302	128.0
516.6267117559315	196.0
517.7940389096246	224.0
519.074999999797	100.0
524.0359099527719	220.0
525.3786988104866	216.0
525.6229992211889	160.0
526.9483145785932	136.0
531.3916951044702	212.0
531.5677552417255	196.0
531.8022888614076	156.0
532.2211069105545	176.0
534.6823245283856	208.0
540.5359938853273	128.0
543.6789199105245	224.0
544.0249999998878	100.0
548.7521136206286	208.0
549.683527672018	216.0
549.8724655368668	220.0
557.0254697889249	212.0
557.1638805570096	136.0
557.8537828058861	128.0
557.8698253649136	156.0
559.8319629925878	176.0
560.0045275606631	196.0
560.3631085190668	160.0
565.8746751717794	208.0
567.4749999999731	100.0
574.39705505957	212.0
576.2183218843933	228.0
577.9777311371629	224.0
580.2172067735307	156.0
581.4140812999814	220.0
582.0081429316429	216.0
583.652612075078	128.0
586.1677635047372	160.0
587.1454415418743	176.0
587.5637672022285	232.0
587.7920520907882	136.0
589.3402355460444	196.0
596.3350306919315	216.0
599.6387479630141	228.0
600.498018026932	220.0
601.7574320286448	224.0
602.5561931020843	212.0
603.8886077031618	128.0
604.7351295690689	208.0
605.7730648438738	232.0
607.5953183268902	136.0
608.6398302977774	156.0
609.775000000127	28.0
610.2253643933184	160.0
610.4750000001295	84.0
610.4861219830457	176.0
611.0500000001316	60.0
611.3000000001325	52.0
611.5500000001334	20.0
611.5750000001335	36.0
611.6000000001336	92.0
611.6500000001338	96.0
611.8750000001346	24.0
611.8750000001346	72.0
611.975000000135	16.0
612.1750000001357	44.0
612.2250000001359	88.0
612.3250000001362	8.0
612.3250000001362	48.0
612.4000000001365	76.0
612.4250000001366	40.0
612.4250000001366	80.0
612.4264256649312	196.0
612.4838760198778	228.0
612.5500000001371	32.0
612.9750000001386	56.0
613.6000000001409	68.0
613.6500000001411	4.0
613.7750000001415	0.0
615.000000000146	104.0
615.2250000001468	12.0
618.4751157341774	232.0
618.5605584184875	212.0
618.8940609806052	220.0
626.8326864765996	224.0
626.8700194481559	216.0
627.9165046696432	228.0
629.1363651317295	208.0
632.7479050486422	156.0
633.3894076090688	176.0
633.7582403192348	160.0
635.4840320208713	136.0
636.2913620556026	232.0
638.1961791852569	196.0
642.7114782757745	128.0
645.3796838082123	128.0
646.0269465348533	220.0
648.5789943082113	232.0
650.9624814230529	208.0
653.926526025237	212.0
654.2435645103131	224.0
655.3024693603345	216.0
656.2824955880251	196.0
657.3519569406761	136.0
661.8276887530634	156.0
662.1192391484987	176.0
662.2136062341403	232.0
664.0250000003243	28.0
664.8586144366834	160.0
668.9250000003422	60.0
670.7385873812482	220.0
671.025146009729	208.0
673.0885729443964	224.0
673.6750000003594	104.0
675.7073610044359	212.0
678.0839912612606	216.0
679.8063700185245	128.0
683.2709110567279	156.0
686.0369247806756	176.0
689.0041747039813	196.0
691.0874209327288	160.0
691.4763904580191	136.0
698.3648188646421	196.0
698.8084001428482	224.0
699.0162377313939	160.0
699.0473748016536	208.0
700.0997603306079	220.0
700.6562677530524	216.0
701.6070467116549	212.0
702.5756485282232	136.0
711.3466516528223	176.0
712.0939883355896	128.0
712.6995855397697	156.0
720.4750000005297	100.0
720.4821888461832	216.0
721.033307182658	220.0
721.667397227645	208.0
724.9796864104896	136.0
725.3287743573175	212.0
728.0670020921834	176.0
731.4497380366217	196.0
731.6744896355563	224.0
733.5589705527656	160.0
734.9453245029506	128.0
735.49425225037	156.0
745.1971993080743	208.0
746.25162781914	220.0
748.3298492045072	224.0
751.003094642784	216.0
751.2500000006416	100.0
751.3330377881348	212.0
758.9186324853338	128.0
760.2973497858704	176.0
760.4135536467027	160.0
762.270504198257	156.0
765.9325730534829	212.0
767.1917577474916	196.0
767.582208165061	136.0
768.8738851499804	224.0
774.7872832272506	220.0
775.3069896161866	216.0
776.3890786977962	156.0
776.4184778804104	208.0
778.9432850717184	196.0
779.9750000007461	100.0
786.1752741968527	176.0
786.5289326247282	160.0
786.7704098243944	128.0
788.8246336222013	208.0
790.818854515703	136.0
793.5444772637267	216.0
796.126511863437	224.0
799.3537765934101	220.0
800.1596550049372	212.0
802.7155981363321	128.0
802.7220807639451	196.0
806.3031916521728	160.0
808.9000000008514	100.0
811.9104019797448	176.0
812.7732505878865	156.0
818.5745762332285	220.0
818.9449180246359	136.0
821.7500435424773	208.0
822.6898558470631	212.0
823.3011890319913	196.0
826.2183218843933	228.0
827.2506615202208	216.0
829.7737391673268	156.0
832.1947467669188	128.0
832.5616727252971	224.0
834.5511436164478	160.0
834.5530975624356	176.0
837.5637672022285	232.0
838.0750000009575	28.0
838.4250000009588	84.0
838.5000000009591	36.0
838.5250000009592	92.0
838.6000000009594	60.0
838.8750000009604	20.0
838.8750000009604	24.0
839.0890851991443	228.0
839.8378868335851	136.0
840.5750000009666	8.0
840.5750000009666	48.0
840.8000000009674	56.0
842.1250000009722	40.0
842.3000000009729	52.0
843.3750000009768	104.0
847.5187876554709	212.0
849.3288428346578	224.0
850.8548678819443	208.0
851.6431092170867	228.0
851.7412819430725	232.0
852.1536553106025	216.0
857.0806150368217	176.0
857.167697634458	156.0
858.5127835445237	196.0
859.9975648115395	136.0
860.0672323561832	220.0
860.7571674384542	160.0
863.9456946804988	128.0
866.2525549159132	232.0
867.0161472512626	228.0
867.5000000010646	28.0
868.1250000010668	60.0
868.7750000010692	84.0
869.0500000010702	20.0
869.1500000010706	92.0
872.7420288193238	220.0
874.0702382799799	212.0
876.2000000010962	104.0
877.541340448839	224.0
878.8392527013535	156.0
879.7235420554877	196.0
879.8577595070637	228.0
881.4098298961408	160.0
881.9729657796576	216.0
882.1941988610863	176.0
882.8623772435412	128.0
884.7062932998765	208.0
884.9776682216968	136.0
892.1955664650998	220.0
893.16530263235	208.0
893.8762437035765	216.0
895.9278167375023	212.0
896.5241572278164	232.0
897.8947131736277	156.0
899.8547714169357	228.0
906.5910168468015	224.0
908.5362778685554	176.0
908.9108767390046	136.0
910.4067988949765	160.0
913.2037081556983	196.0
915.0500000012375	28.0
919.5497033487719	128.0
919.7584524035855	208.0
921.7165933853373	176.0
923.132271473584	216.0
923.5656049174353	220.0
924.1000000012705	104.0
925.7965340514415	212.0
928.1714606633168	224.0
930.6230273982874	196.0
931.9095476600926	128.0
934.2710090579159	156.0
936.4391483613427	160.0
942.2357936008502	208.0
947.4197160334847	224.0
948.4558280884376	136.0
948.5818242563969	212.0
949.1785415958759	216.0
950.8636347539252	220.0
951.5669806513063	128.0
953.8593758164185	196.0
956.8834775394599	156.0
957.2272504268251	160.0
957.6082043395418	176.0
960.9984696149137	136.0
969.0440358680912	224.0
971.1990153303452	220.0
973.5741223277838	212.0
975.5757560753871	216.0
976.4684046777039	208.0
979.7545454429768	160.0
982.2436447630078	176.0
982.872436364885	128.0
984.8049709631957	156.0
986.6831775158732	196.0
989.2033506137574	136.0
991.9250000015172	100.0
995.053157626576	220.0
1002.0832745549188	216.0
1005.1466357540771	212.0
1009.4788649235663	196.0
1010.7315590352644	224.0
1011.0749635430905	208.0
1011.5061851368195	156.0
1013.8990289539745	136.0
1014.0819372285209	160.0
1014.1078275317999	128.0
1016.1841800949379	176.0
1018.9563736721658	208.0
1020.4000000016208	100.0
1022.0190517699361	212.0
1023.2335641523078	220.0
1026.5663413304812	160.0
1028.9588641374442	216.0
1030.2009686328029	224.0
1030.243512998576	128.0
1030.3170501151214	136.0
1031.146284037616	176.0
1031.22252403914	156.0
1032.9341273716182	196.0
1041.075000001696	100.0
1048.463082366072	220.0
1048.9544807872446	212.0
1049.2529590107495	224.0
1049.6875830041304	208.0
1050.7021715703372	216.0
1054.1156093757525	136.0
1055.8405723228198	196.0
1056.5651992154726	176.0
1057.1245742722808	156.0
1063.935612332606	212.0
1064.1287216461585	160.0
1064.815415169011	208.0
1067.667058881923	224.0
1068.9000000017973	100.0
1069.2489716430287	220.0
1073.1478081890216	216.0
1074.570154915862	196.0
1074.803306182271	128.0
1076.2183218843934	228.0
1077.9117517937034	136.0
1082.023973049155	128.0
1084.4544819306793	176.0
1084.5518858724108	160.0
1087.5637672022285	232.0
1089.3948410808423	156.0
1093.9538903377195	208.0
1093.9855891819627	228.0
1099.1090779409678	212.0
1103.1908250264232	224.0
1103.2023771622564	220.0
1105.0079064485017	232.0
1106.036705172454	196.0
1107.3477128568718	176.0
1107.5983484834812	228.0
1111.0057089687498	216.0
1111.7136358499092	156.0
1114.1649790587062	128.0
1114.9500000019648	92.0
1115.1250000019654	28.0
1115.1875502445455	136.0
1115.2535992486976	160.0
1116.40000000197	60.0
1116.8250000019716	36.0
1117.0184523507394	232.0
1118.5500000019779	20.0
1118.7000000019784	24.0
1120.3542314475555	208.0
1121.8500000019899	104.0
1122.2846954953197	228.0
1126.5861664097538	216.0
1127.2387057663088	212.0
1127.8642020967095	128.0
1128.999604122689	220.0
1129.476485724189	224.0
1131.3590541885812	136.0
1134.2717972809576	196.0
1135.0282174251975	232.0
1135.7242141067575	228.0
1137.9815978566025	176.0
1138.632953037159	160.0
1143.6761717271947	156.0
1146.891091488628	212.0
1148.013914450095	224.0
1153.7072715951972	220.0
1154.4964486179308	216.0
1155.253504739666	208.0
1156.385105530392	232.0
1157.339390789537	136.0
1157.941008945606	196.0
1160.1282914276949	128.0
1160.3078404894873	156.0
1161.4760989753995	176.0
1163.7750000021424	28.0
1163.8250000021426	92.0
1163.9750000021431	36.0
1164.1250000021437	20.0
1164.1750000021439	96.0
1164.200000002144	16.0
1164.4500000021449	8.0
1164.475000002145	48.0
1164.4946168107813	216.0
1164.500000002145	60.0
1164.5500000021452	84.0
1164.6000000021454	24.0
1164.7250000021459	88.0
1165.1000000021472	52.0
1165.1250000021473	40.0
1165.4250000021484	80.0
1165.4750000021486	32.0
1165.7500000021496	72.0
1166.125000002151	0.0
1166.7250000021531	56.0
1168.1250000021582	104.0
1168.2066811176126	160.0
1169.5250000021633	100.0
1174.3488025292145	212.0
1175.2961128552026	220.0
1178.9192505907843	128.0
1180.9181828443097	136.0
1182.3619501353464	196.0
1182.9079332650806	208.0
1183.1677948909332	160.0
1184.3778884663077	156.0
1184.5968415280663	224.0
1189.4522982316505	176.0
1192.0935773106817	220.0
1201.1494701143931	216.0
1201.2894661732032	208.0
1201.7988545450905	224.0
1203.306326828429	176.0
1204.0348881691414	128.0
1204.298102825549	212.0
1204.9292601351742	156.0
1207.5282887630087	160.0
1208.375145401614	136.0
1212.754085608504	196.0
1214.7105733047017	212.0
1217.3863270195443	208.0
1218.6554393245565	220.0
1220.2356446798415	224.0
1222.241399899584	136.0
1222.4827072199967	216.0
1228.4143865813342	128.0
1231.2220096170608	156.0
1231.7993051487808	196.0
1235.558052551019	160.0
1236.8250000024082	100.0
1239.7075479936057	176.0
1246.669409407609	216.0
1246.9078143536403	220.0
1248.6098755306618	208.0
1249.4224952112972	224.0
1252.8843022717992	156.0
1253.004984469753	176.0
1254.246922686218	128.0
1254.5722897254693	212.0
1258.3035195334871	136.0
1261.8300076139826	160.0
1263.0250000025035	100.0
1266.3018432071892	196.0
1271.2565919823853	220.0
1273.5460048519474	208.0
1275.5582994745848	224.0
1277.3524511569826	216.0
1278.5095692737518	212.0
1281.3765545009016	128.0
1283.5938565752604	136.0
1284.8406360370273	160.0
1286.1645212745534	176.0
1289.2685013495093	196.0
1289.7500000026007	100.0
1291.0027349056777	224.0
1291.6967911152487	156.0
1295.300109624483	220.0
1300.9385230688224	216.0
1301.9384802114987	208.0
1304.7338815104476	128.0
1306.1581953760383	212.0
1306.9531342730022	160.0
1309.2082665841701	156.0
1309.3485650325388	196.0
1309.6019241142044	136.0
1314.5217708886787	176.0
1315.0750000026928	100.0
1320.8851098544494	224.0
1324.9773645141263	196.0
1325.781545110015	216.0
1326.2183218843934	228.0
1326.656277701847	212.0
1327.4758455634324	160.0
1329.8689082381597	156.0
1329.8816684770445	208.0
1332.0058746409945	136.0
1332.3383080172032	220.0
1334.1823655936976	176.0
1337.5637672022285	232.0
1338.2894674070187	228.0
1339.8038166321235	128.0
1340.5766965570476	216.0
1340.8264142878957	212.0
1344.9057552171298	208.0
1348.3613144902781	224.0
1351.1456604083114	232.0
1352.4851743235859	220.0
1353.7700556354694	128.0
1354.080450510071	228.0
1356.0657766764862	176.0
1358.110876450239	156.0
1360.8367535993173	196.0
1361.00000000286	28.0
1361.1500000028605	84.0
1361.1750000028605	60.0
1361.6750000028624	92.0
1361.7750000028627	24.0
1361.8000000028628	16.0
1361.8000000028628	20.0
1361.825000002863	96.0
1362.3000000028646	36.0
1362.400000002865	80.0
1362.5250000028655	56.0
1362.5561055446908	136.0
1362.5750000028656	52.0
1362.7500000028663	32.0
1362.9000000028668	40.0
1363.4250000028687	88.0
1363.475000002869	48.0
1363.500000002869	8.0
1363.500000002869	44.0
1363.5862276358966	160.0
1364.2500000028717	72.0
1364.3750000028722	76.0
1364.5250000028727	0.0
1365.0250000028745	12.0
1365.6000000028766	104.0
1366.6000000028803	68.0
1366.6237378229137	232.0
1371.6548869742223	212.0
1376.371786288103	220.0
1378.1114588018454	228.0
1379.4535793072157	216.0
1379.4975277362157	224.0
1380.1759793496344	196.0
1380.5267082674256	128.0
1382.2951903029718	176.0
1386.0803250342433	208.0
1389.1746072629187	156.0
1389.1846698540523	136.0
1391.6503538318204	160.0
1394.385646937387	228.0
1398.3968486556062	208.0
1398.7087375616059	216.0
1400.9312911467312	220.0
1400.9946358476275	212.0
1401.337000988168	156.0
1401.6729663561314	224.0
1402.9327757531817	160.0
1403.2832959016116	136.0
1408.1275941239705	176.0
1408.2567538997803	232.0
1409.0734281261214	196.0
1412.9283817989242	128.0
1414.7250000030554	28.0
1416.6750000030625	60.0
1417.2000000030644	92.0
1418.5750000030694	96.0
1418.58946339076	208.0
1419.6250000030732	16.0
1419.7000000030735	20.0
1421.4439637211408	176.0
1421.6500000030805	104.0
1422.7536513248524	220.0
1423.850048302827	216.0
1425.56458154954	136.0
1426.526258311454	156.0
1426.9835168533518	224.0
1428.1968084621458	212.0
1433.521110761726	128.0
1436.0369159844454	196.0
1441.382115684729	212.0
1442.882574279183	160.0
1451.2725436330559	176.0
1452.2927012457164	208.0
1454.5196685911455	224.0
1455.2747592110024	216.0
1457.8492530922363	196.0
1457.9052192267072	156.0
1457.9889208355912	220.0
1461.7830239305695	160.0
1464.6178120963534	136.0
1466.1214902824102	220.0
1468.0558349730272	128.0
1472.6106248645594	216.0
1478.637301049218	224.0
1481.4673136408562	212.0
1481.4750000032982	100.0
1481.7328591975129	208.0
1482.7061843615334	156.0
1482.7458849158397	176.0
1483.6787516213592	136.0
1484.8517436039901	128.0
1485.2592542781151	196.0
1486.9135176553905	160.0
1491.8574940231624	220.0
1495.1288306929916	224.0
1495.252930226416	212.0
1498.532781835679	216.0
1500.8670219227643	136.0
1501.1704901448395	176.0
1503.2966729792286	160.0
1508.5132219528998	208.0
1509.8000000034012	100.0
1509.844152579406	156.0
1510.432481154233	196.0
1514.6542851859572	128.0
1521.3325067956746	212.0
1523.7694800586216	136.0
1525.918988755052	220.0
1526.1361177823924	224.0
1526.2002250815772	208.0
1529.5067072353693	156.0
1530.0970260901593	216.0
1531.4606003591787	128.0
1536.400000003498	100.0
1536.5233523899287	176.0
1536.7175635696083	160.0
1540.273079927373	196.0
1544.7972058569712	216.0
1545.7187375089002	224.0
1546.1558793138831	212.0
1548.3399097615243	208.0
1552.9859691983252	220.0
1553.549764555319	156.0
1554.7771096365097	128.0
1558.7262825926089	160.0
1559.0115554958168	176.0
1559.978400638999	196.0
1563.6750000035972	100.0
1570.252183290876	136.0
1575.4757039119231	220.0
1575.692725996319	224.0
1576.2183218843934	228.0
1576.4177514172325	212.0
1578.1482079927243	196.0
1578.811900723714	216.0
1578.9763544560878	128.0
1579.757729728755	176.0
1579.9865344376892	156.0
1581.5833317112354	208.0
1582.4654804291408	160.0
1583.8819538299274	136.0
1587.5637672022285	232.0
1588.100000003686	28.0
1591.2445144808858	228.0
1594.195677847004	220.0
1595.9530700315195	216.0
1598.77450098778	208.0
1600.4843284751132	212.0
1604.8797028450558	224.0
1605.6512279557276	128.0
1606.3643407239238	160.0
1607.3677878586998	232.0
1608.0099683296185	196.0
1608.7304518795067	228.0
1610.2107569014952	156.0
1610.6162954860572	136.0
1611.7765514660828	176.0
1613.4750000037784	60.0
1613.4750000037784	92.0
1614.3000000037814	28.0
1614.7000000037829	52.0
1614.750000003783	96.0
1614.7750000037831	36.0
1614.8500000037834	32.0
1614.9500000037838	40.0
1615.1250000037844	8.0
1615.1250000037844	48.0
1615.4750000037857	80.0
1615.6500000037863	72.0
1615.9500000037874	20.0
1616.0000000037876	84.0
1617.1500000037918	24.0
1617.3000000037923	44.0
1618.0750000037951	76.0
1618.600000003797	104.0
1618.875000003798	56.0
1620.577120464444	216.0
1623.420043943753	220.0
1625.5440975419326	208.0
1625.9122815385556	232.0
1626.0522736855671	156.0
1626.66062525365	224.0
1626.7761926626538	228.0
1629.773288928118	212.0
1633.223672653388	136.0
1633.772602403387	160.0
1638.2205064060752	196.0
1638.2571428661884	128.0
1641.6343154990095	208.0
1641.9854557141518	228.0
1642.5189612059005	176.0
1647.8012228681957	220.0
1649.2352417523334	216.0
1649.5573660750836	232.0
1649.8909053193877	224.0
1652.21838403785	156.0
1655.2457897788022	160.0
1655.8957397794074	212.0
1657.2642724780114	196.0
1657.334812760474	136.0
1659.4690889033154	128.0
1659.944417240961	176.0
1662.4911627163196	232.0
1665.5000000039677	28.0
1666.2750000039705	60.0
1666.5750000039716	92.0
1666.700000003972	84.0
1667.1500000039737	52.0
1667.1750000039738	16.0
1667.250000003974	36.0
1669.8506145993117	224.0
1671.271981065723	208.0
1671.5131717788001	216.0
1671.62500000399	104.0
1674.628531331493	176.0
1675.0734381304994	196.0
1675.882611449152	212.0
1678.6800976970426	220.0
1678.9993915267373	160.0
1681.5982425663722	128.0
1687.4033933662881	156.0
1688.9000890458517	136.0
1694.0988824274589	220.0
1694.6043293008122	216.0
1695.6577122729002	224.0
1701.4898750575603	212.0
1707.2113235556421	208.0
1709.1329519014866	136.0
1709.4899094491914	196.0
1709.7959781701006	128.0
1710.7121461684917	156.0
1713.5940658357774	176.0
1714.215402544425	160.0
1719.1774780124636	224.0
1725.1576974832205	212.0
1725.1849868729962	216.0
1727.6154977244305	220.0
1729.672726612799	156.0
1732.7027327919702	208.0
1732.9322373510395	176.0
1733.6567629074007	136.0
1733.9485321177908	196.0
1736.9446685765156	160.0
1737.8234948111563	128.0
1737.8500000042309	100.0
1741.8284510962	224.0
1744.3857125846725	216.0
1747.5967358604564	156.0
1750.7013186411461	176.0
1751.7745203378215	220.0
1754.1078568029993	208.0
1754.6396636703973	212.0
1755.3390947458902	160.0
1760.4804385928562	128.0
1762.4398669581142	136.0
1763.7847470319925	196.0
1768.5024317856673	208.0
1770.900000004351	100.0
1774.2664570819172	212.0
1774.3019909037157	160.0
1774.883408652484	136.0
1776.3650968633135	224.0
1776.4204466522563	220.0
1778.5153532810466	216.0
1786.4719906611772	128.0
1786.564827693304	156.0
1789.63651179237	176.0
1790.8572288221521	196.0
1793.666269422866	212.0
1795.4500000044404	100.0
1795.591089845796	220.0
1796.5858326850798	208.0
1797.751645375702	216.0
1800.65686756829	128.0
1807.0720082943694	224.0
1810.1364079050593	160.0
1812.1147116077625	176.0
1812.1560838240625	156.0
1814.4018257909047	196.0
1816.568989116545	136.0
1820.9725870342963	224.0
1821.7825657947965	208.0
1822.9750000045406	100.0
1825.340175267939	220.0
1826.2183218843934	228.0
1827.9736263431435	160.0
1829.3708547678098	176.0
1830.8108556698626	216.0
1835.8528567489645	196.0
1835.8555456742827	212.0
1837.5637672022285	232.0
1837.9793311049204	128.0
1840.190743515664	212.0
1840.3411339161944	156.0
1840.4106788366098	136.0
1842.9992969027164	228.0
1847.9021959141628	156.0
1848.4991429852873	220.0
1850.6103787298093	160.0
1851.346276507158	232.0
1854.9834672832042	196.0
1855.2816945125478	208.0
1855.3838604474493	216.0
1858.0231301244785	176.0
1862.650000004685	28.0
1862.7500000046853	60.0
1862.9053608017778	224.0
1863.8774009882234	228.0
1863.9250000046895	52.0
1864.5170788794278	136.0
1865.0229652904986	128.0
1865.125000004694	92.0
1865.675000004696	72.0
1865.8000000046964	84.0
1866.1500000046976	96.0
1866.3000000046982	20.0
1866.3000000046982	24.0
1866.3500000046984	36.0
1866.525000004699	32.0
1866.6250000046994	8.0
1866.6250000046994	48.0
1866.6306413245336	232.0
1866.7250000046997	40.0
1866.9000000047004	16.0
1866.9500000047005	80.0
1867.650000004703	44.0
1867.94426727961	212.0
1868.6000000047065	104.0
1871.1825750206642	220.0
1872.7916489220818	208.0
1874.411998056808	224.0
1878.6831931036481	216.0
1878.9111519027533	160.0
1881.513942292874	176.0
1882.987342453964	136.0
1884.0777921858926	196.0
1884.7067526084977	232.0
1887.6333613987522	128.0
1888.1500000047777	28.0
1889.6480488656582	228.0
1893.1934395066062	212.0
1893.697003497245	224.0
1895.8461014924762	208.0
1897.0542893928541	156.0
1899.4793448541016	216.0
1900.844330074216	220.0
1903.215964809769	196.0
1906.4131358978675	160.0
1906.4229822107843	228.0
1908.842333432828	128.0
1909.3371371213777	156.0
1913.444844845869	176.0
1915.175000004876	92.0
1915.2750000048763	36.0
1915.5250000048773	28.0
1915.8750000048785	60.0
1915.975000004879	24.0
1915.975000004879	84.0
1916.000000004879	20.0
1917.075000004883	16.0
1917.690790119481	212.0
1918.0743347003026	232.0
1918.2750000048873	52.0
1920.2250000048944	104.0
1922.794065955665	136.0
1924.852941406774	224.0
1925.0435819649133	208.0
1926.136442361147	220.0
1928.4574829926867	216.0
1931.9328668077487	176.0
1932.587108938858	196.0
1933.220598431242	160.0
1933.8359062447716	136.0
1936.437839097142	156.0
1937.436664154669	128.0
1944.9342730964745	216.0
1946.0350571904091	224.0
1946.973625119147	212.0
1948.09531478156	220.0
1952.514929885563	208.0
1954.7181152076414	136.0
1958.0065521800461	156.0
1959.7883615840776	160.0
1960.4136037113867	128.0
1960.6095213175322	176.0
1964.6797134907965	196.0
1972.8235264984803	176.0
1975.0311771685824	208.0
1976.736836577639	136.0
1976.765329897145	220.0
1976.972363117845	224.0
1977.3958383578247	216.0
1977.7712876890314	128.0
1982.094773451753	160.0
1983.5964201680504	212.0
1988.7250000051436	100.0
1989.0468798693537	196.0
1989.9836101070994	156.0
1992.1845049189865	224.0
1996.582862904501	212.0
1999.4148518060535	220.0
1999.6458436857165	216.0
2000.454886830859	208.0
2002.097516479953	196.0
2005.870962562978	128.0
2010.419388823938	136.0
2010.429352858206	156.0
2011.8601103507904	160.0
2012.744437222422	176.0
2014.700000005238	100.0
2016.8572337700734	212.0
2019.5336412847805	208.0
2021.31094919342	220.0
2027.984255780047	216.0
2030.0103427510192	224.0
2032.0041143832389	160.0
2033.1254942291232	128.0
2034.7321060991587	156.0
2036.1430961773458	176.0
2037.1664515964046	196.0
2039.5750000053285	100.0
2040.0012890461342	224.0
2041.2222570073766	136.0
2046.5061749014342	216.0
45.558	221.0
47.368	213.0
48.638	205.0
50.916	209.0
51.762	217.0
55.165	129.0
57.062	125.0
57.924	185.0
59.525	81.0
59.725	9.0
59.850	89.0
59.875	49.0
59.875	97.0
59.900	53.0
59.900	57.0
60.175	45.0
60.325	29.0
60.375	5.0
60.375	41.0
60.600	21.0
60.725	37.0
60.800	69.0
61.050	25.0
61.275	13.0
61.275	77.0
61.300	65.0
61.300	73.0
61.375	101.0
61.475	33.0
61.475	93.0
61.601	133.0
61.775	61.0
61.975	1.0
63.450	17.0
65.750	101.0
73.037	225.0
74.214	209.0
77.196	205.0
77.276	229.0
79.677	221.0
80.219	217.0
80.426	185.0
80.709	213.0
84.235	233.0
86.062	129.0
86.746	125.0
88.766	225.0
92.815	133.0
95.558	221.0
97.368	213.0
97.552	229.0
98.638	205.0
100.916	209.0
101.762	217.0
105.165	129.0
106.508	225.0
106.518	233.0
107.062	125.0
107.924	185.0
110.625	81.0
110.850	9.0
111.025	89.0
111.050	49.0
111.175	53.0
111.250	57.0
111.425	97.0
111.601	133.0
111.800	45.0
112.075	5.0
112.075	41.0
112.150	37.0
112.200	29.0
112.375	69.0
112.425	21.0
113.425	13.0
113.425	25.0
113.500	77.0
113.575	61.0
114.225	93.0
114.525	33.0
114.875	73.0
114.925	65.0
115.275	1.0
115.475	17.0
115.500	85.0
117.389	229.0
117.681	205.0
120.589	221.0
121.462	225.0
121.542	233.0
125.985	209.0
127.717	125.0
127.760	129.0
130.038	185.0
130.707	213.0
130.809	229.0
133.291	133.0
135.840	217.0
136.675	225.0
138.450	81.0
138.900	57.0
139.125	53.0
139.725	49.0
140.810	233.0
146.656	205.0
149.271	209.0
150.374	229.0
152.698	185.0
154.847	233.0
155.901	217.0
156.350	213.0
157.907	129.0
158.210	221.0
159.868	125.0
161.015	133.0
168.817	205.0
174.632	185.0
175.199	213.0
175.519	129.0
176.533	221.0
181.772	125.0
182.575	209.0
184.799	217.0
189.886	133.0
196.305	213.0
196.680	217.0
199.660	209.0
199.835	205.0
204.490	221.0
204.902	125.0
207.067	185.0
210.596	129.0
215.493	133.0
222.826	217.0
223.777	209.0
224.012	213.0
224.929	205.0
230.604	125.0
231.109	185.0
233.008	221.0
237.888	133.0
238.531	129.0
241.175	101.0
243.978	221.0
249.325	209.0
249.960	125.0
254.496	205.0
256.562	217.0
257.911	213.0
259.798	129.0
261.070	185.0
262.947	133.0
264.660	209.0
268.298	213.0
270.666	217.0
271.175	101.0
273.866	221.0
276.926	129.0
283.470	185.0
285.686	205.0
287.161	125.0
289.762	133.0
296.305	217.0
299.125	101.0
299.817	205.0
300.369	221.0
300.572	209.0
301.517	213.0
304.074	133.0
305.515	125.0
310.049	129.0
312.003	185.0
320.879	209.0
322.900	101.0
323.037	225.0
325.495	217.0
327.081	213.0
327.276	229.0
328.032	221.0
328.424	125.0
329.231	205.0
333.045	133.0
334.235	233.0
335.135	129.0
338.663	185.0
344.080	225.0
346.912	213.0
346.922	209.0
348.151	221.0
349.040	233.0
349.425	229.0
349.951	217.0
351.411	125.0
353.696	129.0
356.057	205.0
357.479	133.0
362.350	49.0
362.500	9.0
363.200	53.0
364.127	185.0
364.775	57.0
366.193	213.0
366.925	21.0
367.400	37.0
368.025	81.0
368.275	69.0
368.732	229.0
368.875	45.0
369.927	217.0
375.253	225.0
377.125	205.0
381.206	209.0
381.469	221.0
384.520	185.0
388.188	125.0
390.195	133.0
391.326	129.0
393.005	213.0
393.649	229.0
393.734	233.0
396.532	217.0
397.061	225.0
398.422	209.0
401.879	205.0
406.071	221.0
406.241	229.0
410.370	185.0
410.942	125.0
412.655	133.0
412.801	129.0
415.998	233.0
420.702	221.0
421.535	217.0
424.993	209.0
425.271	213.0
426.935	125.0
429.983	205.0
431.635	185.0
434.726	133.0
438.257	129.0
442.713	221.0
446.782	213.0
449.683	205.0
451.490	209.0
454.185	217.0
455.722	129.0
456.501	133.0
458.696	185.0
460.997	125.0
463.014	209.0
467.048	217.0
469.850	101.0
470.757	205.0
472.937	213.0
477.948	221.0
478.979	129.0
483.155	125.0
483.312	185.0
491.401	133.0
494.592	213.0
494.725	101.0
495.659	209.0
497.650	217.0
502.869	205.0
503.158	133.0
506.571	221.0
506.983	129.0
507.124	125.0
509.238	185.0
512.734	217.0
519.075	101.0
521.758	221.0
525.978	185.0
527.426	205.0
527.734	209.0
528.200	213.0
530.068	129.0
531.128	125.0
531.783	133.0
544.025	101.0
544.655	221.0
546.049	217.0
549.293	209.0
552.015	205.0
555.103	213.0
555.680	185.0
558.638	133.0
559.434	129.0
563.791	213.0
566.887	125.0
567.475	101.0
570.549	205.0
573.037	225.0
575.308	209.0
576.279	221.0
577.276	229.0
577.541	217.0
581.052	129.0
581.778	133.0
581.982	125.0
584.235	233.0
589.271	225.0
590.954	213.0
593.275	185.0
593.643	209.0
596.474	221.0
599.212	205.0
600.475	129.0
603.432	225.0
603.816	217.0
604.781	185.0
606.667	229.0
608.865	133.0
609.469	125.0
609.625	9.0
610.000	81.0
610.100	53.0
610.150	57.0
610.200	37.0
610.475	5.0
610.900	69.0
610.950	49.0
611.300	21.0
611.300	77.0
611.550	89.0
611.650	45.0
611.800	97.0
611.875	13.0
612.325	29.0
612.400	25.0
612.775	41.0
613.325	93.0
613.575	73.0
613.600	65.0
613.650	33.0
614.675	1.0
615.559	225.0
620.428	233.0
623.749	133.0
624.963	229.0
626.927	217.0
626.938	209.0
627.683	221.0
629.700	225.0
629.981	213.0
630.847	205.0
631.091	129.0
631.215	125.0
633.013	233.0
635.097	185.0
643.658	225.0
646.381	209.0
648.662	229.0
649.993	213.0
650.147	205.0
651.773	221.0
652.499	217.0
654.838	233.0
656.161	225.0
658.075	129.0
659.457	133.0
662.961	185.0
663.750	49.0
663.875	9.0
664.575	81.0
665.450	53.0
665.490	125.0
666.025	57.0
666.425	77.0
670.300	209.0
672.130	221.0
673.664	217.0
675.880	129.0
677.727	125.0
678.613	213.0
682.515	205.0
691.149	185.0
693.846	133.0
696.617	209.0
700.842	217.0
700.938	213.0
701.253	185.0
702.763	205.0
702.985	221.0
708.338	125.0
711.406	129.0
715.921	133.0
720.475	101.0
721.353	213.0
722.578	205.0
725.914	217.0
726.572	221.0
732.001	209.0
732.613	185.0
734.239	125.0
736.890	133.0
742.866	129.0
750.275	205.0
750.961	217.0
751.250	101.0
751.353	221.0
752.485	185.0
752.909	209.0
752.993	129.0
753.400	133.0
754.472	213.0
759.763	125.0
772.761	213.0
773.708	205.0
774.110	221.0
775.211	209.0
777.105	217.0
778.823	125.0
779.141	133.0
779.975	101.0
787.896	129.0
793.123	221.0
793.481	185.0
796.730	129.0
805.545	217.0
806.472	213.0
807.117	133.0
807.497	205.0
808.900	101.0
811.137	209.0
812.435	205.0
815.952	185.0
817.029	125.0
822.774	209.0
822.933	217.0
822.973	213.0
823.037	225.0
825.576	221.0
827.276	229.0
830.186	133.0
833.057	129.0
834.235	233.0
835.036	125.0
835.678	225.0
837.950	53.0
838.150	49.0
838.250	57.0
838.250	69.0
838.425	5.0
838.450	81.0
838.725	9.0
838.925	37.0
839.275	77.0
839.775	89.0
839.950	21.0
840.000	29.0
840.292	229.0
840.504	185.0
840.975	97.0
842.850	13.0
845.715	209.0
846.498	221.0
849.101	205.0
851.261	213.0
851.449	185.0
851.661	233.0
852.145	225.0
856.099	229.0
860.465	125.0
860.678	217.0
861.665	133.0
864.418	129.0
865.070	225.0
866.977	233.0
867.100	57.0
867.525	49.0
867.625	53.0
867.750	9.0
868.025	81.0
868.575	37.0
868.775	5.0
869.375	69.0
870.147	205.0
872.213	213.0
872.877	221.0
874.445	185.0
875.533	229.0
877.165	217.0
879.828	209.0
879.967	125.0
881.120	225.0
886.164	233.0
886.573	133.0
887.808	129.0
892.464	229.0
893.563	209.0
894.233	225.0
898.666	217.0
899.473	133.0
901.621	213.0
904.222	233.0
904.601	205.0
907.304	229.0
907.346	221.0
910.761	185.0
911.033	129.0
911.168	125.0
915.825	81.0
915.975	9.0
916.050	53.0
916.093	205.0
916.350	49.0
916.900	57.0
917.400	89.0
922.290	221.0
924.385	209.0
926.999	213.0
929.303	185.0
930.998	129.0
932.556	133.0
933.587	217.0
939.522	125.0
941.801	205.0
943.243	213.0
945.559	221.0
947.503	217.0
949.818	209.0
954.825	133.0
957.210	125.0
960.606	129.0
963.479	185.0
967.572	209.0
970.770	205.0
972.472	221.0
975.032	213.0
984.762	125.0
985.609	217.0
987.282	129.0
989.629	213.0
990.871	185.0
991.925	101.0
993.843	205.0
994.456	133.0
998.423	209.0
999.901	129.0
1004.199	217.0
1007.722	133.0
1007.730	221.0
1012.796	185.0
1013.535	125.0
1019.741	209.0
1020.400	101.0
1021.559	213.0
1025.011	205.0
1025.660	217.0
1025.710	221.0
1032.495	185.0
1032.565	125.0
1037.756	133.0
1041.075	101.0
1041.416	129.0
1045.792	205.0
1047.553	129.0
1047.724	221.0
1051.073	209.0
1051.698	217.0
1052.724	125.0
1053.248	213.0
1058.483	185.0
1066.016	133.0
1068.900	101.0
1070.648	217.0
1073.037	225.0
1077.194	213.0
1077.255	205.0
1077.276	229.0
1077.330	221.0
1077.757	185.0
1081.312	209.0
1084.235	233.0
1085.476	125.0
1087.156	133.0
1087.189	225.0
1087.577	129.0
1089.379	229.0
1096.654	213.0
1096.836	221.0
1097.857	209.0
1099.370	217.0
1100.700	233.0
1101.830	125.0
1102.332	229.0
1103.261	205.0
1103.743	225.0
1104.175	129.0
1104.942	185.0
1110.600	81.0
1110.631	133.0
1112.325	57.0
1114.775	53.0
1115.750	49.0
1115.850	9.0
1116.875	69.0
1117.300	77.0
1117.325	21.0
1117.325	89.0
1117.485	229.0
1120.026	225.0
1120.817	213.0
1123.171	233.0
1123.873	221.0
1124.953	209.0
1126.249	185.0
1127.219	205.0
1129.553	229.0
1131.374	129.0
1132.239	133.0
1133.484	217.0
1133.612	225.0
1136.666	125.0
1143.209	217.0
1145.916	233.0
1147.718	209.0
1148.606	229.0
1152.475	185.0
1154.336	213.0
1156.866	205.0
1157.042	129.0
1157.285	221.0
1158.278	125.0
1159.809	133.0
1163.250	81.0
1163.750	53.0
1163.750	57.0
1163.825	9.0
1163.925	49.0
1163.975	89.0
1164.175	45.0
1164.475	37.0
1164.525	69.0
1164.550	5.0
1164.650	21.0
1164.725	97.0
1164.825	29.0
1164.975	77.0
1165.425	41.0
1165.750	13.0
1169.525	101.0
1173.636	213.0
1174.839	209.0
1175.716	221.0
1179.463	217.0
1182.010	133.0
1185.856	205.0
1187.407	125.0
1188.224	129.0
1193.050	185.0
1199.747	205.0
1201.737	125.0
1202.252	221.0
1202.976	209.0
1203.272	213.0
1204.231	217.0
1207.159	129.0
1207.476	185.0
1208.667	133.0
1219.656	205.0
1221.482	213.0
1225.239	221.0
1226.583	133.0
1228.443	217.0
1230.687	209.0
1231.239	129.0
1232.408	125.0
1236.825	101.0
1238.703	185.0
1242.349	209.0
1244.345	205.0
1244.414	213.0
1249.648	221.0
1253.163	217.0
1257.776	125.0
1259.051	185.0
1260.766	129.0
1262.949	133.0
1263.025	101.0
1269.613	213.0
1271.851	205.0
1273.129	209.0
1279.710	217.0
1280.074	221.0
1281.149	185.0
1282.625	125.0
1285.745	129.0
1289.133	133.0
1289.750	101.0
1291.066	221.0
1296.003	209.0
1301.868	217.0
1303.022	213.0
1306.324	205.0
1306.639	185.0
1309.631	133.0
1311.575	125.0
1314.149	129.0
1315.075	101.0
1317.110	209.0
1318.085	221.0
1323.037	225.0
1327.276	229.0
1327.959	213.0
1328.539	133.0
1329.296	205.0
1332.933	129.0
1334.235	233.0
1334.914	217.0
1335.176	225.0
1340.072	185.0
1340.797	125.0
1344.082	217.0
1346.803	229.0
1346.916	233.0
1348.090	221.0
1350.972	225.0
1351.653	185.0
1353.695	213.0
1353.984	125.0
1354.886	205.0
1356.998	209.0
1359.489	129.0
1360.075	57.0
1360.250	81.0
1360.425	89.0
1360.525	9.0
1360.575	53.0
1360.625	37.0
1361.150	5.0
1361.200	49.0
1361.750	69.0
1361.825	45.0
1362.425	21.0
1362.575	29.0
1362.750	77.0
1362.775	97.0
1363.525	41.0
1363.532	229.0
1363.875	13.0
1364.325	25.0
1365.450	61.0
1365.616	217.0
1365.709	133.0
1366.000	93.0
1366.100	73.0
1368.981	233.0
1369.992	225.0
1374.900	213.0
1375.521	221.0
1376.158	209.0
1378.450	205.0
1381.783	185.0
1383.893	133.0
1383.942	233.0
1384.638	225.0
1386.600	129.0
1388.231	229.0
1389.068	125.0
1394.365	221.0
1397.672	213.0
1398.319	225.0
1398.727	217.0
1401.777	209.0
1404.385	125.0
1406.934	233.0
1408.128	185.0
1409.180	205.0
1411.056	129.0
1414.800	53.0
1414.975	57.0
1415.075	81.0
1415.575	9.0
1416.104	133.0
1416.175	89.0
1416.225	37.0
1416.625	49.0
1418.625	45.0
1418.690	221.0
1423.777	217.0
1426.630	213.0
1426.722	205.0
1429.541	185.0
1432.703	209.0
1438.768	133.0
1438.858	129.0
1439.915	125.0
1441.387	209.0
1449.042	213.0
1450.363	205.0
1452.308	217.0
1452.522	221.0
1456.642	129.0
1458.429	185.0
1459.831	125.0
1467.730	221.0
1468.074	133.0
1471.360	213.0
1472.977	205.0
1479.668	185.0
1481.475	101.0
1481.513	133.0
1484.594	209.0
1485.240	125.0
1486.502	217.0
1489.373	129.0
1494.300	213.0
1498.826	221.0
1499.145	209.0
1500.544	217.0
1505.282	133.0
1507.835	129.0
1509.800	101.0
1511.184	125.0
1511.564	205.0
1514.850	185.0
1525.944	213.0
1526.477	185.0
1529.915	205.0
1530.680	221.0
1530.988	129.0
1531.058	133.0
1531.398	209.0
1533.288	217.0
1536.400	101.0
1536.474	125.0
1546.336	221.0
1548.286	205.0
1554.055	213.0
1555.909	209.0
1556.066	217.0
1558.836	185.0
1558.965	133.0
1559.240	129.0
1563.675	101.0
1565.001	125.0
1569.190	221.0
1573.037	225.0
1577.276	229.0
1577.514	217.0
1578.387	129.0
1578.614	205.0
1580.080	209.0
1581.024	213.0
1582.744	125.0
1584.235	233.0
1588.008	185.0
1588.875	53.0
1590.300	57.0
1590.650	81.0
1592.118	229.0
1593.127	133.0
1593.791	225.0
1597.306	209.0
1597.606	233.0
1599.111	221.0
1600.939	133.0
1601.295	205.0
1605.705	217.0
1606.123	213.0
1610.798	225.0
1611.501	185.0
1613.700	37.0
1613.775	69.0
1614.017	233.0
1614.025	57.0
1614.050	77.0
1614.150	49.0
1614.175	53.0
1614.200	81.0
1614.250	9.0
1614.357	129.0
1614.400	21.0
1614.575	89.0
1614.750	45.0
1615.650	13.0
1616.000	5.0
1616.366	125.0
1616.950	29.0
1618.050	25.0
1620.273	205.0
1624.469	221.0
1625.376	213.0
1626.174	225.0
1627.237	129.0
1628.971	229.0
1631.921	185.0
1632.863	133.0
1633.302	217.0
1634.829	209.0
1636.671	233.0
1640.242	125.0
1642.660	205.0
1645.186	221.0
1647.179	225.0
1648.008	213.0
1648.264	209.0
1655.816	229.0
1658.739	233.0
1658.914	129.0
1659.679	185.0
1661.087	217.0
1661.813	133.0
1663.002	125.0
1665.350	9.0
1665.350	57.0
1665.650	53.0
1665.750	81.0
1665.900	37.0
1666.325	49.0
1666.450	69.0
1666.700	5.0
1666.875	21.0
1667.850	89.0
1668.550	77.0
1669.407	213.0
1676.748	217.0
1679.164	205.0
1679.730	221.0
1681.138	209.0
1683.988	125.0
1687.046	133.0
1687.926	185.0
1690.400	129.0
1694.164	205.0
1694.288	209.0
1697.903	129.0
1698.352	217.0
1704.900	185.0
1705.750	213.0
1706.448	221.0
1711.592	125.0
1711.632	133.0
1718.053	221.0
1719.940	217.0
1721.404	209.0
1722.340	213.0
1722.382	205.0
1727.581	125.0
1731.207	129.0
1732.524	133.0
1737.850	101.0
1738.885	205.0
1739.242	185.0
1744.504	213.0
1745.000	209.0
1749.153	217.0
1750.230	221.0
1760.799	129.0
1761.267	125.0
1762.359	185.0
1764.132	133.0
1770.900	101.0
1771.039	213.0
1771.337	205.0
1771.363	221.0
1775.982	217.0
1782.625	125.0
1784.912	209.0
1785.757	185.0
1786.758	133.0
1789.765	129.0
1792.489	209.0
1794.311	205.0
1795.450	101.0
1799.571	213.0
1809.088	217.0
1809.787	133.0
1810.320	125.0
1810.688	221.0
1813.479	129.0
1813.635	185.0
1819.017	205.0
1819.353	209.0
1821.705	221.0
1822.975	101.0
1823.037	225.0
1824.642	213.0
1826.081	217.0
1827.276	229.0
1828.294	185.0
1830.880	125.0
1834.235	233.0
1836.507	129.0
1837.306	133.0
1839.601	225.0
1841.676	229.0
1844.788	217.0
1846.157	209.0
1847.182	221.0
1847.894	233.0
1849.041	213.0
1850.693	205.0
1860.601	225.0
1861.106	133.0
1861.819	125.0
1862.300	185.0
1862.350	53.0
1862.425	57.0
1862.675	69.0
1863.000	77.0
1863.075	37.0
1863.225	81.0
1863.300	49.0
1863.450	21.0
1863.975	9.0
1865.035	233.0
1865.475	89.0
1865.600	13.0
1865.800	5.0
1866.150	45.0
1866.300	29.0
1867.250	129.0
1867.799	229.0
1869.990	221.0
1872.858	205.0
1873.372	209.0
1880.044	217.0
1880.769	213.0
1881.186	129.0
1881.615	133.0
1882.158	125.0
1883.361	185.0
1885.140	229.0
1888.393	225.0
1888.975	53.0
1889.000	57.0
1889.025	9.0
1890.075	49.0
1890.572	233.0
1892.190	205.0
1896.642	221.0
1897.127	217.0
1898.183	213.0
1900.591	229.0
1902.990	233.0
1903.128	209.0
1904.750	185.0
1910.867	125.0
1910.982	129.0
1911.980	217.0
1912.074	133.0
1914.475	81.0
1914.750	53.0
1915.225	57.0
1915.375	49.0
1915.475	69.0
1915.775	9.0
1915.975	5.0
1916.000	89.0
1916.225	37.0
1916.825	21.0
1917.225	77.0
1918.450	29.0
1918.874	205.0
1920.563	213.0
1927.122	221.0
1933.359	209.0
1933.928	133.0
1934.337	185.0
1936.510	129.0
1940.005	217.0
1940.174	125.0
1945.544	209.0
1952.543	221.0
1955.612	129.0
1955.619	205.0
1956.426	213.0
1960.152	133.0
1962.354	217.0
1969.420	221.0
1970.244	185.0
1971.645	125.0
1974.365	213.0
1974.879	209.0
1976.173	205.0
1984.145	185.0
1984.948	129.0
1985.321	133.0
1988.725	101.0
1989.840	125.0
1994.822	221.0
2001.173	209.0
2002.201	213.0
2003.662	185.0
2004.761	217.0
2005.834	205.0
2005.884	125.0
2009.810	129.0
2012.979	133.0
2014.700	101.0
2015.730	221.0
2026.176	205.0
2026.903	209.0
2027.476	213.0
2029.046	185.0
2029.331	217.0
2033.052	129.0
2033.296	133.0
2034.719	125.0
2039.575	101.0
2042.741	205.0
2044.698	221.0
2045.104	209.0
2045.997	185.0
2049.471	217.0
44.230	223.0
47.156	207.0
49.056	211.0
52.663	219.0
54.443	183.0
54.706	215.0
55.994	167.0
58.506	159.0
59.239	195.0
59.525	55.0
59.525	75.0
59.650	99.0
59.825	67.0
59.875	23.0
60.025	47.0
60.025	83.0
60.075	39.0
60.125	35.0
60.125	51.0
60.150	15.0
60.175	31.0
60.375	19.0
60.375	95.0
60.525	91.0
60.650	27.0
60.775	7.0
60.825	63.0
60.886	147.0
60.925	59.0
61.275	71.0
61.375	43.0
61.775	79.0
61.875	103.0
61.913	179.0
61.975	3.0
67.150	103.0
68.731	211.0
71.854	223.0
74.994	215.0
76.472	167.0
77.817	183.0
78.890	147.0
81.807	219.0
81.990	231.0
82.261	207.0
83.599	195.0
85.903	179.0
86.305	159.0
91.584	227.0
94.230	223.0
97.156	207.0
99.056	211.0
102.663	219.0
104.443	183.0
104.706	215.0
105.994	167.0
107.996	231.0
108.506	159.0
109.239	195.0
109.349	227.0
110.575	55.0
110.575	75.0
110.886	147.0
110.925	67.0
110.950	99.0
111.300	31.0
111.375	47.0
111.450	23.0
111.500	39.0
111.500	51.0
111.500	83.0
111.625	35.0
111.650	15.0
111.913	179.0
112.075	19.0
112.075	91.0
112.125	95.0
112.150	27.0
112.550	7.0
112.550	63.0
112.575	59.0
113.325	103.0
113.550	71.0
113.575	79.0
113.675	43.0
115.625	3.0
115.650	11.0
116.125	87.0
117.675	103.0
117.921	223.0
119.389	207.0
120.584	231.0
123.760	219.0
126.273	215.0
129.190	211.0
130.812	167.0
132.074	195.0
134.252	227.0
134.887	159.0
136.183	179.0
136.950	103.0
138.525	75.0
138.550	55.0
138.575	183.0
138.640	147.0
138.850	67.0
139.300	31.0
139.800	91.0
139.825	99.0
146.837	231.0
147.418	219.0
147.592	227.0
147.650	103.0
148.030	211.0
148.183	215.0
148.816	183.0
151.865	167.0
155.761	179.0
156.147	207.0
156.816	195.0
156.965	223.0
158.815	159.0
158.990	147.0
162.830	227.0
170.745	223.0
172.156	215.0
172.715	219.0
175.180	195.0
177.929	207.0
178.201	211.0
182.594	147.0
183.362	167.0
184.775	103.0
186.905	211.0
187.986	183.0
188.002	159.0
190.874	179.0
194.878	207.0
199.381	223.0
201.133	195.0
202.584	159.0
202.624	179.0
203.569	219.0
205.727	215.0
207.486	147.0
212.668	167.0
214.210	183.0
215.888	223.0
217.475	103.0
223.637	207.0
224.481	219.0
228.941	183.0
230.631	159.0
232.086	211.0
232.475	215.0
234.116	195.0
235.295	147.0
237.821	179.0
237.938	167.0
243.275	103.0
247.540	215.0
248.450	211.0
250.358	207.0
252.527	219.0
253.346	195.0
255.587	223.0
256.341	167.0
259.026	183.0
262.967	179.0
263.946	159.0
265.995	147.0
269.457	211.0
274.187	219.0
275.230	207.0
275.642	215.0
277.119	223.0
281.146	147.0
282.869	179.0
284.358	167.0
286.002	183.0
287.467	195.0
288.670	159.0
297.562	215.0
298.994	211.0
300.027	223.0
302.652	207.0
303.039	147.0
304.888	183.0
305.278	167.0
306.605	195.0
307.526	219.0
308.898	159.0
314.686	179.0
319.208	211.0
321.871	207.0
323.475	159.0
323.881	215.0
324.915	223.0
328.925	219.0
329.701	147.0
331.990	231.0
332.568	183.0
333.532	179.0
336.945	195.0
341.584	227.0
341.916	167.0
349.883	215.0
350.170	167.0
350.929	219.0
351.071	159.0
351.182	231.0
352.597	207.0
354.858	179.0
354.899	211.0
356.932	183.0
357.717	147.0
358.702	223.0
359.047	227.0
361.325	75.0
361.350	55.0
361.950	99.0
362.350	67.0
362.824	195.0
363.075	23.0
364.225	91.0
364.245	223.0
365.600	103.0
366.525	63.0
367.800	15.0
368.050	31.0
368.325	27.0
372.067	211.0
372.277	207.0
373.400	103.0
374.459	219.0
375.931	231.0
376.994	147.0
377.011	159.0
378.222	183.0
379.936	215.0
383.302	167.0
386.149	195.0
391.070	179.0
395.122	207.0
397.554	215.0
398.221	231.0
399.741	195.0
401.325	211.0
403.376	223.0
403.867	227.0
405.750	103.0
407.448	179.0
409.041	167.0
409.365	219.0
413.709	183.0
413.978	147.0
415.063	159.0
418.520	227.0
418.525	55.0
421.828	219.0
423.869	215.0
423.976	159.0
425.293	179.0
425.774	183.0
428.362	211.0
428.711	147.0
429.326	207.0
432.204	167.0
432.848	195.0
433.172	223.0
438.550	103.0
445.277	223.0
448.274	211.0
450.214	207.0
451.898	179.0
453.413	183.0
454.300	215.0
456.697	219.0
457.412	195.0
461.287	167.0
462.010	147.0
462.764	159.0
467.375	103.0
470.647	207.0
473.596	223.0
474.267	179.0
474.892	211.0
477.270	219.0
480.403	159.0
481.514	215.0
481.585	195.0
481.936	147.0
483.402	183.0
484.026	167.0
497.604	219.0
498.219	179.0
499.942	207.0
500.073	223.0
501.324	183.0
504.039	167.0
505.005	215.0
506.480	211.0
508.487	159.0
514.443	195.0
515.305	147.0
517.525	215.0
519.710	207.0
522.574	223.0
524.568	219.0
526.478	211.0
532.183	179.0
534.128	147.0
534.763	195.0
536.215	167.0
538.993	159.0
540.879	183.0
543.790	215.0
545.259	211.0
548.348	159.0
548.847	219.0
550.742	207.0
551.337	223.0
552.919	179.0
557.513	195.0
561.414	183.0
562.517	147.0
565.434	167.0
567.005	215.0
569.547	223.0
574.351	211.0
574.809	207.0
578.486	219.0
579.415	179.0
581.990	231.0
582.273	195.0
582.831	147.0
587.101	167.0
587.862	159.0
589.799	183.0
591.584	227.0
591.744	207.0
592.643	223.0
592.691	219.0
594.263	231.0
594.810	215.0
598.349	211.0
603.815	179.0
605.517	183.0
606.153	147.0
607.921	159.0
608.419	167.0
609.225	55.0
609.225	75.0
609.625	67.0
609.825	23.0
609.825	99.0
610.075	31.0
610.175	91.0
610.675	27.0
610.800	47.0
610.995	227.0
611.050	63.0
611.075	71.0
611.375	7.0
611.425	15.0
611.625	51.0
611.875	39.0
611.875	59.0
612.000	83.0
612.225	103.0
612.475	35.0
612.575	19.0
612.700	95.0
614.075	43.0
614.650	3.0
614.660	195.0
616.550	103.0
616.613	207.0
616.662	219.0
617.704	231.0
621.755	223.0
624.730	159.0
625.349	215.0
626.018	211.0
627.586	195.0
630.517	183.0
631.695	231.0
639.404	167.0
641.025	103.0
641.808	179.0
644.387	227.0
645.696	147.0
648.580	207.0
648.637	211.0
650.267	219.0
650.537	183.0
650.969	231.0
651.485	195.0
653.236	215.0
653.840	223.0
656.055	159.0
656.073	147.0
656.874	167.0
661.636	227.0
663.175	75.0
663.200	55.0
664.025	67.0
664.525	31.0
664.566	231.0
664.675	27.0
665.000	91.0
665.050	99.0
666.725	23.0
667.000	103.0
670.300	15.0
671.032	179.0
674.587	211.0
675.958	223.0
677.159	219.0
678.213	215.0
680.333	159.0
682.528	207.0
684.221	167.0
684.455	147.0
684.996	195.0
685.253	183.0
685.275	103.0
687.333	179.0
691.950	219.0
697.078	211.0
697.220	215.0
697.222	223.0
699.519	207.0
701.070	159.0
701.315	183.0
703.488	167.0
703.746	147.0
710.387	179.0
711.339	195.0
713.850	103.0
714.554	215.0
722.231	219.0
724.731	223.0
725.870	147.0
725.940	179.0
729.515	167.0
731.059	207.0
733.037	159.0
733.720	211.0
737.278	195.0
742.678	183.0
746.415	223.0
747.259	215.0
749.254	219.0
751.431	179.0
752.513	211.0
754.553	207.0
756.044	167.0
756.699	183.0
760.768	147.0
763.008	159.0
765.551	195.0
770.304	207.0
774.944	211.0
776.095	223.0
779.324	183.0
779.881	167.0
780.413	215.0
780.989	219.0
782.366	159.0
786.546	179.0
786.975	195.0
790.332	147.0
795.339	211.0
799.155	207.0
801.138	223.0
804.940	215.0
807.057	167.0
807.086	195.0
807.898	159.0
807.978	219.0
808.137	183.0
810.563	147.0
813.070	179.0
826.438	215.0
826.554	219.0
830.608	207.0
830.943	183.0
831.136	223.0
831.232	159.0
831.241	167.0
831.990	231.0
833.107	211.0
834.081	147.0
834.336	179.0
837.625	55.0
837.750	75.0
837.875	67.0
837.925	99.0
837.960	195.0
838.400	23.0
838.550	31.0
838.600	63.0
838.875	39.0
838.875	51.0
838.875	91.0
838.975	71.0
839.200	27.0
839.300	47.0
839.350	83.0
839.850	35.0
840.500	103.0
840.525	59.0
840.600	7.0
840.725	15.0
841.584	227.0
842.825	19.0
844.607	223.0
844.965	215.0
846.400	103.0
847.400	231.0
848.537	211.0
849.950	159.0
852.069	207.0
856.458	219.0
857.897	167.0
859.094	227.0
861.091	195.0
862.416	179.0
863.207	231.0
863.294	183.0
863.786	147.0
866.800	55.0
866.825	67.0
867.125	75.0
867.300	99.0
867.925	23.0
867.950	91.0
868.125	31.0
868.125	63.0
869.775	103.0
870.268	223.0
871.376	211.0
875.173	207.0
876.098	227.0
878.694	183.0
878.717	219.0
879.642	159.0
879.724	231.0
880.278	215.0
882.266	147.0
887.036	195.0
889.050	103.0
891.056	227.0
891.152	167.0
891.429	179.0
891.489	219.0
892.241	207.0
896.200	211.0
898.128	223.0
899.990	195.0
903.104	179.0
905.949	215.0
906.927	231.0
907.433	183.0
907.661	159.0
910.012	147.0
912.337	167.0
914.650	55.0
914.900	67.0
915.075	75.0
915.475	99.0
915.725	23.0
916.125	31.0
916.300	91.0
916.800	27.0
917.550	51.0
917.875	103.0
920.968	207.0
924.346	227.0
925.891	211.0
925.942	219.0
927.248	215.0
928.342	223.0
929.828	147.0
932.780	183.0
933.593	167.0
935.497	195.0
937.649	159.0
938.675	103.0
941.577	179.0
948.338	219.0
950.068	211.0
951.810	223.0
952.019	215.0
953.201	179.0
955.165	207.0
959.353	167.0
962.964	195.0
963.290	147.0
963.533	159.0
966.900	103.0
968.438	183.0
968.583	219.0
972.393	223.0
976.144	215.0
980.117	183.0
980.717	147.0
985.416	207.0
985.588	179.0
985.787	211.0
986.182	195.0
986.965	167.0
988.494	215.0
990.746	159.0
993.350	103.0
1000.085	207.0
1001.724	211.0
1002.555	219.0
1004.954	223.0
1006.162	159.0
1008.311	167.0
1008.827	195.0
1009.406	147.0
1010.097	179.0
1011.239	183.0
1013.395	219.0
1019.830	211.0
1026.178	223.0
1027.033	215.0
1027.602	207.0
1027.696	147.0
1028.951	179.0
1029.814	183.0
1030.466	167.0
1030.636	195.0
1036.330	159.0
1046.495	207.0
1047.084	183.0
1047.162	223.0
1047.494	215.0
1049.996	219.0
1050.719	211.0
1053.657	195.0
1058.869	159.0
1062.311	179.0
1065.092	167.0
1065.503	147.0
1067.436	211.0
1072.896	219.0
1073.909	223.0
1079.995	215.0
1080.034	183.0
1080.329	207.0
1080.855	167.0
1081.367	147.0
1081.990	231.0
1082.001	195.0
1083.636	159.0
1085.004	179.0
1089.750	223.0
1091.584	227.0
1091.696	219.0
1094.319	215.0
1096.738	211.0
1098.438	231.0
1101.011	183.0
1101.166	195.0
1103.758	207.0
1106.688	167.0
1108.285	227.0
1111.025	55.0
1111.116	159.0
1111.525	75.0
1111.750	51.0
1112.250	67.0
1114.766	231.0
1115.225	103.0
1115.275	99.0
1115.525	31.0
1115.550	23.0
1115.650	91.0
1115.950	27.0
1116.185	179.0
1116.399	147.0
1117.925	15.0
1118.700	39.0
1121.450	103.0
1123.939	195.0
1124.130	207.0
1124.630	211.0
1125.170	219.0
1126.071	215.0
1128.706	159.0
1131.019	179.0
1131.724	183.0
1131.890	231.0
1134.522	227.0
1136.721	167.0
1137.685	223.0
1139.301	215.0
1141.542	147.0
1145.071	207.0
1149.305	219.0
1151.581	211.0
1151.617	227.0
1155.325	167.0
1155.928	223.0
1159.309	183.0
1160.661	195.0
1160.858	159.0
1161.601	147.0
1163.099	179.0
1163.125	55.0
1163.125	75.0
1163.450	67.0
1163.700	99.0
1163.950	31.0
1163.975	47.0
1163.975	51.0
1164.150	91.0
1164.175	15.0
1164.275	23.0
1164.375	83.0
1164.400	63.0
1164.425	35.0
1164.425	95.0
1164.600	39.0
1164.625	103.0
1164.750	27.0
1165.200	59.0
1165.250	7.0
1165.425	19.0
1165.450	71.0
1166.500	43.0
1166.603	227.0
1167.100	215.0
1168.925	103.0
1169.170	223.0
1174.003	159.0
1174.204	219.0
1174.232	195.0
1176.701	211.0
1178.322	167.0
1179.387	207.0
1187.875	179.0
1189.685	147.0
1190.465	183.0
1195.214	207.0
1196.902	215.0
1202.320	195.0
1202.529	167.0
1202.997	219.0
1203.363	223.0
1205.154	211.0
1212.630	147.0
1214.325	103.0
1214.946	183.0
1215.496	159.0
1217.562	179.0
1217.597	215.0
1217.804	219.0
1219.394	223.0
1223.647	159.0
1227.677	211.0
1227.972	147.0
1233.702	207.0
1237.954	179.0
1239.838	167.0
1240.473	183.0
1241.698	223.0
1241.837	195.0
1244.996	211.0
1252.592	215.0
1253.788	219.0
1254.842	207.0
1255.383	183.0
1255.666	167.0
1256.918	195.0
1259.135	179.0
1260.268	159.0
1266.149	147.0
1273.016	207.0
1273.430	223.0
1275.141	211.0
1275.903	215.0
1279.498	195.0
1280.569	147.0
1280.759	167.0
1281.092	219.0
1283.375	159.0
1283.622	179.0
1290.106	211.0
1290.930	215.0
1290.968	183.0
1294.014	207.0
1300.726	219.0
1306.266	223.0
1306.276	159.0
1307.971	179.0
1310.336	147.0
1311.246	195.0
1312.108	183.0
1312.618	167.0
1316.250	55.0
1316.250	67.0
1316.250	75.0
1318.094	219.0
1318.645	207.0
1324.286	211.0
1327.367	223.0
1329.167	159.0
1329.961	167.0
1330.069	147.0
1331.451	183.0
1331.990	231.0
1332.944	195.0
1333.797	215.0
1336.027	179.0
1341.584	227.0
1345.631	207.0
1346.733	231.0
1349.686	215.0
1351.119	211.0
1352.323	223.0
1353.999	167.0
1355.002	147.0
1355.516	195.0
1359.013	183.0
1360.075	55.0
1360.075	67.0
1360.175	31.0
1360.356	159.0
1360.375	99.0
1360.475	75.0
1360.750	47.0
1360.950	23.0
1361.142	219.0
1361.150	63.0
1361.375	51.0
1361.500	91.0
1361.775	39.0
1361.800	27.0
1361.800	35.0
1361.850	15.0
1361.875	83.0
1362.025	71.0
1362.800	103.0
1363.050	95.0
1363.107	231.0
1363.353	179.0
1363.400	7.0
1363.450	19.0
1363.475	59.0
1363.750	43.0
1366.100	79.0
1366.888	227.0
1367.375	103.0
1369.931	219.0
1370.528	223.0
1370.800	215.0
1373.663	167.0
1378.843	211.0
1379.024	227.0
1379.051	179.0
1380.475	207.0
1381.378	147.0
1388.785	183.0
1390.250	103.0
1390.357	159.0
1394.074	227.0
1394.394	195.0
1394.425	55.0
1395.411	219.0
1399.501	211.0
1400.340	179.0
1401.738	223.0
1402.294	159.0
1402.336	231.0
1406.966	215.0
1407.339	207.0
1407.533	227.0
1408.198	147.0
1411.135	195.0
1413.020	167.0
1413.267	183.0
1413.625	67.0
1414.275	55.0
1414.425	75.0
1414.950	91.0
1415.275	31.0
1415.925	99.0
1416.275	23.0
1416.275	51.0
1416.675	27.0
1417.050	63.0
1417.150	47.0
1417.300	103.0
1417.400	35.0
1417.575	15.0
1420.935	207.0
1424.391	215.0
1425.000	103.0
1425.306	223.0
1427.837	211.0
1428.553	167.0
1429.641	219.0
1432.661	147.0
1434.462	179.0
1435.325	195.0
1436.506	159.0
1444.091	207.0
1446.887	183.0
1451.781	215.0
1454.661	223.0
1455.609	183.0
1455.971	211.0
1456.425	103.0
1461.707	219.0
1463.677	147.0
1464.196	159.0
1464.419	179.0
1465.983	195.0
1467.659	167.0
1468.831	211.0
1473.454	219.0
1474.820	223.0
1477.735	207.0
1479.107	215.0
1480.070	195.0
1481.446	159.0
1484.261	183.0
1485.544	179.0
1486.610	167.0
1487.123	147.0
1487.363	223.0
1493.042	219.0
1502.925	215.0
1505.844	207.0
1507.288	211.0
1507.915	183.0
1508.438	147.0
1510.614	167.0
1511.795	195.0
1512.972	159.0
1518.999	179.0
1520.755	167.0
1521.229	211.0
1524.381	215.0
1528.265	223.0
1529.770	195.0
1530.699	183.0
1531.030	207.0
1535.419	159.0
1535.928	219.0
1536.630	179.0
1541.347	219.0
1543.044	147.0
1545.801	223.0
1546.644	207.0
1550.210	211.0
1551.617	147.0
1553.320	167.0
1554.700	195.0
1555.588	215.0
1557.283	179.0
1561.212	183.0
1562.199	159.0
1569.717	211.0
1575.603	219.0
1578.596	179.0
1578.964	223.0
1579.194	159.0
1581.428	207.0
1581.990	231.0
1582.229	215.0
1583.194	147.0
1585.265	183.0
1587.550	55.0
1588.000	67.0
1588.125	75.0
1588.525	99.0
1589.325	23.0
1591.385	167.0
1591.584	227.0
1592.625	91.0
1592.650	103.0
1593.119	195.0
1597.707	183.0
1598.722	215.0
1599.144	211.0
1599.262	219.0
1600.298	223.0
1602.117	207.0
1602.849	231.0
1603.324	147.0
1603.697	159.0
1604.365	227.0
1607.145	195.0
1610.741	179.0
1613.450	63.0
1613.521	167.0
1613.850	31.0
1613.950	55.0
1613.950	67.0
1613.950	75.0
1613.950	91.0
1614.300	27.0
1614.350	15.0
1614.450	51.0
1614.750	99.0
1615.025	7.0
1615.125	47.0
1615.250	23.0
1615.534	211.0
1615.541	215.0
1615.700	59.0
1615.900	71.0
1616.000	35.0
1616.100	83.0
1616.100	103.0
1617.055	219.0
1617.350	95.0
1617.575	39.0
1618.520	227.0
1621.375	103.0
1622.876	231.0
1626.846	147.0
1627.080	207.0
1627.472	167.0
1629.308	195.0
1629.746	183.0
1631.832	179.0
1632.062	223.0
1635.249	159.0
1639.606	231.0
1641.702	227.0
1645.446	215.0
1646.650	103.0
1649.491	207.0
1651.957	211.0
1651.997	223.0
1653.473	219.0
1654.538	227.0
1654.796	231.0
1658.394	179.0
1659.975	195.0
1661.003	183.0
1662.189	159.0
1662.410	147.0
1664.925	55.0
1665.319	167.0
1665.375	67.0
1665.375	75.0
1665.825	91.0
1665.925	99.0
1666.050	23.0
1666.275	63.0
1666.300	31.0
1667.200	27.0
1667.850	51.0
1668.000	103.0
1668.343	219.0
1668.425	71.0
1669.200	15.0
1671.264	183.0
1673.532	223.0
1674.221	211.0
1675.506	215.0
1676.500	103.0
1681.081	207.0
1681.854	159.0
1684.498	147.0
1684.698	179.0
1687.085	167.0
1692.430	195.0
1693.033	207.0
1693.761	223.0
1694.681	211.0
1698.665	219.0
1704.450	215.0
1704.632	195.0
1707.203	183.0
1711.741	147.0
1713.100	103.0
1713.614	167.0
1716.734	179.0
1717.817	159.0
1718.509	215.0
1724.627	179.0
1724.789	223.0
1724.852	147.0
1726.080	211.0
1729.956	159.0
1731.606	207.0
1732.926	167.0
1733.320	195.0
1734.901	219.0
1735.979	183.0
1742.100	103.0
1747.226	215.0
1747.544	207.0
1749.030	223.0
1751.861	219.0
1752.547	211.0
1753.346	159.0
1758.609	167.0
1759.050	195.0
1760.342	179.0
1761.997	147.0
1769.278	183.0
1772.668	215.0
1775.063	223.0
1778.273	211.0
1779.302	167.0
1781.667	207.0
1781.822	195.0
1785.042	179.0
1785.455	219.0
1785.830	147.0
1786.659	183.0
1790.689	159.0
1798.193	219.0
1800.531	223.0
1801.224	147.0
1801.497	211.0
1802.242	207.0
1802.250	167.0
1802.795	195.0
1803.161	179.0
1805.636	215.0
1807.067	159.0
1817.063	183.0
1821.340	215.0
1821.945	207.0
1823.988	219.0
1824.021	211.0
1826.632	223.0
1828.504	167.0
1831.929	179.0
1831.990	231.0
1834.276	159.0
1834.590	147.0
1838.379	195.0
1841.584	227.0
1843.221	183.0
1845.429	223.0
1849.120	211.0
1850.023	215.0
1850.386	231.0
1853.227	219.0
1853.874	179.0
1855.380	147.0
1855.914	207.0
1857.575	159.0
1858.080	195.0
1858.670	167.0
1862.225	55.0
1862.225	67.0
1862.425	91.0
1862.600	75.0
1862.640	219.0
1862.750	63.0
1862.800	27.0
1862.825	31.0
1863.025	183.0
1863.200	51.0
1863.300	99.0
1863.850	15.0
1864.525	23.0
1865.000	103.0
1865.300	59.0
1865.750	7.0
1865.825	35.0
1866.500	71.0
1866.575	47.0
1866.578	227.0
1866.800	39.0
1867.700	83.0
1867.700	95.0
1868.275	19.0
1869.900	103.0
1871.509	207.0
1871.784	211.0
1872.505	231.0
1875.457	215.0
1881.498	223.0
1881.599	147.0
1881.601	227.0
1882.475	167.0
1882.640	183.0
1882.935	179.0
1887.325	55.0
1887.725	67.0
1887.725	75.0
1887.875	99.0
1888.211	231.0
1888.995	159.0
1889.075	23.0
1889.375	103.0
1889.600	31.0
1889.758	195.0
1894.133	223.0
1896.842	227.0
1899.145	215.0
1899.836	211.0
1901.396	207.0
1907.385	231.0
1907.408	219.0
1908.361	183.0
1909.044	167.0
1909.062	147.0
1910.431	159.0
1912.238	195.0
1912.477	179.0
1914.275	55.0
1914.275	75.0
1914.450	67.0
1914.907	219.0
1915.175	99.0
1915.300	51.0
1915.600	91.0
1915.650	31.0
1915.875	63.0
1915.975	39.0
1916.100	15.0
1916.225	47.0
1916.300	23.0
1916.525	35.0
1916.675	103.0
1916.775	27.0
1916.900	83.0
1917.625	71.0
1919.459	227.0
1919.843	207.0
1922.500	103.0
1924.250	223.0
1927.135	215.0
1928.997	211.0
1932.707	147.0
1933.864	167.0
1937.296	179.0
1938.450	183.0
1939.437	195.0
1940.313	159.0
1942.875	103.0
1944.502	215.0
1945.281	223.0
1946.473	211.0
1947.232	219.0
1957.774	207.0
1959.189	183.0
1959.655	179.0
1960.324	147.0
1961.249	167.0
1963.240	195.0
1964.081	159.0
1964.320	219.0
1968.625	103.0
1969.418	215.0
1973.478	207.0
1977.142	211.0
1978.652	183.0
1979.147	223.0
1981.440	179.0
1985.537	159.0
1986.370	147.0
1986.905	195.0
1995.072	211.0
1997.400	215.0
1998.629	179.0
1999.690	167.0
1999.700	167.0
2001.052	219.0
2002.546	183.0
2002.671	207.0
2005.218	223.0
2012.599	159.0
2013.948	195.0
2017.754	195.0
2018.106	147.0
2019.947	211.0
2023.415	223.0
2024.061	207.0
2029.130	215.0
2032.099	167.0
2032.265	219.0
2032.270	179.0
2034.788	147.0
2034.868	183.0
2035.187	159.0
2043.576	223.0
2049.666	215.0
2049.912	211.0
43.291	206.0
49.791	218.0
49.853	210.0
52.253	222.0
52.581	214.0
59.650	18.0
59.900	66.0
60.075	58.0
60.100	34.0
60.125	82.0
60.150	78.0
60.225	22.0
60.225	42.0
60.225	74.0
60.275	2.0
60.275	62.0
60.325	46.0
60.500	38.0
60.525	6.0
60.600	94.0
60.875	26.0
61.050	30.0
61.100	70.0
61.150	90.0
61.275	54.0
61.475	50.0
61.775	86.0
61.800	102.0
62.665	154.0
63.277	158.0
66.056	206.0
66.375	102.0
71.347	230.0
71.426	226.0
71.972	214.0
77.197	210.0
78.643	154.0
82.122	222.0
84.173	158.0
86.540	218.0
88.303	230.0
89.564	226.0
93.291	206.0
99.791	218.0
99.853	210.0
102.253	222.0
102.581	214.0
103.768	234.0
110.950	18.0
111.250	66.0
111.250	82.0
111.450	34.0
111.525	78.0
111.700	38.0
111.725	58.0
111.825	46.0
111.850	6.0
111.875	42.0
111.875	62.0
111.875	74.0
111.950	22.0
112.425	94.0
112.500	2.0
112.550	70.0
112.665	154.0
112.900	90.0
113.125	26.0
113.277	158.0
113.425	30.0
113.500	54.0
113.600	86.0
114.500	50.0
115.575	98.0
115.800	14.0
117.684	230.0
120.799	234.0
123.335	218.0
123.630	206.0
124.134	210.0
125.028	226.0
125.101	222.0
126.621	214.0
133.720	234.0
134.046	158.0
138.812	154.0
138.900	66.0
139.100	82.0
139.750	70.0
139.800	18.0
144.453	230.0
145.566	218.0
146.847	226.0
147.791	222.0
149.216	210.0
150.909	158.0
152.371	206.0
152.804	214.0
165.647	154.0
170.672	214.0
174.259	218.0
175.480	206.0
175.801	210.0
176.424	222.0
180.787	234.0
183.840	158.0
193.081	154.0
193.243	218.0
197.214	206.0
197.233	210.0
198.837	214.0
202.882	222.0
212.509	154.0
218.155	158.0
221.503	210.0
222.310	218.0
225.474	222.0
225.596	154.0
225.868	214.0
227.130	206.0
227.600	102.0
237.131	158.0
243.546	222.0
247.000	206.0
250.054	218.0
250.921	210.0
252.023	214.0
258.600	102.0
260.952	154.0
265.194	158.0
272.383	206.0
272.473	218.0
275.916	222.0
276.244	210.0
276.803	214.0
287.295	158.0
287.825	102.0
293.351	154.0
298.623	218.0
301.483	210.0
301.850	222.0
304.942	214.0
307.400	154.0
307.533	206.0
309.855	158.0
312.975	102.0
315.163	210.0
320.244	218.0
321.072	222.0
321.347	230.0
321.426	226.0
325.707	214.0
327.725	206.0
337.113	226.0
338.289	158.0
340.735	154.0
342.645	218.0
343.364	222.0
343.728	230.0
350.834	210.0
353.768	234.0
354.316	214.0
357.634	206.0
359.497	158.0
361.950	18.0
362.300	34.0
364.525	78.0
364.531	206.0
364.775	66.0
365.490	226.0
367.440	154.0
367.475	70.0
367.700	42.0
367.700	74.0
367.800	82.0
368.502	222.0
368.575	58.0
368.691	218.0
372.697	214.0
376.529	230.0
378.711	154.0
379.442	226.0
380.223	234.0
384.312	210.0
389.068	158.0
396.010	222.0
398.024	206.0
399.650	226.0
399.896	214.0
400.800	158.0
400.988	154.0
403.204	210.0
403.472	218.0
412.069	234.0
422.027	218.0
422.895	210.0
424.266	158.0
425.827	222.0
427.588	214.0
430.741	206.0
435.180	154.0
435.534	210.0
443.319	214.0
450.521	206.0
451.345	218.0
454.749	222.0
463.723	158.0
467.277	154.0
469.025	102.0
470.011	210.0
477.420	222.0
479.241	218.0
480.886	154.0
481.160	206.0
484.982	158.0
487.836	214.0
491.775	102.0
497.346	206.0
499.368	214.0
499.565	222.0
500.094	218.0
500.988	210.0
503.875	154.0
506.800	158.0
515.651	218.0
517.800	102.0
518.846	206.0
519.973	222.0
521.135	210.0
528.660	158.0
528.932	214.0
536.962	154.0
541.225	206.0
541.278	210.0
544.525	102.0
548.358	222.0
553.471	218.0
557.373	154.0
557.501	158.0
557.600	214.0
569.625	102.0
570.700	206.0
571.347	230.0
571.426	226.0
574.518	218.0
577.198	214.0
578.181	210.0
578.715	222.0
584.174	154.0
585.307	226.0
586.432	230.0
587.744	158.0
598.793	214.0
601.242	154.0
603.167	226.0
603.379	222.0
603.768	234.0
604.993	206.0
605.133	218.0
605.144	158.0
605.673	210.0
609.650	58.0
609.825	18.0
610.150	66.0
610.225	42.0
610.225	74.0
610.475	78.0
610.725	70.0
610.825	82.0
611.275	22.0
611.300	54.0
611.325	46.0
611.325	94.0
611.400	34.0
611.500	62.0
611.575	38.0
612.400	30.0
612.450	6.0
612.658	214.0
612.725	2.0
612.775	26.0
613.200	90.0
613.550	50.0
615.737	230.0
617.546	226.0
619.700	234.0
619.940	218.0
620.758	206.0
623.285	210.0
634.168	222.0
634.957	234.0
638.802	154.0
638.858	226.0
642.603	158.0
644.298	210.0
645.448	218.0
645.937	214.0
646.003	206.0
649.922	222.0
653.894	230.0
657.589	234.0
658.155	154.0
660.220	158.0
663.925	34.0
665.050	18.0
665.575	70.0
665.775	42.0
665.775	74.0
666.025	66.0
666.400	54.0
667.250	58.0
668.550	38.0
669.475	78.0
671.965	222.0
673.187	234.0
676.549	214.0
679.165	158.0
681.710	210.0
682.236	206.0
683.513	218.0
685.051	154.0
696.331	206.0
699.549	214.0
703.191	222.0
703.718	210.0
704.480	218.0
708.441	154.0
708.957	158.0
716.300	102.0
716.314	222.0
724.726	206.0
726.242	218.0
729.217	214.0
732.845	210.0
739.252	158.0
743.294	154.0
745.100	102.0
745.905	210.0
747.679	222.0
749.182	218.0
752.507	206.0
756.649	214.0
756.890	158.0
760.451	154.0
768.471	214.0
772.275	102.0
775.827	158.0
776.971	210.0
778.762	218.0
778.842	206.0
779.228	222.0
782.658	154.0
791.284	206.0
796.687	154.0
797.668	210.0
801.225	102.0
802.032	218.0
802.577	158.0
803.087	214.0
803.399	222.0
816.291	214.0
821.347	230.0
821.426	226.0
824.015	218.0
825.875	210.0
826.047	222.0
833.769	230.0
834.114	226.0
834.558	158.0
836.104	154.0
836.384	206.0
837.925	18.0
838.150	78.0
838.250	66.0
838.500	34.0
838.500	42.0
838.500	74.0
838.525	82.0
838.575	58.0
839.275	54.0
839.300	38.0
839.300	70.0
839.850	22.0
839.875	62.0
839.950	94.0
840.650	6.0
840.881	218.0
841.625	46.0
847.680	226.0
849.864	230.0
850.174	222.0
850.276	210.0
851.050	206.0
852.165	214.0
853.768	234.0
854.840	154.0
864.945	230.0
867.075	66.0
867.275	18.0
867.400	78.0
867.633	214.0
867.850	34.0
868.375	42.0
868.400	58.0
868.400	74.0
868.621	158.0
868.975	82.0
871.223	234.0
871.358	206.0
874.059	210.0
874.307	222.0
875.833	218.0
882.252	230.0
885.190	158.0
885.390	154.0
885.597	226.0
895.035	230.0
896.327	218.0
899.204	210.0
901.174	206.0
902.431	158.0
903.598	222.0
908.121	234.0
908.732	154.0
909.117	214.0
915.450	18.0
916.125	58.0
916.350	34.0
916.850	42.0
916.875	74.0
916.900	66.0
917.125	38.0
920.851	218.0
923.118	214.0
924.939	158.0
925.015	234.0
926.202	222.0
928.767	206.0
929.853	210.0
932.946	154.0
945.261	218.0
949.509	214.0
951.157	206.0
951.501	210.0
956.389	154.0
957.108	222.0
964.226	158.0
967.730	210.0
971.925	102.0
975.074	206.0
975.144	222.0
976.120	214.0
982.625	158.0
982.816	154.0
983.120	218.0
993.303	210.0
995.218	214.0
997.321	222.0
997.575	102.0
1000.835	218.0
1003.821	206.0
1012.674	154.0
1023.150	102.0
1024.269	210.0
1024.584	158.0
1025.503	214.0
1027.012	218.0
1030.961	158.0
1032.806	206.0
1034.009	222.0
1035.044	154.0
1043.971	214.0
1048.070	206.0
1051.760	218.0
1052.690	222.0
1053.000	102.0
1054.239	210.0
1059.338	158.0
1063.212	154.0
1069.982	222.0
1070.448	210.0
1071.347	230.0
1071.426	226.0
1072.024	218.0
1074.684	206.0
1074.874	158.0
1079.174	214.0
1083.975	154.0
1091.320	230.0
1092.391	226.0
1095.133	218.0
1096.691	210.0
1098.185	206.0
1099.959	214.0
1103.309	222.0
1103.768	234.0
1104.700	158.0
1110.921	154.0
1111.125	82.0
1111.174	230.0
1111.300	38.0
1112.325	66.0
1112.650	78.0
1115.275	18.0
1115.725	34.0
1115.925	70.0
1116.475	42.0
1116.475	74.0
1116.850	6.0
1117.025	58.0
1117.300	54.0
1117.350	94.0
1117.742	226.0
1118.439	218.0
1119.275	22.0
1123.411	222.0
1124.779	210.0
1126.629	234.0
1128.081	214.0
1129.391	230.0
1131.764	226.0
1132.392	206.0
1133.472	158.0
1141.482	154.0
1143.034	222.0
1149.697	210.0
1149.801	230.0
1150.982	214.0
1151.239	218.0
1151.412	206.0
1156.638	158.0
1158.697	234.0
1162.754	154.0
1163.650	82.0
1163.700	18.0
1163.725	66.0
1163.875	78.0
1164.100	38.0
1164.150	34.0
1164.350	62.0
1164.450	22.0
1164.450	42.0
1164.450	74.0
1164.475	70.0
1164.525	58.0
1164.650	94.0
1164.700	46.0
1164.850	6.0
1164.975	54.0
1165.300	2.0
1165.975	90.0
1166.250	26.0
1169.650	102.0
1169.885	206.0
1172.555	210.0
1173.404	218.0
1176.792	154.0
1177.370	222.0
1178.323	214.0
1181.444	234.0
1188.794	158.0
1195.967	210.0
1197.632	214.0
1197.653	222.0
1200.326	206.0
1203.716	218.0
1212.910	154.0
1214.482	158.0
1222.650	102.0
1223.643	218.0
1223.779	206.0
1224.802	214.0
1227.953	222.0
1228.096	154.0
1232.723	210.0
1233.943	158.0
1245.715	210.0
1248.357	206.0
1251.959	222.0
1252.380	218.0
1253.919	214.0
1254.025	102.0
1257.317	158.0
1257.556	154.0
1269.162	214.0
1271.942	222.0
1273.479	206.0
1275.209	218.0
1281.614	210.0
1284.776	154.0
1287.125	102.0
1292.368	158.0
1299.407	214.0
1299.422	210.0
1301.657	218.0
1303.386	158.0
1304.383	222.0
1306.423	206.0
1306.922	154.0
1315.000	102.0
1320.428	218.0
1321.347	230.0
1321.426	226.0
1322.794	210.0
1326.601	214.0
1331.457	158.0
1332.365	222.0
1333.458	206.0
1336.011	226.0
1338.875	154.0
1344.538	214.0
1346.770	210.0
1347.179	230.0
1352.359	206.0
1353.768	234.0
1354.254	222.0
1356.942	158.0
1357.748	154.0
1360.075	66.0
1360.375	18.0
1360.425	58.0
1360.550	78.0
1360.587	218.0
1360.666	230.0
1360.875	38.0
1360.950	46.0
1360.958	226.0
1361.050	82.0
1361.225	6.0
1361.425	62.0
1361.525	70.0
1361.650	42.0
1361.650	74.0
1361.925	22.0
1361.925	34.0
1362.425	94.0
1362.725	54.0
1363.200	90.0
1363.575	2.0
1363.725	26.0
1364.375	30.0
1366.250	86.0
1369.604	206.0
1372.323	234.0
1374.044	222.0
1374.331	214.0
1375.722	230.0
1376.480	218.0
1376.927	226.0
1377.166	210.0
1377.877	154.0
1384.624	158.0
1388.427	230.0
1389.442	234.0
1394.303	214.0
1394.373	226.0
1397.253	210.0
1399.347	206.0
1400.663	222.0
1401.828	230.0
1402.657	234.0
1403.414	218.0
1408.531	158.0
1410.837	154.0
1414.950	70.0
1414.975	66.0
1415.375	78.0
1415.417	222.0
1415.475	38.0
1415.950	18.0
1416.300	82.0
1416.375	42.0
1416.375	74.0
1416.625	58.0
1416.825	46.0
1416.850	6.0
1417.175	34.0
1417.300	22.0
1419.836	210.0
1420.751	234.0
1422.654	218.0
1427.013	214.0
1430.972	154.0
1431.005	206.0
1433.334	158.0
1444.284	222.0
1445.616	206.0
1446.856	214.0
1454.909	210.0
1457.960	218.0
1460.920	154.0
1466.143	158.0
1469.135	222.0
1470.150	102.0
1472.173	206.0
1475.667	214.0
1476.360	218.0
1483.972	210.0
1489.354	154.0
1490.695	158.0
1493.700	102.0
1495.184	210.0
1498.097	206.0
1500.716	222.0
1500.865	214.0
1502.734	218.0
1504.368	154.0
1512.801	158.0
1520.821	210.0
1521.625	102.0
1523.617	214.0
1525.428	206.0
1530.969	154.0
1532.773	218.0
1535.709	158.0
1540.609	222.0
1544.361	222.0
1544.758	218.0
1548.300	102.0
1551.252	214.0
1554.420	210.0
1555.319	206.0
1563.480	154.0
1563.571	158.0
1571.347	230.0
1571.426	226.0
1571.732	206.0
1572.626	218.0
1574.172	222.0
1576.012	210.0
1580.029	214.0
1582.430	158.0
1585.708	226.0
1587.752	154.0
1588.525	18.0
1588.850	78.0
1589.509	230.0
1590.300	66.0
1590.400	42.0
1590.400	74.0
1592.488	214.0
1595.775	210.0
1599.561	218.0
1599.821	222.0
1600.685	226.0
1603.768	234.0
1606.845	230.0
1607.467	158.0
1609.174	206.0
1610.406	154.0
1613.500	82.0
1613.550	70.0
1613.650	22.0
1614.025	66.0
1614.050	54.0
1614.300	78.0
1614.325	42.0
1614.325	74.0
1614.400	46.0
1614.400	94.0
1614.450	38.0
1614.550	34.0
1614.550	58.0
1614.750	18.0
1615.500	6.0
1615.625	62.0
1618.075	30.0
1624.019	230.0
1624.112	234.0
1625.773	206.0
1626.318	222.0
1627.138	214.0
1628.423	210.0
1628.618	218.0
1630.663	226.0
1630.964	154.0
1637.447	234.0
1640.156	158.0
1645.046	214.0
1645.399	230.0
1646.992	210.0
1648.305	226.0
1649.880	234.0
1650.715	222.0
1654.430	218.0
1654.579	206.0
1655.147	154.0
1663.156	158.0
1663.557	234.0
1665.350	66.0
1665.725	78.0
1665.925	18.0
1665.950	42.0
1665.975	74.0
1666.075	82.0
1666.150	58.0
1666.275	70.0
1666.875	94.0
1667.025	34.0
1667.750	22.0
1668.100	38.0
1668.425	54.0
1670.045	218.0
1673.051	206.0
1674.797	210.0
1678.724	234.0
1679.585	158.0
1681.115	154.0
1682.369	214.0
1685.836	222.0
1696.184	210.0
1700.718	214.0
1701.977	154.0
1703.234	218.0
1704.702	206.0
1705.707	222.0
1708.268	158.0
1719.596	218.0
1723.275	102.0
1723.556	214.0
1723.994	154.0
1727.215	222.0
1728.817	206.0
1732.257	210.0
1737.606	158.0
1744.765	214.0
1750.566	206.0
1751.965	158.0
1752.021	222.0
1752.438	218.0
1752.500	102.0
1757.221	210.0
1763.832	154.0
1769.529	206.0
1773.379	222.0
1775.115	210.0
1778.080	214.0
1780.316	218.0
1783.025	102.0
1786.283	154.0
1788.717	158.0
1794.811	206.0
1795.582	214.0
1797.576	210.0
1799.462	218.0
1800.539	222.0
1808.043	158.0
1812.175	102.0
1816.507	218.0
1817.473	154.0
1821.347	230.0
1821.426	226.0
1824.009	222.0
1824.304	214.0
1826.786	206.0
1827.927	158.0
1828.507	210.0
1830.505	154.0
1840.910	230.0
1841.025	226.0
1842.349	214.0
1844.564	210.0
1845.444	222.0
1851.611	218.0
1851.619	206.0
1853.065	226.0
1853.768	234.0
1857.765	158.0
1858.948	154.0
1860.363	230.0
1862.425	66.0
1862.450	70.0
1862.600	42.0
1862.600	74.0
1862.800	78.0
1863.000	54.0
1863.250	38.0
1863.275	34.0
1863.300	18.0
1863.450	94.0
1863.525	58.0
1863.925	22.0
1864.625	46.0
1865.100	82.0
1865.675	6.0
1866.525	62.0
1869.166	226.0
1871.345	210.0
1872.885	230.0
1874.675	218.0
1875.215	234.0
1876.500	222.0
1877.450	206.0
1878.769	154.0
1880.850	214.0
1885.419	226.0
1887.875	18.0
1889.000	66.0
1889.150	58.0
1890.000	34.0
1891.480	234.0
1891.513	158.0
1892.523	218.0
1894.442	214.0
1895.513	210.0
1895.539	222.0
1896.170	206.0
1902.827	226.0
1905.516	158.0
1908.138	234.0
1908.506	206.0
1914.219	154.0
1914.875	82.0
1915.075	78.0
1915.175	18.0
1915.225	66.0
1915.525	38.0
1915.850	34.0
1916.150	70.0
1916.300	42.0
1916.325	74.0
1916.675	58.0
1916.800	94.0
1916.975	6.0
1917.025	22.0
1917.088	210.0
1917.225	54.0
1920.195	214.0
1928.072	218.0
1929.242	234.0
1931.313	158.0
1932.889	222.0
1933.733	154.0
1951.221	206.0
1951.643	214.0
1952.315	222.0
1954.446	210.0
1955.566	218.0
1956.177	158.0
1959.230	154.0
1968.021	222.0
1970.782	218.0
1971.650	102.0
1972.089	210.0
1973.137	206.0
1975.068	158.0
1975.195	214.0
1978.091	154.0
1991.819	218.0
1997.190	206.0
1997.513	222.0
1998.417	210.0
2002.431	214.0
2003.925	102.0
2007.427	154.0
2009.320	158.0
2021.618	218.0
2022.586	206.0
2022.696	210.0
2027.780	158.0
2029.453	154.0
2029.838	222.0
2035.575	214.0
2036.950	102.0
2041.677	206.0
2048.747	218.0
