time	 cell
43.41428339286777	224.0
49.324257938833284	212.0
50.284971033956616	216.0
54.04861974152063	220.0
54.89988532991805	208.0
58.30696590341964	112.0
59.225000000104906	104.0
59.95000000010507	28.0
59.95000000010507	76.0
60.850000000105275	40.0
60.850000000105275	52.0
60.850000000105275	84.0
60.87500000010528	100.0
61.52447643602363	124.0
61.67500000010546	8.0
61.67500000010546	16.0
61.67500000010546	32.0
61.67500000010546	44.0
65.43422456710604	188.0
67.22500000010672	100.0
70.74443018717007	224.0
71.31861845910288	212.0
72.28681581217413	220.0
76.2183218843933	228.0
78.11082031351042	188.0
78.42909303121873	216.0
82.1593204808688	112.0
82.83892977283632	124.0
83.71427282044694	208.0
87.5637672022285	232.0
93.41428339286777	224.0
97.85294716342786	228.0
99.32425793883328	212.0
100.28497103395661	216.0
104.04861974152064	220.0
104.89988532991805	208.0
107.8680593426877	232.0
108.30696590341964	112.0
109.3500000001163	76.0
109.3750000001163	28.0
110.62500000011659	52.0
110.62500000011659	84.0
110.65000000011659	40.0
111.52447643602363	124.0
111.90000000011688	8.0
111.90000000011688	16.0
111.90000000011688	32.0
111.90000000011688	44.0
113.50850290121515	228.0
113.95000000011734	64.0
114.6250000001175	72.0
114.6500000001175	4.0
114.6500000001175	20.0
114.6500000001175	24.0
114.6500000001175	36.0
114.6500000001175	48.0
115.00000000011758	76.0
115.43422456710604	188.0
115.87500000011778	104.0
123.23161348972829	208.0
123.85866893118695	232.0
124.33442096122737	212.0
125.61064862805375	216.0
125.7116419067944	228.0
127.69596496036262	188.0
127.86791578629528	224.0
130.29457690101054	220.0
134.62953609803566	112.0
136.8501099107034	124.0
137.82500000011157	40.0
137.82500000011157	52.0
137.82500000011157	84.0
137.9000000001115	76.0
137.95000000011146	28.0
143.9153058675536	212.0
145.0665376791934	224.0
145.7683201077342	232.0
147.65000000010264	104.0
147.9777421859113	220.0
148.61673696857196	216.0
152.7605946625847	208.0
155.710745601077	124.0
155.96925015561126	228.0
156.2416489020571	188.0
158.18858710506282	112.0
163.80000000008795	76.0
163.8500000000879	28.0
164.60000000008722	40.0
164.60000000008722	52.0
164.60000000008722	84.0
168.86925521571453	216.0
169.07724646690474	232.0
170.73197462128252	224.0
171.88341014500446	208.0
173.79398240059058	212.0
176.4000000000765	104.0
181.0724221342204	220.0
185.02318383240438	124.0
187.87512439560987	188.0
192.2933957766044	112.0
194.1303556854241	220.0
197.2531654068136	224.0
201.9506336894393	208.0
203.7125971950911	216.0
203.93017607089888	212.0
210.23969928384477	124.0
214.62164897859049	188.0
217.164487484625	112.0
217.74094824236462	208.0
218.28467019890232	224.0
221.4966266923217	220.0
224.2980437006175	216.0
232.53941017391585	212.0
234.85483349267744	124.0
236.5554942078008	112.0
239.40705149331924	188.0
242.49227906412418	224.0
244.4500000000146	100.0
250.80986587275976	216.0
251.37604999117175	112.0
251.56469721054506	220.0
253.5930155931798	208.0
254.47500000000548	104.0
256.8453477925652	212.0
259.2380167394893	188.0
263.1737017897249	124.0
268.21281115849007	208.0
270.43952467030437	216.0
270.54999999999086	100.0
271.55502330624586	220.0
277.315289370296	212.0
277.65190549863513	224.0
277.8926028387779	188.0
282.06237810469173	112.0
285.955139706351	124.0
293.76814138320964	220.0
294.46364369761966	216.0
299.31205677432587	212.0
299.8499999999642	100.0
301.5172742888117	224.0
302.77245768242386	188.0
303.5315522968846	208.0
312.0002991038486	112.0
314.91462272828505	124.0
323.6672089553194	216.0
326.2183218843933	228.0
327.2379641618828	224.0
327.8377975452521	208.0
328.4638211429199	212.0
329.0670121033772	220.0
332.78955617761324	112.0
333.4811002293672	124.0
335.87360066448844	188.0
337.5637672022285	232.0
341.6148125164011	220.0
345.82809969657626	208.0
349.5308910481417	212.0
349.98978734440476	216.0
350.1788114214749	232.0
352.2943471792283	112.0
352.4629277824137	224.0
354.9066068693889	188.0
357.7744732389214	228.0
362.59999999990714	28.0
362.59999999990714	76.0
363.4026543983357	124.0
365.3999999999046	40.0
365.3999999999046	52.0
365.3999999999046	84.0
366.42117768182044	208.0
367.52499999990266	8.0
367.52499999990266	16.0
367.52499999990266	32.0
367.52499999990266	44.0
367.95864750812234	220.0
368.1623154966518	232.0
371.422761640359	228.0
371.574999999899	104.0
371.62521539025636	224.0
372.5991992820846	216.0
378.46108465085166	112.0
381.2187733521939	124.0
382.27544344541633	188.0
382.68180632500906	232.0
384.8186069237409	212.0
395.5993043800971	212.0
396.999447495068	220.0
399.5663226009729	216.0
404.0271214774851	228.0
404.4607194558208	232.0
405.24387368736495	208.0
405.3657534101994	124.0
408.9086701274065	224.0
411.7500307481618	188.0
413.7224949095268	112.0
416.44999999985816	28.0
416.44999999985816	76.0
417.4999999998572	40.0
417.4999999998572	52.0
417.4999999998572	84.0
418.64452216696696	232.0
421.9880755327782	208.0
422.9902733407279	216.0
424.69805101853024	212.0
426.44999999984907	104.0
431.8752690728328	124.0
432.5078414744718	220.0
433.9068457138265	188.0
436.432161383689	112.0
438.10634720737426	224.0
446.8040518992613	224.0
449.4614092538788	212.0
451.6428609770227	216.0
453.3236861289791	220.0
454.02073650225674	208.0
459.6566450255534	112.0
469.5858565236894	188.0
470.79456871131424	124.0
472.5289897768773	212.0
474.50191788601643	220.0
475.17914346191185	224.0
477.9273409831293	216.0
478.5511710505513	208.0
479.9113706558371	112.0
484.5780637858735	124.0
487.9524595775016	188.0
492.16017884333144	208.0
498.2999999997837	100.0
499.69851636947885	212.0
503.2869781226677	188.0
504.15376850623215	216.0
504.394480598102	112.0
504.46154278642666	124.0
504.4781027720489	224.0
507.6388570385712	220.0
517.7940389096246	224.0
524.0359099527719	220.0
525.3786988104866	216.0
528.14999999983	100.0
531.3916951044702	212.0
534.6823245283856	208.0
539.5519959509786	112.0
540.0793946935506	124.0
541.8024117445926	188.0
543.6789199105245	224.0
548.7521136206286	208.0
549.683527672018	216.0
549.8724655368668	220.0
555.6749999999302	100.0
557.0254697889249	212.0
559.4634746697731	112.0
561.874135642672	124.0
563.2591101191445	188.0
565.8746751717794	208.0
570.8677043506302	112.0
574.39705505957	212.0
576.2183218843933	228.0
577.4261151624875	188.0
577.9777311371629	224.0
579.1697070680882	124.0
581.4140812999814	220.0
582.0081429316429	216.0
587.5637672022285	232.0
596.3350306919315	216.0
599.6387479630141	228.0
600.498018026932	220.0
601.7574320286448	224.0
602.5561931020843	212.0
604.7351295690689	208.0
604.9556344034714	188.0
605.3264896230905	124.0
605.7730648438738	232.0
607.0907612928714	112.0
611.0500000001316	28.0
611.0500000001316	76.0
611.8750000001346	40.0
611.8750000001346	52.0
611.8750000001346	84.0
612.4838760198778	228.0
614.3500000001436	8.0
614.3500000001436	16.0
614.3500000001436	32.0
614.3500000001436	44.0
618.4751157341774	232.0
618.5605584184875	212.0
618.8940609806052	220.0
618.9750000001604	104.0
626.8326864765996	224.0
626.8700194481559	216.0
626.8744085277276	188.0
627.9165046696432	228.0
629.1363651317295	208.0
629.6149028983683	124.0
636.2913620556026	232.0
636.729309531746	112.0
642.8250000002472	76.0
643.1250000002483	28.0
646.0269465348533	220.0
648.5789943082113	232.0
649.7968362559982	112.0
650.9624814230529	208.0
653.926526025237	212.0
654.2435645103131	224.0
655.3024693603345	216.0
657.3537293323857	124.0
662.2136062341403	232.0
667.2500512880624	188.0
670.7385873812482	220.0
671.025146009729	208.0
673.0885729443964	224.0
675.7073610044359	212.0
677.9823670250769	112.0
678.0839912612606	216.0
681.3834533734143	124.0
694.6930604926458	188.0
698.8084001428482	224.0
699.0473748016536	208.0
699.8745582850842	124.0
700.0997603306079	220.0
700.6562677530524	216.0
701.6070467116549	212.0
709.2639406878365	188.0
717.8190538122124	112.0
720.4821888461832	216.0
721.033307182658	220.0
721.667397227645	208.0
725.3287743573175	212.0
731.6744896355563	224.0
732.2207963828691	124.0
738.3649233340228	112.0
740.379514228979	188.0
745.1971993080743	208.0
746.25162781914	220.0
747.2085426391211	188.0
748.3298492045072	224.0
749.2000000006342	100.0
751.003094642784	216.0
751.3330377881348	212.0
755.3493911381594	124.0
759.2604948670883	112.0
765.9325730534829	212.0
768.8738851499804	224.0
774.7872832272506	220.0
775.3069896161866	216.0
776.4184778804104	208.0
779.9196622869026	124.0
780.6156548142286	188.0
783.5500000007592	100.0
785.3804159325747	112.0
788.8246336222013	208.0
793.5444772637267	216.0
796.126511863437	224.0
799.3537765934101	220.0
800.1596550049372	212.0
804.4929854006631	124.0
806.6933193987271	112.0
808.1439270360366	188.0
811.9500000008625	100.0
818.5745762332285	220.0
821.7500435424773	208.0
822.6898558470631	212.0
826.2183218843933	228.0
827.2506615202208	216.0
830.2850693033565	188.0
832.5616727252971	224.0
836.5553421371238	124.0
837.5637672022285	232.0
839.0890851991443	228.0
841.9390128219718	112.0
847.5187876554709	212.0
849.3288428346578	224.0
850.8548678819443	208.0
851.6431092170867	228.0
851.7412819430725	232.0
852.1536553106025	216.0
854.7775145607886	188.0
860.0672323561832	220.0
862.4283504405248	112.0
862.5000000010464	28.0
862.5000000010464	76.0
863.5794364145537	124.0
864.6250000010541	40.0
864.6250000010541	52.0
864.6250000010541	84.0
865.6250000010577	8.0
865.6250000010577	16.0
865.6250000010577	32.0
865.6250000010577	44.0
866.2525549159132	232.0
867.0161472512626	228.0
871.200000001078	104.0
872.7420288193238	220.0
874.0702382799799	212.0
875.4658475136031	188.0
877.541340448839	224.0
879.8577595070637	228.0
881.9729657796576	216.0
884.7062932998765	208.0
886.8266857784406	124.0
887.5185207209447	112.0
890.1250000011469	28.0
890.1250000011469	76.0
890.4000000011479	40.0
890.4000000011479	52.0
890.4000000011479	84.0
892.1955664650998	220.0
893.16530263235	208.0
893.8762437035765	216.0
895.9278167375023	212.0
896.5241572278164	232.0
899.8547714169357	228.0
906.5910168468015	224.0
910.1397521908236	112.0
910.527514400613	188.0
913.5470343646476	124.0
919.7584524035855	208.0
923.132271473584	216.0
923.5656049174353	220.0
925.7965340514415	212.0
928.1714606633168	224.0
928.5343304721634	124.0
936.0291026875393	188.0
937.70000000132	104.0
941.9683017946393	112.0
942.2357936008502	208.0
947.4197160334847	224.0
948.5818242563969	212.0
949.1785415958759	216.0
949.9781856323071	112.0
950.8636347539252	220.0
957.6232480042792	124.0
958.2268920743036	188.0
969.0440358680912	224.0
971.1990153303452	220.0
973.5741223277838	212.0
975.5757560753871	216.0
976.4684046777039	208.0
986.4876108151317	188.0
987.7699207359085	124.0
994.2886503229397	112.0
995.0000000015284	100.0
995.053157626576	220.0
1002.0832745549188	216.0
1005.1466357540771	212.0
1006.4046461449421	188.0
1006.5855630093625	124.0
1006.7128755261311	112.0
1010.7315590352644	224.0
1011.0749635430905	208.0
1018.9563736721658	208.0
1019.1250000016162	100.0
1022.0190517699361	212.0
1023.2335641523078	220.0
1027.2250000016456	104.0
1028.9588641374442	216.0
1030.2009686328029	224.0
1033.1773637412923	112.0
1033.4442421867325	124.0
1034.2277575140197	188.0
1045.2250000017111	100.0
1048.463082366072	220.0
1048.9544807872446	212.0
1049.2529590107495	224.0
1049.6875830041304	208.0
1050.3860887346614	188.0
1050.7021715703372	216.0
1055.7686123322799	112.0
1060.9401781267109	124.0
1063.935612332606	212.0
1064.815415169011	208.0
1067.667058881923	224.0
1069.2489716430287	220.0
1073.1478081890216	216.0
1076.2183218843934	228.0
1080.1515768827123	124.0
1081.8100617104124	112.0
1082.5390929567338	188.0
1087.5637672022285	232.0
1093.9538903377195	208.0
1093.9855891819627	228.0
1099.1090779409678	212.0
1103.1908250264232	224.0
1103.2023771622564	220.0
1104.6712866489286	112.0
1105.0079064485017	232.0
1107.5983484834812	228.0
1107.9410929645103	124.0
1111.0057089687498	216.0
1116.675000001971	28.0
1116.675000001971	76.0
1116.8500000019717	40.0
1116.8500000019717	52.0
1116.8500000019717	84.0
1117.0184523507394	232.0
1120.3542314475555	208.0
1121.2119735412716	188.0
1122.2846954953197	228.0
1126.5861664097538	216.0
1127.2387057663088	212.0
1128.1500000020128	104.0
1128.9752191941416	124.0
1128.999604122689	220.0
1129.476485724189	224.0
1131.425822490346	112.0
1134.5249966078932	188.0
1135.0282174251975	232.0
1135.7242141067575	228.0
1140.6500000020583	28.0
1140.6500000020583	76.0
1146.891091488628	212.0
1148.013914450095	224.0
1148.45697927493	124.0
1153.7072715951972	220.0
1154.4964486179308	216.0
1155.253504739666	208.0
1156.385105530392	232.0
1160.899522459987	188.0
1164.4596616643278	112.0
1164.4946168107813	216.0
1164.9250000021466	28.0
1164.9250000021466	76.0
1165.7250000021495	40.0
1165.7250000021495	52.0
1165.7250000021495	84.0
1174.1500000021801	104.0
1174.3488025292145	212.0
1175.2961128552026	220.0
1179.4222651660384	112.0
1181.7742591374006	124.0
1182.9079332650806	208.0
1184.5968415280663	224.0
1186.4764831675825	188.0
1192.0935773106817	220.0
1201.1494701143931	216.0
1201.2894661732032	208.0
1201.7988545450905	224.0
1204.298102825549	212.0
1211.0893155189285	112.0
1211.1575254101294	124.0
1214.7105733047017	212.0
1217.3863270195443	208.0
1218.6554393245565	220.0
1220.2356446798415	224.0
1222.4827072199967	216.0
1224.8755630327755	188.0
1227.0250000023725	100.0
1231.5277046897447	112.0
1235.181327316774	188.0
1236.6786005775896	124.0
1246.669409407609	216.0
1246.9078143536403	220.0
1248.6098755306618	208.0
1249.2913987449901	112.0
1249.4224952112972	224.0
1254.5722897254693	212.0
1259.1750000024895	100.0
1261.429333009814	124.0
1268.3059193983745	188.0
1271.2565919823853	220.0
1273.5460048519474	208.0
1275.5582994745848	224.0
1277.3524511569826	216.0
1278.5095692737518	212.0
1285.3357976224986	112.0
1286.8454941925675	124.0
1289.1758088734694	188.0
1291.0027349056777	224.0
1291.6250000026075	100.0
1295.300109624483	220.0
1300.9385230688224	216.0
1301.9384802114987	208.0
1302.762727062089	112.0
1306.1581953760383	212.0
1312.0854833142912	188.0
1313.9786471600316	124.0
1319.225000002708	100.0
1320.8851098544494	224.0
1325.781545110015	216.0
1326.2183218843934	228.0
1326.656277701847	212.0
1329.8816684770445	208.0
1332.3383080172032	220.0
1337.2345244188077	188.0
1337.5637672022285	232.0
1338.2894674070187	228.0
1340.0207957631653	124.0
1340.5766965570476	216.0
1340.8264142878957	212.0
1344.9057552171298	208.0
1345.1011335724006	112.0
1348.3613144902781	224.0
1351.1456604083114	232.0
1351.4982890044957	124.0
1352.4851743235859	220.0
1354.080450510071	228.0
1358.224119831082	112.0
1360.006880510599	188.0
1361.300000002861	28.0
1361.300000002861	76.0
1361.5250000028618	40.0
1361.5250000028618	52.0
1361.5250000028618	84.0
1365.125000002875	8.0
1365.125000002875	16.0
1365.125000002875	32.0
1365.125000002875	44.0
1366.6237378229137	232.0
1369.7500000028917	104.0
1371.6548869742223	212.0
1376.371786288103	220.0
1378.1114588018454	228.0
1378.316673958262	124.0
1379.4535793072157	216.0
1379.4975277362157	224.0
1386.0803250342433	208.0
1386.5380214907123	188.0
1389.7570449867214	112.0
1391.800000002972	76.0
1391.825000002972	28.0
1394.385646937387	228.0
1398.3968486556062	208.0
1398.7087375616059	216.0
1400.9312911467312	220.0
1400.9946358476275	212.0
1401.6729663561314	224.0
1404.6782040758635	188.0
1408.2567538997803	232.0
1409.9811836164681	124.0
1411.0548403947266	112.0
1415.8500000030594	28.0
1415.8500000030594	76.0
1416.3750000030614	40.0
1416.3750000030614	52.0
1416.3750000030614	84.0
1418.58946339076	208.0
1422.7536513248524	220.0
1423.850048302827	216.0
1425.8000000030956	104.0
1426.9835168533518	224.0
1428.1968084621458	212.0
1432.5714288969493	112.0
1439.9513219829046	124.0
1440.261325920767	188.0
1441.382115684729	212.0
1452.2927012457164	208.0
1454.5196685911455	224.0
1454.8842266622057	124.0
1455.2747592110024	216.0
1457.9889208355912	220.0
1459.413792387355	188.0
1465.1955387496669	112.0
1466.1214902824102	220.0
1472.6106248645594	216.0
1476.0750000032785	100.0
1478.637301049218	224.0
1481.4673136408562	212.0
1481.7328591975129	208.0
1484.3212062098899	124.0
1489.8539528187723	112.0
1491.8574940231624	220.0
1491.8677067500896	188.0
1495.1288306929916	224.0
1495.252930226416	212.0
1498.532781835679	216.0
1502.9718695201775	112.0
1508.5132219528998	208.0
1510.0161535736388	124.0
1512.9250000034126	100.0
1521.3325067956746	212.0
1521.5797794071157	188.0
1525.918988755052	220.0
1526.1361177823924	224.0
1526.2002250815772	208.0
1526.3509450133631	188.0
1530.0970260901593	216.0
1531.2391484721074	112.0
1532.6926623878674	124.0
1538.1000000035042	100.0
1544.7972058569712	216.0
1545.7187375089002	224.0
1546.1558793138831	212.0
1548.3399097615243	208.0
1550.0074852235605	112.0
1552.9859691983252	220.0
1554.7354836064046	188.0
1561.0580632821284	124.0
1564.725000003601	100.0
1575.239102373601	112.0
1575.4757039119231	220.0
1575.692725996319	224.0
1576.2183218843934	228.0
1576.4177514172325	212.0
1578.811900723714	216.0
1581.5833317112354	208.0
1582.0816477805367	124.0
1583.6287422924836	188.0
1587.5637672022285	232.0
1591.2445144808858	228.0
1594.195677847004	220.0
1595.9530700315195	216.0
1598.77450098778	208.0
1600.4843284751132	212.0
1600.8348309613016	112.0
1604.2756843359389	124.0
1604.8797028450558	224.0
1607.3677878586998	232.0
1607.875000003758	28.0
1607.875000003758	76.0
1608.7304518795067	228.0
1609.4250000037637	40.0
1609.4250000037637	52.0
1609.4250000037637	84.0
1616.9610663544597	188.0
1620.577120464444	216.0
1623.420043943753	220.0
1623.5000000038149	104.0
1625.5440975419326	208.0
1625.9122815385556	232.0
1626.66062525365	224.0
1626.7598116435402	124.0
1626.7761926626538	228.0
1628.0733507817042	112.0
1628.9969992671683	188.0
1629.773288928118	212.0
1636.9500000038638	28.0
1636.9500000038638	76.0
1638.67500000387	52.0
1638.67500000387	84.0
1638.7000000038702	40.0
1641.6343154990095	208.0
1641.9854557141518	228.0
1647.8012228681957	220.0
1649.2352417523334	216.0
1649.5573660750836	232.0
1649.8909053193877	224.0
1655.2891101220835	188.0
1655.8957397794074	212.0
1656.0542846600326	112.0
1659.3182213671294	124.0
1662.4911627163196	232.0
1663.675000003961	76.0
1663.7000000039611	28.0
1664.5500000039642	40.0
1664.5500000039642	52.0
1664.5500000039642	84.0
1668.9250000039801	8.0
1668.9250000039801	16.0
1668.9250000039801	32.0
1668.9250000039801	44.0
1669.8506145993117	224.0
1671.271981065723	208.0
1671.5131717788001	216.0
1671.7750000039905	104.0
1675.882611449152	212.0
1678.3310603434516	112.0
1678.6800976970426	220.0
1678.8931185489816	188.0
1689.583537006176	124.0
1694.0988824274589	220.0
1694.6043293008122	216.0
1695.6577122729002	224.0
1701.4898750575603	212.0
1707.2113235556421	208.0
1707.2592266312156	188.0
1710.0694010246314	112.0
1710.175027516029	124.0
1719.1774780124636	224.0
1725.1576974832205	212.0
1725.1849868729962	216.0
1727.6154977244305	220.0
1732.3581882640208	188.0
1732.7027327919702	208.0
1732.9904322505256	124.0
1740.2750000042397	100.0
1740.8826564996555	112.0
1741.8284510962	224.0
1744.3857125846725	216.0
1745.7705126808037	124.0
1751.7745203378215	220.0
1752.7186309177428	188.0
1754.1078568029993	208.0
1754.6396636703973	212.0
1763.4976917167637	112.0
1768.5024317856673	208.0
1774.2664570819172	212.0
1776.3650968633135	224.0
1776.4204466522563	220.0
1776.6579301205643	112.0
1778.5153532810466	216.0
1779.125000004381	100.0
1790.8136009586078	188.0
1793.334013508982	124.0
1793.666269422866	212.0
1795.591089845796	220.0
1796.5858326850798	208.0
1797.751645375702	216.0
1801.3958628796115	188.0
1807.0000000044824	100.0
1807.0720082943694	224.0
1809.1796942148774	124.0
1811.794341325264	112.0
1820.9725870342963	224.0
1821.7825657947965	208.0
1825.340175267939	220.0
1826.2183218843934	228.0
1827.594560330751	188.0
1830.8108556698626	216.0
1832.9188253064324	124.0
1833.6354037986187	112.0
1835.8555456742827	212.0
1837.5637672022285	232.0
1840.190743515664	212.0
1842.9992969027164	228.0
1848.4991429852873	220.0
1851.346276507158	232.0
1852.6554791784604	112.0
1855.2816945125478	208.0
1855.3838604474493	216.0
1862.9053608017778	224.0
1863.6383394148281	124.0
1863.8774009882234	228.0
1863.9750000046897	28.0
1863.9750000046897	40.0
1863.9750000046897	52.0
1863.9750000046897	76.0
1863.9750000046897	84.0
1866.6306413245336	232.0
1867.9385766005926	188.0
1867.94426727961	212.0
1871.1825750206642	220.0
1872.7916489220818	208.0
1874.411998056808	224.0
1875.350000004731	104.0
1878.6831931036481	216.0
1884.7067526084977	232.0
1888.590937969829	188.0
1889.6480488656582	228.0
1889.900000004784	28.0
1889.900000004784	76.0
1890.2658673531741	124.0
1890.763570176663	112.0
1891.250000004789	40.0
1891.250000004789	52.0
1891.250000004789	84.0
1893.1934395066062	212.0
1893.697003497245	224.0
1895.8461014924762	208.0
1899.4793448541016	216.0
1900.844330074216	220.0
1906.4229822107843	228.0
1908.0344868445195	112.0
1914.7483966406926	124.0
1915.048314913324	188.0
1915.4000000048768	28.0
1915.4000000048768	76.0
1917.690790119481	212.0
1918.0743347003026	232.0
1918.3000000048874	52.0
1918.3000000048874	84.0
1918.3250000048874	40.0
1924.4000000049095	104.0
1924.852941406774	224.0
1925.0435819649133	208.0
1926.136442361147	220.0
1928.4574829926867	216.0
1933.458065907912	124.0
1935.2824190592123	188.0
1938.6948106606858	112.0
1944.9342730964745	216.0
1946.0350571904091	224.0
1946.973625119147	212.0
1948.09531478156	220.0
1952.514929885563	208.0
1953.9029994770926	188.0
1956.6938399092305	112.0
1960.1235445974285	124.0
1972.4535535415596	112.0
1975.0311771685824	208.0
1976.765329897145	220.0
1976.972363117845	224.0
1977.3958383578247	216.0
1983.5964201680504	212.0
1983.8873659072929	124.0
1987.5926432527401	188.0
1992.1845049189865	224.0
1993.9250000051625	100.0
1996.582862904501	212.0
1999.4148518060535	220.0
1999.6458436857165	216.0
2000.454886830859	208.0
2011.2746676396362	124.0
2014.7015961326028	188.0
2015.5855601796086	112.0
2016.8572337700734	212.0
2019.5336412847805	208.0
2021.31094919342	220.0
2021.4250000052625	100.0
2027.984255780047	216.0
2030.0103427510192	224.0
2030.319826181113	188.0
2034.4074868550306	124.0
2035.2801942730666	112.0
2040.0012890461342	224.0
2045.3500000053496	100.0
2046.5061749014342	216.0
44.230	223.0
47.156	207.0
49.056	211.0
52.663	219.0
54.443	183.0
54.706	215.0
57.727	139.0
57.845	171.0
60.850	7.0
60.850	19.0
60.850	87.0
60.850	99.0
61.675	11.0
61.675	31.0
61.675	43.0
61.675	83.0
62.225	3.0
62.506	107.0
63.300	103.0
66.925	151.0
68.731	211.0
70.368	111.0
71.854	223.0
74.994	215.0
77.817	183.0
78.545	171.0
80.962	151.0
81.121	107.0
81.807	219.0
81.990	231.0
82.261	207.0
88.290	111.0
91.584	227.0
94.230	223.0
94.959	139.0
97.156	207.0
99.056	211.0
102.663	219.0
104.443	183.0
104.706	215.0
107.727	139.0
107.845	171.0
107.996	231.0
109.349	227.0
110.625	7.0
110.625	87.0
110.625	99.0
110.650	19.0
111.900	11.0
111.900	31.0
111.900	43.0
111.900	83.0
112.506	107.0
112.625	3.0
113.125	103.0
113.950	55.0
114.625	59.0
114.625	63.0
114.625	95.0
115.375	47.0
116.925	151.0
117.921	223.0
118.275	103.0
119.389	207.0
120.368	111.0
120.584	231.0
123.760	219.0
126.273	215.0
129.190	211.0
130.544	111.0
132.145	107.0
133.091	151.0
134.252	227.0
137.825	7.0
137.825	19.0
137.825	87.0
137.825	99.0
137.839	139.0
138.575	183.0
140.225	103.0
141.064	171.0
146.837	231.0
147.418	219.0
147.592	227.0
148.030	211.0
148.183	215.0
148.816	183.0
155.165	107.0
155.357	139.0
156.147	207.0
156.965	223.0
158.207	151.0
161.590	171.0
162.830	227.0
164.600	7.0
164.600	19.0
164.600	87.0
164.600	99.0
164.669	111.0
166.500	103.0
170.745	223.0
172.156	215.0
172.715	219.0
177.929	207.0
178.201	211.0
181.386	139.0
181.734	107.0
182.287	151.0
183.291	111.0
184.399	171.0
186.905	211.0
187.986	183.0
192.950	103.0
194.878	207.0
198.587	107.0
199.381	223.0
203.569	219.0
205.256	139.0
205.663	111.0
205.727	215.0
207.736	171.0
209.179	151.0
214.210	183.0
215.888	223.0
220.600	103.0
223.637	207.0
224.481	219.0
228.941	183.0
231.556	139.0
232.086	211.0
232.475	215.0
235.648	151.0
236.111	107.0
236.788	111.0
243.617	171.0
247.540	215.0
248.450	211.0
250.358	207.0
252.527	219.0
255.587	223.0
256.217	139.0
259.026	183.0
259.775	111.0
262.481	107.0
264.540	171.0
265.240	151.0
269.457	211.0
274.187	219.0
275.230	207.0
275.642	215.0
277.119	223.0
277.655	139.0
280.684	107.0
280.990	111.0
286.002	183.0
286.111	171.0
291.221	151.0
297.562	215.0
298.994	211.0
300.027	223.0
302.652	207.0
304.888	183.0
307.526	219.0
308.670	111.0
309.658	107.0
310.259	151.0
311.253	171.0
316.276	139.0
319.208	211.0
321.871	207.0
323.881	215.0
324.915	223.0
328.925	219.0
329.457	139.0
330.896	111.0
331.700	171.0
331.860	151.0
331.990	231.0
332.568	183.0
333.716	107.0
340.250	103.0
341.584	227.0
349.883	215.0
350.929	219.0
351.182	231.0
352.597	207.0
354.899	211.0
356.932	183.0
357.045	111.0
358.411	171.0
358.702	223.0
359.047	227.0
362.014	107.0
363.032	151.0
364.245	223.0
365.250	19.0
365.400	7.0
365.400	87.0
365.400	99.0
367.375	103.0
367.525	11.0
367.525	31.0
367.525	43.0
367.525	83.0
369.650	3.0
370.389	139.0
372.067	211.0
372.277	207.0
374.459	219.0
375.931	231.0
376.925	103.0
378.222	183.0
379.822	151.0
379.936	215.0
383.648	111.0
385.949	171.0
386.217	107.0
390.756	139.0
395.122	207.0
397.554	215.0
398.221	231.0
401.315	107.0
401.325	211.0
403.376	223.0
403.867	227.0
405.205	139.0
407.631	111.0
407.936	171.0
409.365	219.0
413.709	183.0
415.068	151.0
417.500	7.0
417.500	19.0
417.500	87.0
417.500	99.0
418.520	227.0
419.000	103.0
421.828	219.0
423.869	215.0
425.774	183.0
428.362	211.0
429.326	207.0
433.172	223.0
433.531	171.0
433.679	111.0
436.128	151.0
436.924	139.0
437.513	107.0
442.125	103.0
445.277	223.0
448.274	211.0
450.214	207.0
452.326	111.0
453.413	183.0
454.300	215.0
454.972	171.0
456.697	219.0
460.662	107.0
462.415	151.0
464.475	139.0
470.647	207.0
473.250	103.0
473.596	223.0
474.892	211.0
477.270	219.0
481.514	215.0
483.402	183.0
484.704	151.0
486.979	107.0
491.619	171.0
496.246	111.0
497.604	219.0
498.278	139.0
499.942	207.0
500.073	223.0
500.739	151.0
501.324	183.0
505.005	215.0
506.480	211.0
506.529	139.0
507.315	171.0
515.209	111.0
516.778	107.0
517.525	215.0
519.710	207.0
522.574	223.0
524.568	219.0
526.478	211.0
527.035	151.0
529.587	139.0
530.768	171.0
531.363	107.0
531.504	111.0
540.879	183.0
543.790	215.0
545.259	211.0
548.847	219.0
550.742	207.0
551.337	223.0
553.297	151.0
555.505	111.0
556.188	171.0
561.033	107.0
561.414	183.0
563.332	139.0
567.005	215.0
569.547	223.0
574.351	211.0
574.809	207.0
578.486	219.0
581.990	231.0
584.485	107.0
585.896	171.0
585.961	111.0
589.799	183.0
590.241	139.0
591.584	227.0
591.725	151.0
591.744	207.0
592.643	223.0
592.691	219.0
593.057	151.0
594.238	171.0
594.263	231.0
594.810	215.0
598.349	211.0
605.517	183.0
607.586	139.0
608.012	111.0
610.692	107.0
610.995	227.0
611.875	7.0
611.875	19.0
611.875	87.0
611.875	99.0
613.875	103.0
614.350	11.0
614.350	31.0
614.350	43.0
614.350	83.0
615.400	3.0
616.613	207.0
616.662	219.0
617.704	231.0
621.755	223.0
622.275	103.0
625.349	215.0
625.724	111.0
626.018	211.0
630.517	183.0
631.695	231.0
632.401	171.0
635.281	107.0
636.344	151.0
642.587	139.0
644.387	227.0
645.720	107.0
648.580	207.0
648.637	211.0
650.267	219.0
650.537	183.0
650.969	231.0
653.236	215.0
653.840	223.0
654.600	103.0
659.301	111.0
659.969	151.0
660.410	139.0
661.636	227.0
662.794	171.0
664.566	231.0
674.403	171.0
674.587	211.0
675.958	223.0
677.159	219.0
678.213	215.0
682.528	207.0
684.972	151.0
685.175	139.0
685.253	183.0
688.687	107.0
689.867	111.0
691.075	103.0
691.950	219.0
697.078	211.0
697.220	215.0
697.222	223.0
698.553	171.0
699.519	207.0
701.315	183.0
707.520	139.0
707.893	151.0
711.591	107.0
714.554	215.0
718.836	111.0
722.231	219.0
722.575	103.0
724.731	223.0
727.902	171.0
730.288	139.0
731.059	207.0
733.720	211.0
738.353	151.0
739.114	111.0
742.678	183.0
742.804	107.0
746.415	223.0
747.259	215.0
749.254	219.0
750.475	103.0
752.513	211.0
754.553	207.0
756.699	183.0
760.200	151.0
762.492	107.0
765.156	171.0
765.639	111.0
766.256	139.0
770.304	207.0
774.944	211.0
776.095	223.0
778.552	139.0
779.324	183.0
780.413	215.0
780.989	219.0
782.682	171.0
783.334	151.0
784.508	111.0
787.340	107.0
795.339	211.0
799.155	207.0
801.138	223.0
804.940	215.0
805.291	171.0
807.978	219.0
808.137	183.0
808.390	139.0
808.500	151.0
811.102	111.0
816.466	107.0
826.438	215.0
826.554	219.0
829.101	171.0
830.352	111.0
830.608	207.0
830.943	183.0
831.136	223.0
831.990	231.0
833.107	211.0
836.199	139.0
836.891	107.0
841.584	227.0
842.523	151.0
844.607	223.0
844.965	215.0
847.400	231.0
848.537	211.0
852.069	207.0
852.976	139.0
856.458	219.0
856.654	171.0
856.934	107.0
857.411	151.0
858.290	111.0
859.094	227.0
863.207	231.0
863.294	183.0
864.600	19.0
864.625	7.0
864.625	87.0
864.625	99.0
865.625	11.0
865.625	31.0
865.625	43.0
865.625	83.0
866.375	3.0
866.575	103.0
870.268	223.0
871.376	211.0
875.173	207.0
875.230	171.0
876.098	227.0
878.694	183.0
878.717	219.0
879.724	231.0
880.278	215.0
882.239	107.0
883.370	151.0
885.947	139.0
887.347	111.0
889.150	103.0
890.400	7.0
890.400	19.0
890.400	87.0
890.400	99.0
891.056	227.0
891.489	219.0
892.241	207.0
894.714	139.0
896.200	211.0
898.100	103.0
898.128	223.0
899.209	151.0
905.059	171.0
905.949	215.0
906.759	107.0
906.927	231.0
907.433	183.0
907.745	111.0
920.968	207.0
924.346	227.0
925.891	211.0
925.942	219.0
926.182	111.0
927.248	215.0
928.342	223.0
928.689	171.0
932.579	107.0
932.780	183.0
933.899	151.0
935.904	139.0
938.725	103.0
948.338	219.0
950.068	211.0
951.621	151.0
951.799	111.0
951.810	223.0
952.019	215.0
955.165	207.0
956.455	171.0
958.416	139.0
961.358	107.0
967.225	103.0
968.438	183.0
968.583	219.0
972.393	223.0
974.551	171.0
975.447	139.0
976.144	215.0
979.117	107.0
980.117	183.0
981.220	151.0
983.061	111.0
985.416	207.0
985.787	211.0
988.494	215.0
1000.085	207.0
1001.724	211.0
1002.555	219.0
1004.954	223.0
1006.250	139.0
1011.239	183.0
1011.550	107.0
1012.033	111.0
1249.648	221.0
1250.759	145.0
1253.163	217.0
1255.999	181.0
1259.175	101.0
1262.949	133.0
1269.613	213.0
1271.851	205.0
1273.129	209.0
1279.710	217.0
1280.074	221.0
1283.360	145.0
1288.317	181.0
1289.133	133.0
1291.066	221.0
1291.625	101.0
1296.003	209.0
1301.868	217.0
1303.022	213.0
1306.313	181.0
1306.324	205.0
1309.631	133.0
1311.149	145.0
1317.110	209.0
1318.085	221.0
1319.225	101.0
1323.037	225.0
1326.847	145.0
1327.276	229.0
1327.959	213.0
1328.539	133.0
1329.296	205.0
1334.235	233.0
1334.914	217.0
1335.176	225.0
1339.739	181.0
1344.082	217.0
1346.803	229.0
1346.916	233.0
1348.090	221.0
1350.972	225.0
1353.695	213.0
1354.886	205.0
1356.998	209.0
1358.438	145.0
1358.534	181.0
1361.525	17.0
1361.525	33.0
1361.525	37.0
1361.525	77.0
1362.425	1.0
1363.532	229.0
1364.625	13.0
1365.125	49.0
1365.616	217.0
1365.709	133.0
1368.981	233.0
1369.992	225.0
1374.900	213.0
1375.521	221.0
1376.158	209.0
1377.046	181.0
1378.450	205.0
1383.893	133.0
1383.942	233.0
1384.638	225.0
1388.231	229.0
1391.069	145.0
1394.365	221.0
1397.672	213.0
1398.319	225.0
1398.727	217.0
1401.777	209.0
1406.934	233.0
1409.180	205.0
1409.197	145.0
1411.802	181.0
1416.104	133.0
1416.375	17.0
1416.375	33.0
1416.375	37.0
1416.375	77.0
1417.150	1.0
1418.690	221.0
1423.777	217.0
1424.203	181.0
1426.630	213.0
1426.722	205.0
1427.648	145.0
1432.703	209.0
1438.768	133.0
1441.387	209.0
1449.042	213.0
1450.363	205.0
1452.308	217.0
1452.522	221.0
1455.152	181.0
1457.373	145.0
1467.730	221.0
1468.074	133.0
1471.360	213.0
1472.977	205.0
1475.126	145.0
1476.075	101.0
1481.513	133.0
1484.594	209.0
1485.399	181.0
1486.502	217.0
1494.300	213.0
1498.826	221.0
1499.145	209.0
1500.544	217.0
1504.301	181.0
1505.282	133.0
1508.202	145.0
1511.564	205.0
1512.925	101.0
1524.892	181.0
1525.944	213.0
1529.676	145.0
1529.915	205.0
1530.680	221.0
1531.058	133.0
1531.398	209.0
1533.288	217.0
1538.100	101.0
1546.336	221.0
1548.286	205.0
1554.055	213.0
1555.909	209.0
1556.066	217.0
1556.315	145.0
1558.965	133.0
1563.105	181.0
1564.725	101.0
1569.190	221.0
1573.037	225.0
1577.276	229.0
1577.514	217.0
1578.614	205.0
1580.080	209.0
1581.024	213.0
1583.720	181.0
1584.235	233.0
1591.707	145.0
1592.118	229.0
1593.127	133.0
1593.791	225.0
1597.306	209.0
1597.606	233.0
1599.111	221.0
1599.433	145.0
1600.939	133.0
1601.295	205.0
1605.705	217.0
1606.123	213.0
1609.425	17.0
1609.425	33.0
1609.425	37.0
1609.425	77.0
1609.867	181.0
1610.500	1.0
1610.798	225.0
1614.017	233.0
1620.273	205.0
1624.469	221.0
1625.376	213.0
1626.174	225.0
1628.971	229.0
1632.863	133.0
1633.302	217.0
1634.098	181.0
1634.829	209.0
1635.509	145.0
1636.671	233.0
1638.675	17.0
1638.675	33.0
1638.675	77.0
1638.700	37.0
1639.150	1.0
1642.660	205.0
1645.186	221.0
1647.179	225.0
1648.008	213.0
1648.264	209.0
1654.398	145.0
1655.816	229.0
1658.739	233.0
1660.389	181.0
1661.087	217.0
1661.813	133.0
1664.550	17.0
1664.550	33.0
1664.550	37.0
1664.550	77.0
1665.075	1.0
1667.825	13.0
1668.925	49.0
1669.407	213.0
1676.748	217.0
1679.164	205.0
1679.730	221.0
1681.138	209.0
1685.220	181.0
1685.721	145.0
1687.046	133.0
1694.164	205.0
1694.288	209.0
1698.352	217.0
1703.002	181.0
1705.750	213.0
1706.448	221.0
1711.632	133.0
1711.787	145.0
1718.053	221.0
1719.940	217.0
1721.404	209.0
1722.340	213.0
1722.382	205.0
1732.524	133.0
1735.457	181.0
1736.877	145.0
1738.885	205.0
1740.275	101.0
1744.504	213.0
1745.000	209.0
1749.153	217.0
1750.230	221.0
1760.006	181.0
1762.748	145.0
1764.132	133.0
1771.039	213.0
1771.337	205.0
1771.363	221.0
1775.982	217.0
1779.125	101.0
1779.646	181.0
1782.247	145.0
1784.912	209.0
1786.758	133.0
1792.489	209.0
1794.311	205.0
1799.571	213.0
1804.872	145.0
1807.000	101.0
1809.088	217.0
1809.787	133.0
1810.688	221.0
1817.556	181.0
1819.017	205.0
1819.353	209.0
1821.705	221.0
1823.037	225.0
1824.642	213.0
1826.081	217.0
1827.276	229.0
1834.235	233.0
1837.270	181.0
1837.306	133.0
1839.601	225.0
1841.676	229.0
1844.285	145.0
1844.788	217.0
1846.157	209.0
1847.182	221.0
1847.894	233.0
1849.041	213.0
1850.693	205.0
1860.601	225.0
1861.106	133.0
1863.975	17.0
1863.975	33.0
1863.975	37.0
1863.975	77.0
1865.035	233.0
1865.575	181.0
1865.825	1.0
1867.799	229.0
1867.915	145.0
1868.775	13.0
1869.990	221.0
1872.858	205.0
1873.372	209.0
1880.044	217.0
1880.769	213.0
1881.615	133.0
1883.283	145.0
1883.370	181.0
1885.140	229.0
1888.393	225.0
1890.572	233.0
1891.200	77.0
1891.250	17.0
1891.250	33.0
1891.250	37.0
1892.050	1.0
1892.190	205.0
1896.642	221.0
1897.127	217.0
1898.183	213.0
1900.591	229.0
1902.990	233.0
1903.128	209.0
1905.062	145.0
1911.980	217.0
1912.074	133.0
1914.248	181.0
1918.300	17.0
1918.300	33.0
1918.300	77.0
1918.325	37.0
1918.500	1.0
1918.874	205.0
1920.563	213.0
1927.122	221.0
1931.680	181.0
1933.359	209.0
1933.928	133.0
1940.005	217.0
1941.768	145.0
1945.544	209.0
1952.543	221.0
1955.619	205.0
1956.426	213.0
1956.766	181.0
1960.152	133.0
1962.354	217.0
1964.963	145.0
1969.420	221.0
1974.365	213.0
1974.879	209.0
1976.173	205.0
1980.909	145.0
1985.321	133.0
1986.757	181.0
1993.925	101.0
1994.822	221.0
2001.173	209.0
2002.201	213.0
2003.312	181.0
2004.761	217.0
2005.834	205.0
2008.857	145.0
2012.979	133.0
2015.730	221.0
2021.425	101.0
2026.176	205.0
2026.903	209.0
2027.476	213.0
2029.331	217.0
2032.726	181.0
2033.296	133.0
2037.020	145.0
2042.741	205.0
2044.698	221.0
2045.104	209.0
2045.350	101.0
2049.471	217.0
1013.342	151.0
1013.395	219.0
1014.933	171.0
1019.830	211.0
1021.623	107.0
1021.786	171.0
1026.178	223.0
1027.033	215.0
1027.602	207.0
1029.814	183.0
1031.623	111.0
1032.907	139.0
1038.028	151.0
1046.495	207.0
1047.084	183.0
1047.162	223.0
1047.467	107.0
1047.494	215.0
1049.996	219.0
1050.719	211.0
1052.107	111.0
1055.268	151.0
1056.670	171.0
1062.702	139.0
1067.436	211.0
1072.896	219.0
1073.909	223.0
1077.704	111.0
1079.995	215.0
1080.034	183.0
1080.329	207.0
1080.724	107.0
1081.990	231.0
1084.100	151.0
1085.406	139.0
1085.480	171.0
1089.750	223.0
1091.584	227.0
1091.696	219.0
1092.000	103.0
1094.319	215.0
1096.738	211.0
1098.438	231.0
1101.011	183.0
1103.262	151.0
1103.758	207.0
1108.285	227.0
1111.964	111.0
1112.767	139.0
1113.045	107.0
1113.794	171.0
1114.766	231.0
1116.850	7.0
1116.850	19.0
1116.850	87.0
1116.850	99.0
1119.450	103.0
1124.130	207.0
1124.630	211.0
1125.170	219.0
1126.071	215.0
1131.724	183.0
1131.890	231.0
1134.522	227.0
1134.830	111.0
1137.210	151.0
1137.685	223.0
1137.733	171.0
1139.301	215.0
1141.658	107.0
1145.050	103.0
1145.071	207.0
1145.475	139.0
1149.305	219.0
1151.581	211.0
1151.617	227.0
1151.632	171.0
1154.082	151.0
1155.719	111.0
1155.928	223.0
1159.309	183.0
1161.148	107.0
1161.768	139.0
1165.725	7.0
1165.725	19.0
1165.725	87.0
1165.725	99.0
1166.603	227.0
1167.100	215.0
1167.925	103.0
1169.170	223.0
1174.204	219.0
1176.701	211.0
1179.387	207.0
1181.479	151.0
1185.029	139.0
1185.126	111.0
1190.285	171.0
1190.465	183.0
1191.217	107.0
1193.450	103.0
1195.214	207.0
1196.902	215.0
1198.103	111.0
1202.997	219.0
1203.363	223.0
1204.464	151.0
1205.154	211.0
1207.922	139.0
1208.614	107.0
1211.601	171.0
1214.946	183.0
1217.597	215.0
1217.804	219.0
1219.394	223.0
1221.864	171.0
1223.525	103.0
1227.677	211.0
1227.750	151.0
1230.487	107.0
1233.347	111.0
1233.702	207.0
1239.742	139.0
1240.473	183.0
1241.698	223.0
1244.996	211.0
1252.592	215.0
1253.788	219.0
1253.889	107.0
1254.842	207.0
1255.383	183.0
1255.466	111.0
1257.176	171.0
1258.819	139.0
1259.549	151.0
1269.511	139.0
1273.016	207.0
1273.430	223.0
1275.141	211.0
1275.903	215.0
1281.092	219.0
1281.975	107.0
1284.184	111.0
1285.815	151.0
1285.835	171.0
1290.106	211.0
1290.930	215.0
1290.968	183.0
1294.014	207.0
1300.726	219.0
1306.266	223.0
1309.793	111.0
1310.245	139.0
1312.108	183.0
1312.906	151.0
1313.394	171.0
1318.094	219.0
1318.110	107.0
1318.645	207.0
1324.286	211.0
1327.367	223.0
1331.451	183.0
1331.990	231.0
1333.192	107.0
1333.797	215.0
1334.987	111.0
1337.290	171.0
1340.565	151.0
1340.788	139.0
1341.584	227.0
1345.631	207.0
1346.733	231.0
1349.524	171.0
1349.686	215.0
1351.119	211.0
1352.323	223.0
1354.966	151.0
1355.166	111.0
1358.289	139.0
1359.013	183.0
1361.142	219.0
1361.525	7.0
1361.525	19.0
1361.525	87.0
1361.525	99.0
1363.107	231.0
1363.925	103.0
1363.969	107.0
1365.125	11.0
1365.125	31.0
1365.125	43.0
1365.125	83.0
1366.650	3.0
1366.888	227.0
1369.931	219.0
1370.528	223.0
1370.800	215.0
1371.750	103.0
1378.843	211.0
1379.024	227.0
1380.475	207.0
1380.487	151.0
1384.363	111.0
1385.315	171.0
1385.759	139.0
1386.517	107.0
1388.785	183.0
1394.074	227.0
1395.411	219.0
1397.800	103.0
1399.501	211.0
1400.829	151.0
1401.738	223.0
1402.336	231.0
1404.353	139.0
1405.317	171.0
1406.966	215.0
1407.339	207.0
1407.533	227.0
1409.431	111.0
1411.493	107.0
1413.267	183.0
1416.375	7.0
1416.375	19.0
1416.375	87.0
1416.375	99.0
1418.900	103.0
1420.935	207.0
1424.391	215.0
1425.306	223.0
1427.837	211.0
1428.703	151.0
1429.641	219.0
1434.378	107.0
1437.953	111.0
1438.163	139.0
1438.504	171.0
1444.091	207.0
1445.750	103.0
1446.887	183.0
1450.036	107.0
1451.781	215.0
1453.787	111.0
1454.334	139.0
1454.661	223.0
1455.609	183.0
1455.646	151.0
1455.930	171.0
1455.971	211.0
1461.707	219.0
1468.831	211.0
1473.454	219.0
1473.505	171.0
1474.820	223.0
1476.600	103.0
1477.735	207.0
1479.107	215.0
1481.344	107.0
1482.885	139.0
1484.261	183.0
1485.654	111.0
1487.363	223.0
1489.973	151.0
1493.042	219.0
1502.925	215.0
1505.167	139.0
1505.844	207.0
1507.288	211.0
1507.915	183.0
1510.012	107.0
1510.239	151.0
1511.435	171.0
1519.003	111.0
1521.229	211.0
1524.381	215.0
1528.265	223.0
1530.699	183.0
1531.030	207.0
1531.976	107.0
1533.007	151.0
1534.085	171.0
1534.656	111.0
1535.928	219.0
1538.231	139.0
1541.347	219.0
1545.801	223.0
1546.644	207.0
1550.210	211.0
1554.586	171.0
1555.266	151.0
1555.588	215.0
1556.027	111.0
1558.289	107.0
1560.715	139.0
1561.212	183.0
1569.717	211.0
1575.603	219.0
1578.964	223.0
1580.161	151.0
1581.428	207.0
1581.882	111.0
1581.990	231.0
1582.229	215.0
1584.638	139.0
1585.265	183.0
1586.327	107.0
1587.350	171.0
1591.584	227.0
1597.707	183.0
1598.722	215.0
1599.144	211.0
1599.262	219.0
1600.298	223.0
1602.117	207.0
1602.849	231.0
1604.365	227.0
1604.768	139.0
1606.311	171.0
1609.425	7.0
1609.425	19.0
1609.425	87.0
1609.425	99.0
1610.166	151.0
1611.487	111.0
1611.925	103.0
1615.534	211.0
1615.541	215.0
1616.959	107.0
1617.055	219.0
1618.520	227.0
1622.876	231.0
1627.080	207.0
1628.579	111.0
1629.746	183.0
1630.985	107.0
1632.062	223.0
1635.655	151.0
1638.675	7.0
1638.675	19.0
1638.675	87.0
1638.675	99.0
1639.606	231.0
1640.450	103.0
1641.702	227.0
1642.232	171.0
1645.446	215.0
1646.918	139.0
1649.491	207.0
1651.957	211.0
1651.997	223.0
1653.473	219.0
1653.552	107.0
1654.538	227.0
1654.796	231.0
1659.006	111.0
1659.676	171.0
1660.343	139.0
1661.003	183.0
1664.544	151.0
1664.550	7.0
1664.550	19.0
1664.550	87.0
1664.550	99.0
1666.625	103.0
1668.343	219.0
1668.400	3.0
1668.925	11.0
1668.925	31.0
1668.925	43.0
1668.925	83.0
1671.264	183.0
1673.532	223.0
1674.175	103.0
1674.221	211.0
1675.506	215.0
1680.071	151.0
1681.081	207.0
1682.252	111.0
1683.151	171.0
1691.097	107.0
1692.722	139.0
1693.033	207.0
1693.761	223.0
1694.681	211.0
1698.665	219.0
1704.450	215.0
1704.594	171.0
1705.365	111.0
1706.300	103.0
1706.542	151.0
1707.203	183.0
1708.936	139.0
1715.233	107.0
1718.509	215.0
1723.699	111.0
1724.789	223.0
1726.080	211.0
1731.606	207.0
1733.681	139.0
1734.297	151.0
1734.901	219.0
1735.979	183.0
1738.052	171.0
1741.625	103.0
1742.416	107.0
1747.043	111.0
1747.226	215.0
1747.544	207.0
1749.030	223.0
1751.861	219.0
1752.547	211.0
1756.576	171.0
1757.568	151.0
1760.356	139.0
1760.785	107.0
1769.278	183.0
1772.668	215.0
1775.063	223.0
1778.273	211.0
1778.889	171.0
1781.667	207.0
1781.674	107.0
1783.433	111.0
1784.083	139.0
1784.190	151.0
1785.455	219.0
1786.659	183.0
1798.193	219.0
1800.531	223.0
1801.497	211.0
1802.242	207.0
1802.572	107.0
1803.360	111.0
1805.636	215.0
1809.807	151.0
1810.746	171.0
1812.717	139.0
1817.063	183.0
1821.340	215.0
1821.945	207.0
1823.988	219.0
1824.021	211.0
1825.967	107.0
1826.632	223.0
1831.426	171.0
1831.990	231.0
1833.287	139.0
1834.018	111.0
1838.904	151.0
1841.584	227.0
1843.221	183.0
1845.429	223.0
1849.120	211.0
1850.023	215.0
1850.386	231.0
1853.227	219.0
1854.667	107.0
1855.914	207.0
1856.421	139.0
1859.473	111.0
1862.640	219.0
1863.025	183.0
1863.975	7.0
1863.975	19.0
1863.975	87.0
1863.975	99.0
1864.084	151.0
1865.689	171.0
1866.525	103.0
1866.578	227.0
1869.775	3.0
1871.509	207.0
1871.784	211.0
1872.505	231.0
1873.074	151.0
1873.861	107.0
1875.457	215.0
1881.498	223.0
1881.601	227.0
1882.640	183.0
1885.313	111.0
1885.847	139.0
1886.299	171.0
1888.211	231.0
1891.250	7.0
1891.250	19.0
1891.250	87.0
1891.250	99.0
1892.550	103.0
1894.133	223.0
1896.842	227.0
1899.145	215.0
1899.836	211.0
1901.396	207.0
1905.040	139.0
1906.143	171.0
1907.385	231.0
1907.408	219.0
1907.911	107.0
1908.361	183.0
1911.238	111.0
1914.907	219.0
1916.242	151.0
1918.150	19.0
1918.300	7.0
1918.300	87.0
1918.300	99.0
1918.850	103.0
1919.459	227.0
1919.843	207.0
1924.250	223.0
1925.961	139.0
1927.135	215.0
1928.997	211.0
1930.911	151.0
1931.297	111.0
1933.499	107.0
1938.450	183.0
1939.242	171.0
1940.000	103.0
1944.502	215.0
1945.281	223.0
1946.473	211.0
1947.232	219.0
1954.995	151.0
1955.907	107.0
1957.774	207.0
1958.290	111.0
1959.189	183.0
1962.241	171.0
1963.001	139.0
1964.320	219.0
1968.025	103.0
1969.311	111.0
1969.418	215.0
1973.478	207.0
1977.142	211.0
1978.652	183.0
1979.147	223.0
1979.506	151.0
1980.819	171.0
1981.589	107.0
1987.246	139.0
1995.072	211.0
1997.400	215.0
2001.052	219.0
2001.722	171.0
2002.546	183.0
2002.671	207.0
2004.271	111.0
2005.013	107.0
2005.218	223.0
2007.072	151.0
2007.126	139.0
2019.947	211.0
2023.415	223.0
2024.061	207.0
2029.130	215.0
2029.547	139.0
2032.265	219.0
2033.719	111.0
2034.868	183.0
2035.597	107.0
2036.116	151.0
2038.753	171.0
2043.576	223.0
2049.666	215.0
2049.912	211.0
43.291	206.0
49.791	218.0
49.853	210.0
52.030	138.0
52.253	222.0
52.581	214.0
56.203	122.0
59.179	106.0
59.950	46.0
60.300	2.0
60.850	6.0
60.850	34.0
60.850	54.0
60.850	58.0
61.675	10.0
61.675	14.0
61.675	22.0
61.675	66.0
61.675	78.0
62.825	102.0
64.347	142.0
66.056	206.0
71.347	230.0
71.426	226.0
71.972	214.0
72.436	138.0
77.197	210.0
77.254	142.0
80.967	106.0
82.122	222.0
85.142	122.0
86.540	218.0
88.303	230.0
89.564	226.0
93.291	206.0
99.791	218.0
99.853	210.0
102.030	138.0
102.253	222.0
102.581	214.0
103.768	234.0
106.203	122.0
109.179	106.0
109.350	46.0
110.300	2.0
110.625	58.0
110.650	6.0
110.650	34.0
110.650	54.0
111.900	10.0
111.900	14.0
111.900	22.0
111.900	66.0
111.900	78.0
114.347	142.0
114.450	70.0
114.450	90.0
115.000	30.0
115.000	42.0
115.000	46.0
115.375	38.0
117.684	230.0
120.799	234.0
123.335	218.0
123.630	206.0
124.134	210.0
125.028	226.0
125.101	222.0
126.621	214.0
128.333	142.0
132.697	106.0
132.877	138.0
133.720	234.0
134.284	122.0
137.825	6.0
137.825	34.0
137.825	54.0
137.825	58.0
137.900	46.0
138.975	2.0
144.453	230.0
145.566	218.0
146.847	226.0
147.791	222.0
149.216	210.0
150.818	122.0
152.371	206.0
152.804	214.0
155.618	138.0
157.656	142.0
160.347	106.0
163.775	46.0
164.500	2.0
164.600	6.0
164.600	34.0
164.600	54.0
164.600	58.0
170.672	214.0
174.259	218.0
175.480	206.0
175.801	210.0
176.424	222.0
180.787	234.0
185.333	142.0
185.676	106.0
186.260	138.0
187.314	122.0
193.243	218.0
197.214	206.0
197.233	210.0
198.837	214.0
202.882	222.0
204.731	142.0
212.100	106.0
212.118	138.0
212.329	122.0
221.503	210.0
222.310	218.0
223.368	122.0
225.474	222.0
225.868	214.0
227.130	206.0
227.550	102.0
233.563	138.0
233.655	142.0
235.615	106.0
243.546	222.0
247.000	206.0
250.054	218.0
250.921	210.0
252.023	214.0
252.169	106.0
256.236	122.0
261.250	102.0
263.731	138.0
264.900	142.0
272.383	206.0
272.473	218.0
275.916	222.0
276.244	210.0
276.803	214.0
279.969	122.0
280.401	138.0
281.274	142.0
285.747	106.0
289.850	102.0
298.623	218.0
301.483	210.0
301.850	222.0
304.942	214.0
305.193	138.0
306.830	122.0
307.533	206.0
314.391	106.0
315.163	210.0
315.958	142.0
320.225	102.0
320.244	218.0
321.072	222.0
321.347	230.0
321.426	226.0
325.707	214.0
327.725	206.0
332.127	138.0
332.413	122.0
332.917	106.0
332.992	142.0
337.113	226.0
342.645	218.0
343.364	222.0
343.728	230.0
350.834	210.0
351.229	138.0
353.768	234.0
354.316	214.0
357.634	206.0
358.511	106.0
358.948	122.0
362.600	46.0
363.725	2.0
364.531	206.0
365.400	6.0
365.400	34.0
365.400	54.0
365.400	58.0
365.490	226.0
366.093	142.0
366.950	66.0
367.525	10.0
367.525	14.0
367.525	22.0
367.525	78.0
368.502	222.0
368.691	218.0
372.697	214.0
376.529	230.0
377.389	122.0
379.442	226.0
380.039	106.0
380.223	234.0
381.058	138.0
384.312	210.0
388.748	142.0
396.010	222.0
398.024	206.0
399.650	226.0
399.896	214.0
403.204	210.0
403.472	218.0
407.548	106.0
410.871	122.0
412.069	234.0
412.482	138.0
413.690	142.0
416.450	46.0
416.800	2.0
417.500	6.0
417.500	34.0
417.500	54.0
417.500	58.0
422.027	218.0
422.895	210.0
424.668	106.0
425.827	222.0
427.588	214.0
430.741	206.0
434.298	138.0
435.534	210.0
439.670	122.0
441.558	142.0
443.319	214.0
447.244	122.0
450.521	206.0
451.345	218.0
454.749	222.0
457.878	106.0
458.585	142.0
462.487	138.0
470.011	210.0
475.900	102.0
477.420	222.0
479.241	218.0
481.160	206.0
482.090	106.0
483.009	138.0
487.283	122.0
487.836	214.0
488.676	142.0
497.346	206.0
499.368	214.0
499.565	222.0
500.094	218.0
500.988	210.0
502.447	122.0
504.900	102.0
505.590	138.0
510.447	142.0
515.651	218.0
516.162	106.0
518.846	206.0
519.973	222.0
521.135	210.0
528.932	214.0
531.605	122.0
539.175	102.0
539.546	106.0
541.225	206.0
541.278	210.0
543.294	138.0
543.547	142.0
548.358	222.0
553.471	218.0
554.024	106.0
557.600	214.0
559.640	142.0
562.499	122.0
566.950	138.0
568.475	102.0
570.700	206.0
571.347	230.0
571.426	226.0
574.518	218.0
574.946	106.0
575.270	122.0
577.198	214.0
578.181	210.0
578.715	222.0
585.307	226.0
586.354	142.0
586.432	230.0
591.381	138.0
598.793	214.0
603.167	226.0
603.379	222.0
603.768	234.0
604.993	206.0
605.133	218.0
605.673	210.0
607.519	122.0
609.703	138.0
610.097	142.0
611.050	46.0
611.675	2.0
611.875	6.0
611.875	34.0
611.875	54.0
611.875	58.0
612.658	214.0
614.250	66.0
614.350	10.0
614.350	14.0
614.350	22.0
614.350	78.0
615.737	230.0
616.014	106.0
617.546	226.0
619.700	234.0
619.940	218.0
620.758	206.0
623.285	210.0
626.145	142.0
629.334	106.0
632.746	122.0
634.168	222.0
634.957	234.0
635.970	138.0
638.858	226.0
642.825	46.0
644.298	210.0
645.448	218.0
645.937	214.0
646.003	206.0
649.922	222.0
652.025	138.0
653.894	230.0
657.589	234.0
658.891	106.0
661.499	142.0
662.342	122.0
668.500	2.0
671.965	222.0
673.187	234.0
676.549	214.0
678.937	106.0
680.405	142.0
681.710	210.0
682.236	206.0
682.301	138.0
683.513	218.0
685.563	122.0
696.331	206.0
699.549	214.0
700.747	142.0
703.191	222.0
703.718	210.0
704.480	218.0
710.292	138.0
713.189	122.0
715.077	106.0
716.314	222.0
724.726	206.0
726.242	218.0
726.900	102.0
729.217	214.0
731.922	106.0
732.845	210.0
736.667	138.0
738.194	122.0
742.211	142.0
745.905	210.0
747.679	222.0
749.182	218.0
751.844	106.0
752.507	206.0
755.450	102.0
756.467	122.0
756.649	214.0
759.688	142.0
764.287	138.0
768.471	214.0
776.971	210.0
778.762	218.0
778.842	206.0
779.228	222.0
781.643	142.0
783.742	106.0
785.725	102.0
788.908	138.0
789.445	122.0
791.284	206.0
797.668	210.0
799.411	138.0
801.503	122.0
802.032	218.0
803.087	214.0
803.399	222.0
804.436	142.0
811.313	106.0
813.950	102.0
816.291	214.0
821.347	230.0
821.426	226.0
824.015	218.0
824.493	142.0
825.875	210.0
826.047	222.0
833.769	230.0
834.114	226.0
836.384	206.0
837.792	122.0
837.873	106.0
839.033	138.0
840.881	218.0
844.689	138.0
847.680	226.0
849.864	230.0
850.174	222.0
850.276	210.0
851.050	206.0
851.915	142.0
852.165	214.0
853.768	234.0
861.130	122.0
862.263	106.0
862.500	46.0
863.475	2.0
864.625	6.0
864.625	34.0
864.625	54.0
864.625	58.0
864.945	230.0
865.600	66.0
865.625	10.0
865.625	14.0
865.625	22.0
865.625	78.0
867.633	214.0
871.223	234.0
871.358	206.0
874.059	210.0
874.307	222.0
875.833	218.0
882.252	230.0
883.198	138.0
883.716	142.0
884.850	122.0
885.597	226.0
887.398	106.0
890.125	46.0
890.400	6.0
890.400	34.0
890.400	54.0
890.400	58.0
890.525	2.0
895.035	230.0
896.327	218.0
899.204	210.0
901.174	206.0
903.598	222.0
905.609	142.0
907.743	138.0
908.121	234.0
909.117	214.0
911.631	106.0
919.699	122.0
920.851	218.0
923.118	214.0
925.015	234.0
926.202	222.0
928.662	106.0
928.767	206.0
929.853	210.0
934.763	138.0
938.922	142.0
941.881	122.0
945.261	218.0
949.509	214.0
950.428	122.0
951.157	206.0
951.501	210.0
955.377	138.0
957.108	222.0
958.157	142.0
963.255	106.0
967.730	210.0
975.074	206.0
975.144	222.0
976.120	214.0
979.125	102.0
979.825	138.0
983.120	218.0
987.232	142.0
987.918	106.0
992.090	122.0
993.303	210.0
995.218	214.0
997.321	222.0
1000.835	218.0
1003.821	206.0
1007.067	106.0
1011.132	138.0
1011.165	142.0
1011.684	122.0
1013.000	102.0
1024.269	210.0
1025.503	214.0
1027.012	218.0
1030.057	138.0
1032.806	206.0
1033.203	122.0
1033.256	106.0
1034.009	222.0
1039.760	142.0
1041.175	102.0
1043.971	214.0
1048.070	206.0
1048.224	142.0
1051.760	218.0
1052.690	222.0
1054.239	210.0
1063.920	122.0
1064.796	106.0
1065.351	138.0
1069.982	222.0
1070.448	210.0
1071.347	230.0
1071.426	226.0
1072.024	218.0
1074.684	206.0
1074.750	102.0
1075.577	142.0
1079.174	214.0
1082.782	138.0
1085.923	106.0
1086.816	122.0
1091.320	230.0
1092.391	226.0
1095.133	218.0
1096.691	210.0
1098.185	206.0
1099.959	214.0
1102.399	138.0
1103.309	222.0
1103.768	234.0
1109.429	122.0
1111.174	230.0
1113.351	106.0
1116.247	142.0
1116.675	46.0
1116.850	6.0
1116.850	34.0
1116.850	54.0
1116.850	58.0
1117.625	2.0
1117.742	226.0
1118.439	218.0
1123.411	222.0
1124.779	210.0
1126.629	234.0
1128.081	214.0
1129.391	230.0
1130.086	122.0
1131.764	226.0
1132.392	206.0
1134.058	106.0
1134.856	138.0
1136.691	142.0
1140.650	46.0
1141.225	2.0
1143.034	222.0
1149.697	210.0
1149.801	230.0
1150.982	214.0
1151.239	218.0
1151.412	206.0
1157.834	122.0
1158.697	234.0
1160.097	142.0
1162.079	138.0
1164.446	106.0
1164.925	46.0
1165.425	2.0
1165.725	6.0
1165.725	34.0
1165.725	54.0
1165.725	58.0
1169.885	206.0
1172.555	210.0
1173.404	218.0
1175.460	142.0
1177.370	222.0
1178.323	214.0
1181.444	234.0
1183.839	106.0
1186.061	138.0
1187.234	122.0
1195.967	210.0
1197.632	214.0
1197.653	222.0
1200.326	206.0
1203.716	218.0
1208.227	106.0
1210.210	142.0
1217.081	138.0
1217.985	122.0
1223.643	218.0
1223.779	206.0
1224.802	214.0
1225.675	102.0
1227.748	142.0
1227.953	222.0
1232.723	210.0
1233.843	106.0
1237.023	122.0
1241.322	138.0
1245.715	210.0
1248.357	206.0
1251.959	222.0
1252.380	218.0
1253.919	214.0
1256.330	142.0
1258.500	102.0
1260.664	138.0
1262.967	106.0
1263.361	122.0
1269.162	214.0
1271.942	222.0
1273.479	206.0
1275.209	218.0
1281.614	210.0
1284.200	138.0
1287.496	106.0
1287.724	122.0
1289.523	142.0
1292.825	102.0
1297.891	106.0
1299.407	214.0
1299.422	210.0
1299.895	138.0
1301.657	218.0
1302.803	142.0
1304.383	222.0
1305.773	122.0
1306.423	206.0
1320.428	218.0
1321.347	230.0
1321.426	226.0
1322.794	210.0
1323.650	102.0
1326.601	214.0
1327.466	138.0
1331.260	106.0
1332.365	222.0
1333.458	206.0
1333.927	142.0
1335.215	122.0
1336.011	226.0
1344.538	214.0
1346.770	210.0
1347.179	230.0
1350.623	142.0
1352.359	206.0
1353.768	234.0
1354.254	222.0
1354.668	106.0
1356.628	122.0
1360.587	218.0
1360.666	230.0
1360.958	226.0
1361.300	46.0
1361.525	6.0
1361.525	34.0
1361.525	54.0
1361.525	58.0
1362.100	2.0
1362.397	138.0
1364.900	66.0
1365.125	10.0
1365.125	14.0
1365.125	22.0
1365.125	78.0
1369.604	206.0
1372.323	234.0
1374.044	222.0
1374.331	214.0
1375.716	122.0
1375.722	230.0
1376.480	218.0
1376.927	226.0
1377.166	210.0
1377.496	106.0
1383.126	138.0
1383.750	142.0
1388.427	230.0
1389.442	234.0
1391.800	46.0
1392.625	2.0
1394.303	214.0
1394.373	226.0
1397.253	210.0
1399.347	206.0
1400.663	222.0
1401.828	230.0
1402.576	106.0
1402.657	234.0
1403.414	218.0
1408.220	138.0
1410.762	122.0
1415.417	222.0
1415.850	46.0
1416.375	6.0
1416.375	34.0
1416.375	54.0
1416.375	58.0
1416.425	2.0
1419.836	210.0
1420.751	234.0
1421.589	142.0
1422.654	218.0
1427.013	214.0
1428.688	138.0
1431.005	206.0
1434.497	142.0
1437.891	122.0
1444.284	222.0
1445.616	206.0
1446.856	214.0
1447.158	106.0
1454.909	210.0
1457.960	218.0
1459.258	122.0
1463.487	106.0
1463.949	142.0
1464.725	102.0
1466.611	138.0
1469.135	222.0
1472.173	206.0
1475.667	214.0
1476.360	218.0
1482.470	122.0
1483.562	106.0
1483.972	210.0
1487.485	142.0
1487.680	138.0
1493.550	102.0
1495.184	210.0
1498.097	206.0
1500.716	222.0
1500.865	214.0
1502.734	218.0
1509.275	138.0
1510.143	106.0
1511.602	122.0
1516.088	142.0
1520.821	210.0
1523.617	214.0
1525.428	206.0
1527.700	102.0
1532.181	138.0
1532.615	106.0
1532.773	218.0
1537.329	142.0
1540.609	222.0
1544.361	222.0
1544.758	218.0
1548.365	122.0
1551.252	214.0
1554.420	210.0
1555.232	106.0
1555.319	206.0
1560.410	138.0
1560.775	102.0
1561.218	122.0
1561.890	142.0
1571.347	230.0
1571.426	226.0
1571.732	206.0
1572.626	218.0
1574.172	222.0
1576.012	210.0
1578.665	138.0
1579.881	122.0
1580.029	214.0
1585.641	142.0
1585.708	226.0
1589.509	230.0
1592.488	214.0
1595.775	210.0
1599.561	218.0
1599.768	106.0
1599.821	222.0
1600.685	226.0
1603.768	234.0
1605.967	138.0
1606.845	230.0
1607.875	46.0
1609.174	206.0
1609.425	2.0
1609.425	6.0
1609.425	34.0
1609.425	54.0
1609.425	58.0
1614.813	122.0
1615.184	142.0
1619.679	106.0
1624.019	230.0
1624.112	234.0
1625.773	206.0
1626.318	222.0
1627.138	214.0
1628.423	210.0
1628.618	218.0
1630.496	142.0
1630.663	226.0
1631.341	106.0
1633.862	138.0
1636.770	122.0
1636.950	46.0
1637.447	234.0
1637.525	2.0
1638.675	34.0
1638.675	58.0
1638.700	6.0
1638.700	54.0
1645.046	214.0
1645.399	230.0
1646.992	210.0
1648.305	226.0
1649.880	234.0
1650.715	222.0
1651.249	106.0
1652.351	138.0
1654.430	218.0
1654.579	206.0
1659.531	122.0
1663.557	234.0
1663.675	46.0
1664.100	2.0
1664.550	6.0
1664.550	34.0
1664.550	54.0
1664.550	58.0
1666.498	142.0
1667.475	66.0
1668.925	10.0
1668.925	14.0
1668.925	22.0
1668.925	78.0
1670.045	218.0
1673.051	206.0
1674.797	210.0
1675.939	138.0
1678.724	234.0
1682.369	214.0
1685.836	222.0
1687.709	142.0
1688.020	106.0
1688.508	122.0
1696.184	210.0
1700.718	214.0
1703.234	218.0
1704.701	122.0
1704.702	206.0
1704.930	106.0
1705.707	222.0
1710.845	142.0
1711.581	138.0
1719.596	218.0
1722.250	102.0
1723.556	214.0
1727.215	222.0
1728.817	206.0
1731.143	106.0
1732.257	210.0
1735.141	122.0
1735.515	142.0
1744.665	138.0
1744.765	214.0
1750.566	206.0
1750.631	142.0
1751.825	102.0
1752.021	222.0
1752.438	218.0
1753.458	138.0
1757.221	210.0
1760.395	122.0
1769.529	206.0
1772.360	106.0
1773.379	222.0
1775.115	210.0
1778.080	214.0
1779.600	122.0
1780.316	218.0
1781.886	142.0
1784.759	106.0
1785.950	102.0
1790.442	138.0
1794.811	206.0
1795.582	214.0
1797.576	210.0
1799.462	218.0
1800.539	222.0
1800.578	122.0
1803.208	106.0
1806.220	142.0
1812.545	138.0
1816.225	102.0
1816.507	218.0
1821.347	230.0
1821.426	226.0
1824.009	222.0
1824.304	214.0
1826.786	206.0
1828.507	210.0
1831.288	106.0
1836.879	122.0
1837.669	142.0
1837.772	138.0
1840.910	230.0
1841.025	226.0
1842.349	214.0
1844.564	210.0
1845.444	222.0
1851.611	218.0
1851.619	206.0
1853.065	226.0
1853.473	138.0
1853.768	234.0
1855.207	142.0
1857.899	122.0
1860.363	230.0
1862.410	106.0
1863.975	6.0
1863.975	34.0
1863.975	46.0
1863.975	54.0
1863.975	58.0
1865.850	2.0
1869.166	226.0
1869.500	66.0
1871.345	210.0
1872.885	230.0
1874.675	218.0
1875.215	234.0
1876.500	222.0
1877.450	206.0
1880.587	138.0
1880.850	214.0
1883.165	122.0
1884.818	142.0
1885.419	226.0
1887.232	106.0
1889.900	46.0
1890.475	2.0
1891.250	6.0
1891.250	34.0
1891.250	54.0
1891.250	58.0
1891.480	234.0
1892.523	218.0
1894.442	214.0
1895.513	210.0
1895.539	222.0
1896.170	206.0
1900.851	122.0
1902.827	226.0
1906.916	142.0
1908.138	234.0
1908.506	206.0
1909.191	106.0
1913.670	138.0
1915.400	46.0
1915.900	2.0
1917.088	210.0
1918.300	34.0
1918.300	58.0
1918.325	6.0
1918.325	54.0
1920.195	214.0
1920.825	66.0
1928.072	218.0
1929.242	234.0
1932.889	222.0
1933.500	142.0
1934.181	138.0
1936.837	122.0
1936.959	106.0
1951.221	206.0
1951.643	214.0
1952.315	222.0
1954.446	210.0
1955.566	218.0
1957.926	106.0
1958.868	122.0
1962.289	138.0
1968.021	222.0
1968.986	142.0
1970.782	218.0
1972.089	210.0
1973.137	206.0
1974.800	102.0
1975.195	214.0
1976.903	138.0
1985.430	106.0
1988.398	122.0
1991.819	218.0
1993.729	142.0
1997.190	206.0
1997.513	222.0
1998.417	210.0
2002.431	214.0
2004.968	106.0
2008.900	102.0
2011.176	142.0
2011.638	138.0
2013.210	122.0
2021.618	218.0
2022.370	106.0
2022.586	206.0
2022.696	210.0
2029.838	222.0
2030.044	122.0
2033.276	142.0
2033.728	138.0
2035.575	214.0
2039.650	102.0
2041.677	206.0
2048.747	218.0
