time	 cell
43.41428339286777	224.0
49.324257938833284	212.0
50.284971033956616	216.0
50.715901159781566	116.0
52.25898313625692	180.0
52.58083058266245	164.0
54.04861974152063	220.0
54.89988532991805	208.0
56.82500000010436	56.0
57.52500000010452	28.0
57.52500000010452	88.0
58.30696590341964	112.0
58.56855462493088	140.0
58.57500000010476	100.0
58.7504788020514	172.0
59.15000000010489	104.0
59.72500000010502	92.0
59.77500000010503	12.0
59.77500000010503	24.0
59.77500000010503	68.0
59.80000000010504	20.0
59.80000000010504	36.0
59.80000000010504	96.0
61.78806642033891	160.0
64.10000000010601	100.0
64.5939801597277	184.0
65.43422456710604	188.0
70.74443018717007	224.0
71.31861845910288	212.0
72.28681581217413	220.0
75.90175580572892	164.0
76.2183218843933	228.0
77.39166475953006	140.0
78.11082031351042	188.0
78.42909303121873	216.0
80.0887096602113	160.0
82.1593204808688	112.0
83.71427282044694	208.0
85.82224102753612	180.0
86.69163744617894	116.0
87.5637672022285	232.0
88.38938171331435	184.0
91.21260791578791	172.0
93.41428339286777	224.0
97.85294716342786	228.0
99.32425793883328	212.0
100.28497103395661	216.0
100.71590115978157	116.0
102.25898313625692	180.0
102.58083058266246	164.0
104.04861974152064	220.0
104.89988532991805	208.0
106.50000000011565	56.0
107.45000000011586	28.0
107.8680593426877	232.0
107.90000000011597	88.0
108.30696590341964	112.0
108.56855462493088	140.0
108.7504788020514	172.0
109.15000000011625	20.0
109.15000000011625	36.0
109.15000000011625	96.0
110.40000000011653	40.0
110.52500000011656	92.0
110.57500000011657	48.0
110.65000000011659	12.0
110.6750000001166	24.0
110.6750000001166	68.0
110.80000000011663	84.0
111.1250000001167	8.0
111.1250000001167	44.0
111.52500000011679	72.0
111.78806642033891	160.0
111.92500000011688	64.0
111.92500000011688	76.0
111.97500000011689	60.0
112.05000000011691	52.0
112.70000000011706	104.0
113.3500000001172	4.0
113.3500000001172	16.0
113.3500000001172	32.0
113.3500000001172	80.0
113.50850290121515	228.0
114.5939801597277	184.0
115.43422456710604	188.0
123.23161348972829	208.0
123.85866893118695	232.0
124.33442096122737	212.0
125.61064862805375	216.0
125.7116419067944	228.0
127.69596496036262	188.0
127.86791578629528	224.0
130.14733215374616	184.0
130.29457690101054	220.0
131.3810053825995	140.0
133.70127944632077	116.0
133.91315637110282	180.0
134.06133327513635	164.0
134.62953609803566	112.0
135.68051349592216	160.0
135.68555050658495	172.0
137.65000000011173	56.0
137.7000000001117	28.0
137.95000000011146	88.0
138.20000000011123	40.0
138.20000000011123	48.0
138.92500000011057	44.0
139.07500000011044	92.0
139.1000000001104	12.0
139.1000000001104	20.0
139.1000000001104	24.0
139.1000000001104	36.0
139.1000000001104	68.0
139.1000000001104	96.0
140.1000000001095	84.0
140.3250000001093	8.0
140.35000000010928	72.0
142.4250000001074	104.0
143.9153058675536	212.0
145.0665376791934	224.0
145.7683201077342	232.0
147.9777421859113	220.0
148.61673696857196	216.0
152.7605946625847	208.0
155.341052529249	180.0
155.96925015561126	228.0
156.2416489020571	188.0
156.38811709760688	164.0
156.65695850077242	184.0
158.18858710506282	112.0
161.5732182731835	140.0
162.61990935746107	160.0
163.8841844710402	172.0
165.23911807892173	116.0
166.47500000008552	48.0
166.5000000000855	40.0
166.55000000008545	56.0
168.86925521571453	216.0
169.07724646690474	232.0
170.73197462128252	224.0
171.4167746287284	180.0
171.88341014500446	208.0
173.79398240059058	212.0
175.22500000007756	104.0
177.96178692546624	116.0
178.31852736872847	160.0
181.0724221342204	220.0
181.97062142962207	172.0
186.15353025241265	140.0
187.87512439560987	188.0
190.1965979423779	184.0
192.2933957766044	112.0
194.1303556854241	220.0
196.58237076225436	164.0
197.2531654068136	224.0
201.9506336894393	208.0
202.70797051413768	140.0
203.7125971950911	216.0
203.93017607089888	212.0
204.04230577542543	184.0
205.8341232535115	160.0
207.12963174205964	180.0
208.01071100956324	116.0
210.18295566900665	172.0
213.09353464581255	164.0
214.62164897859049	188.0
217.164487484625	112.0
217.74094824236462	208.0
218.28467019890232	224.0
221.4966266923217	220.0
224.2980437006175	216.0
227.71859520522958	172.0
232.29127402780793	140.0
232.53941017391585	212.0
234.29894624322202	164.0
235.1704325727196	180.0
236.12583490318957	160.0
236.5554942078008	112.0
239.40705149331924	188.0
239.65218839803114	116.0
240.1500000000185	100.0
241.01714356236687	184.0
242.49227906412418	224.0
250.80986587275976	216.0
251.37604999117175	112.0
251.56469721054506	220.0
253.5930155931798	208.0
256.14487375407964	172.0
256.8453477925652	212.0
257.9805563222852	140.0
258.20040758314383	164.0
259.2380167394893	188.0
259.6250000000008	104.0
259.84999086449216	184.0
261.3294600058697	116.0
262.6946445734484	180.0
264.8132608545496	160.0
266.07499999999493	100.0
268.21281115849007	208.0
270.43952467030437	216.0
271.55502330624586	220.0
276.5877315796603	184.0
277.315289370296	212.0
277.65190549863513	224.0
277.8926028387779	188.0
281.6120494437421	172.0
282.06237810469173	112.0
284.14532580869064	164.0
286.864140816132	140.0
289.07138617208744	180.0
289.2999999999738	100.0
293.76814138320964	220.0
294.46364369761966	216.0
294.6215810171193	160.0
295.9084971773045	116.0
299.31205677432587	212.0
301.5172742888117	224.0
302.77245768242386	188.0
303.5315522968846	208.0
305.09233348102185	160.0
308.092386420453	164.0
311.6970493928304	140.0
312.0002991038486	112.0
312.3237249425454	184.0
313.5249999999518	100.0
313.86179003394625	172.0
313.91420398721493	180.0
315.39481745206473	116.0
323.6672089553194	216.0
326.2183218843933	228.0
327.2379641618828	224.0
327.8377975452521	208.0
328.4638211429199	212.0
329.01949025875194	184.0
329.0670121033772	220.0
331.5909126868984	164.0
332.78955617761324	112.0
333.4114842803442	180.0
334.20413918823294	172.0
335.3870984634997	140.0
335.87360066448844	188.0
336.3164072892956	116.0
337.5637672022285	232.0
338.1590325324636	160.0
341.6148125164011	220.0
345.82809969657626	208.0
348.5207067859076	116.0
349.5308910481417	212.0
349.98978734440476	216.0
350.1788114214749	232.0
352.2943471792283	112.0
352.4629277824137	224.0
354.9066068693889	188.0
355.0613700272128	184.0
357.37785283559015	164.0
357.7744732389214	228.0
357.94726054068883	140.0
359.72275160744556	180.0
361.8984826993857	172.0
362.4499999999073	56.0
363.3249999999065	40.0
363.3249999999065	48.0
363.5888413731952	160.0
363.824999999906	20.0
363.824999999906	36.0
363.824999999906	96.0
366.42117768182044	208.0
367.95864750812234	220.0
368.1623154966518	232.0
368.3749999999019	44.0
368.97499999990134	104.0
371.422761640359	228.0
371.62521539025636	224.0
372.5991992820846	216.0
378.46108465085166	112.0
382.0345303236899	172.0
382.27544344541633	188.0
382.68180632500906	232.0
384.53695540189545	116.0
384.8186069237409	212.0
386.6500844454855	184.0
388.606621344639	140.0
390.3197284770735	180.0
393.9014693382571	164.0
395.5993043800971	212.0
396.2177213917349	160.0
396.999447495068	220.0
399.5663226009729	216.0
404.0271214774851	228.0
404.4607194558208	232.0
404.55751360958254	184.0
405.24387368736495	208.0
406.5265305506498	164.0
407.55312500914397	160.0
407.55817157764756	172.0
407.87509365072316	180.0
407.88649778767694	116.0
408.9086701274065	224.0
411.7500307481618	188.0
412.37499999986187	56.0
413.7224949095268	112.0
416.6431500778596	140.0
418.64452216696696	232.0
421.9880755327782	208.0
422.9902733407279	216.0
424.45725782872114	140.0
424.69805101853024	212.0
428.21561382655443	164.0
431.4300333814973	172.0
432.5078414744718	220.0
433.9068457138265	188.0
434.4271629408384	116.0
435.04000520521095	180.0
436.432161383689	112.0
438.10634720737426	224.0
438.1738887249	184.0
440.7263068863688	160.0
446.8040518992613	224.0
449.4614092538788	212.0
451.6428609770227	216.0
453.3236861289791	220.0
453.9173960786615	164.0
454.02073650225674	208.0
455.5906668530039	116.0
457.62416368447083	140.0
459.4767527010841	184.0
459.6566450255534	112.0
459.89969384904344	160.0
460.21099604625726	172.0
461.2445202366411	180.0
465.07499999981394	100.0
469.5858565236894	188.0
472.5289897768773	212.0
474.50191788601643	220.0
475.17914346191185	224.0
477.9273409831293	216.0
478.5511710505513	208.0
479.9113706558371	112.0
481.7038987037825	184.0
482.5917894815629	172.0
482.8435388104954	160.0
483.1050435267148	116.0
483.9184583116478	140.0
484.11701730069365	180.0
487.9524595775016	188.0
490.0749999997912	100.0
492.16017884333144	208.0
495.42912317462566	164.0
499.69851636947885	212.0
500.73572250340044	164.0
503.2869781226677	188.0
504.15376850623215	216.0
504.394480598102	112.0
504.4781027720489	224.0
504.8633453304698	180.0
507.1254259879283	140.0
507.5749999997753	104.0
507.6388570385712	220.0
511.8088577377109	184.0
513.4802662164509	160.0
514.0749999997788	100.0
514.6574845034053	172.0
514.7327824761045	116.0
517.7940389096246	224.0
523.0757302046746	140.0
524.0359099527719	220.0
525.3786988104866	216.0
525.6229992211889	160.0
530.7889739864931	180.0
531.3916951044702	212.0
532.223238814112	172.0
533.1865689421819	164.0
534.6823245283856	208.0
536.7107497028785	184.0
539.5519959509786	112.0
539.5999999998717	100.0
541.8024117445926	188.0
543.6789199105245	224.0
543.7763315929616	116.0
548.7521136206286	208.0
549.683527672018	216.0
549.8724655368668	220.0
551.3319917686498	116.0
556.8751317178712	140.0
557.0254697889249	212.0
558.040893025544	172.0
558.0603043578991	164.0
558.8498458225545	180.0
559.4634746697731	112.0
560.3631085190668	160.0
562.9749999999567	100.0
563.2591101191445	188.0
563.4067458507194	184.0
565.8746751717794	208.0
570.8677043506302	112.0
574.39705505957	212.0
576.2183218843933	228.0
577.4261151624875	188.0
577.9777311371629	224.0
581.0519755454666	184.0
581.4140812999814	220.0
582.0081429316429	216.0
583.3483130038775	172.0
584.2658634260875	164.0
586.1677635047372	160.0
586.6657822741058	116.0
587.5637672022285	232.0
587.8946052654541	180.0
593.2500000000668	56.0
594.1481855767412	140.0
596.3350306919315	216.0
597.9254840886833	172.0
599.6387479630141	228.0
600.498018026932	220.0
601.7574320286448	224.0
602.5561931020843	212.0
604.7351295690689	208.0
604.9556344034714	188.0
605.7730648438738	232.0
607.0907612928714	112.0
607.3592562053376	140.0
610.2253643933184	160.0
611.4604436535799	180.0
612.4413450494208	184.0
612.4838760198778	228.0
612.8038442407259	116.0
614.0000000001423	40.0
614.0000000001423	48.0
614.1500000001429	56.0
614.3250000001435	44.0
614.9750000001459	12.0
614.9750000001459	24.0
614.9750000001459	68.0
614.9750000001459	92.0
615.3750000001473	20.0
615.3750000001473	36.0
615.3750000001473	96.0
615.5000000001478	28.0
616.2447669136493	164.0
616.2750000001506	88.0
617.4250000001548	104.0
618.4751157341774	232.0
618.5605584184875	212.0
618.8940609806052	220.0
626.8326864765996	224.0
626.8700194481559	216.0
626.8744085277276	188.0
627.0054202712407	164.0
627.9165046696432	228.0
629.1363651317295	208.0
633.7582403192348	160.0
634.1052161988785	184.0
634.8753779940597	180.0
635.3307978690157	116.0
636.2913620556026	232.0
636.729309531746	112.0
640.9628537110509	140.0
641.6000000002427	56.0
641.8416135320958	172.0
646.0269465348533	220.0
648.5789943082113	232.0
649.7968362559982	112.0
650.9624814230529	208.0
653.926526025237	212.0
654.2435645103131	224.0
655.3024693603345	216.0
656.0814809022916	140.0
657.0239178643517	164.0
657.7011810425919	116.0
662.1431952180592	172.0
662.2136062341403	232.0
662.7602353877854	184.0
664.5382920608351	180.0
664.8586144366834	160.0
667.225000000336	48.0
667.2500000003361	40.0
667.2500512880624	188.0
667.6250000003374	56.0
668.2000000003395	44.0
670.7385873812482	220.0
671.025146009729	208.0
673.0885729443964	224.0
673.3500000003582	104.0
675.7073610044359	212.0
677.9823670250769	112.0
678.0839912612606	216.0
678.2764873944341	164.0
681.5006057418652	116.0
684.1657665428739	172.0
684.3256106995182	180.0
684.4046385835818	140.0
687.9059264669121	184.0
691.0874209327288	160.0
694.6930604926458	188.0
695.9825290310094	184.0
698.8084001428482	224.0
699.0162377313939	160.0
699.0473748016536	208.0
700.0997603306079	220.0
700.6562677530524	216.0
701.6070467116549	212.0
704.7305379394727	180.0
709.2639406878365	188.0
709.7148778801494	164.0
716.5995564643014	172.0
717.2216955207399	116.0
717.8190538122124	112.0
720.4821888461832	216.0
721.033307182658	220.0
721.667397227645	208.0
724.3695790718323	140.0
725.3287743573175	212.0
728.1343500336191	116.0
730.47293328262	180.0
731.6744896355563	224.0
733.5589705527656	160.0
734.2158673578824	184.0
734.8750000005821	100.0
735.2281813619901	164.0
737.613607696283	140.0
738.3649233340228	112.0
738.4336883096734	172.0
740.379514228979	188.0
745.1971993080743	208.0
745.3350505694618	184.0
746.25162781914	220.0
747.2085426391211	188.0
748.3298492045072	224.0
751.003094642784	216.0
751.3330377881348	212.0
752.4812134828777	116.0
755.4644432137106	180.0
756.7027728705438	172.0
756.8748715581837	164.0
759.2604948670883	112.0
760.0250000006736	100.0
760.4135536467027	160.0
765.9325730534829	212.0
766.4759706983156	140.0
768.8738851499804	224.0
774.7872832272506	220.0
775.3069896161866	216.0
776.4184778804104	208.0
780.6156548142286	188.0
781.4945571566444	116.0
785.3804159325747	112.0
785.6351052713927	180.0
786.5289326247282	160.0
786.8558378960656	140.0
787.1250000007722	100.0
788.8246336222013	208.0
788.9655356875596	172.0
790.7476853109038	164.0
792.1443547826716	184.0
793.5444772637267	216.0
796.126511863437	224.0
799.3537765934101	220.0
800.1596550049372	212.0
806.3031916521728	160.0
806.3144678263259	184.0
806.4984620250624	180.0
806.6933193987271	112.0
807.4329658068407	116.0
808.1439270360366	188.0
809.9825048127373	140.0
812.0750000008629	100.0
812.1693492218203	164.0
818.5745762332285	220.0
818.6664478426801	172.0
821.7500435424773	208.0
822.6898558470631	212.0
826.2183218843933	228.0
827.2506615202208	216.0
827.7088170719434	164.0
827.9995057672078	172.0
830.2850693033565	188.0
831.038197296228	140.0
832.5616727252971	224.0
834.5511436164478	160.0
835.4177784352215	116.0
836.1855395785458	180.0
836.4497778687361	184.0
837.5637672022285	232.0
839.0890851991443	228.0
841.9390128219718	112.0
842.050000000972	56.0
843.8750000009786	40.0
843.8750000009786	48.0
847.5187876554709	212.0
848.4350523805437	180.0
849.3288428346578	224.0
850.8548678819443	208.0
851.6431092170867	228.0
851.7412819430725	232.0
852.1536553106025	216.0
854.7775145607886	188.0
855.8250000010221	104.0
858.3859901383023	116.0
859.819381681328	172.0
860.0672323561832	220.0
860.7571674384542	160.0
860.9593994148854	184.0
861.5151766579518	164.0
862.4283504405248	112.0
864.7250000010545	56.0
865.5750000010576	28.0
865.6500000010578	40.0
865.6500000010578	48.0
866.2525549159132	232.0
866.3250000010603	20.0
866.3250000010603	36.0
866.3250000010603	96.0
866.4750000010608	88.0
866.6000000010613	12.0
866.6000000010613	24.0
866.6000000010613	68.0
866.6000000010613	92.0
866.8250000010621	44.0
867.0161472512626	228.0
867.172561716375	140.0
871.9750000010808	104.0
872.7420288193238	220.0
874.0702382799799	212.0
875.4658475136031	188.0
877.541340448839	224.0
879.8577595070637	228.0
881.4098298961408	160.0
881.9729657796576	216.0
882.023038010159	180.0
883.0481829811963	172.0
884.7062932998765	208.0
885.295333672538	140.0
887.4428504348209	184.0
887.5185207209447	112.0
888.3292188894848	116.0
889.0980843068927	164.0
892.1955664650998	220.0
892.3750000011551	56.0
893.16530263235	208.0
893.8762437035765	216.0
894.7750000011638	28.0
895.9278167375023	212.0
896.5241572278164	232.0
899.8547714169357	228.0
904.9668934832657	172.0
906.5910168468015	224.0
907.1567227079604	116.0
910.1397521908236	112.0
910.4067988949765	160.0
910.527514400613	188.0
910.7679757985183	140.0
911.0826229236027	164.0
911.8185600736977	180.0
912.6916169444736	184.0
915.175000001238	40.0
915.175000001238	48.0
915.2750000012384	56.0
915.3250000012385	28.0
917.3000000012457	88.0
919.7584524035855	208.0
920.5750000012576	104.0
923.132271473584	216.0
923.5656049174353	220.0
924.156828599396	172.0
925.7965340514415	212.0
928.1714606633168	224.0
928.7901172699918	164.0
929.6526139225595	184.0
931.4380769970044	180.0
932.4986091969845	116.0
936.0291026875393	188.0
936.4391483613427	160.0
937.3874153739936	140.0
941.9683017946393	112.0
942.2357936008502	208.0
947.4197160334847	224.0
948.5818242563969	212.0
949.1785415958759	216.0
949.9781856323071	112.0
950.8636347539252	220.0
951.4486970678072	180.0
955.4518023897157	184.0
956.4858187128384	164.0
957.2272504268251	160.0
958.0680681231822	140.0
958.2268920743036	188.0
960.4732583664593	172.0
964.2754673294423	116.0
969.0440358680912	224.0
969.3750000014352	100.0
971.1990153303452	220.0
973.5741223277838	212.0
974.8243367366969	140.0
975.5757560753871	216.0
976.4684046777039	208.0
979.7545454429768	160.0
979.9849965864631	180.0
981.7535769295271	184.0
982.3519664236437	116.0
982.5853026122007	164.0
986.4876108151317	188.0
988.7511944413446	172.0
992.3750000015189	100.0
994.2886503229397	112.0
995.053157626576	220.0
999.1623990627786	184.0
1002.0832745549188	216.0
1005.1466357540771	212.0
1006.4046461449421	188.0
1006.7128755261311	112.0
1007.239854459676	164.0
1010.7315590352644	224.0
1011.0749635430905	208.0
1013.5649717956139	180.0
1014.0819372285209	160.0
1016.4750000016065	100.0
1018.235973472744	140.0
1018.3215416743858	172.0
1018.9563736721658	208.0
1019.3164418820692	116.0
1022.0190517699361	212.0
1023.2335641523078	220.0
1026.5663413304812	160.0
1028.692136469101	184.0
1028.9588641374442	216.0
1029.874168955152	116.0
1030.2009686328029	224.0
1032.3905428032758	180.0
1033.1773637412923	112.0
1034.2277575140197	188.0
1035.0418188891879	140.0
1035.1202989839749	172.0
1035.9849638491585	164.0
1037.3750000016826	100.0
1048.463082366072	220.0
1048.9544807872446	212.0
1049.2529590107495	224.0
1049.6875830041304	208.0
1050.3860887346614	188.0
1050.7021715703372	216.0
1051.2974159444927	164.0
1053.2582433789778	140.0
1055.7686123322799	112.0
1057.0694982213354	116.0
1059.2041853412172	184.0
1060.4521532620845	172.0
1062.2750000017732	100.0
1063.935612332606	212.0
1064.1287216461585	160.0
1064.815415169011	208.0
1067.667058881923	224.0
1069.2489716430287	220.0
1072.600288526488	180.0
1073.1478081890216	216.0
1076.2183218843934	228.0
1077.426991984337	164.0
1078.1243284645195	184.0
1079.829715116132	172.0
1081.1734871678602	180.0
1081.8100617104124	112.0
1082.5390929567338	188.0
1083.2993349400822	116.0
1084.0741637294584	140.0
1084.5518858724108	160.0
1087.5637672022285	232.0
1090.1000000018744	56.0
1091.375000001879	40.0
1091.375000001879	48.0
1093.9538903377195	208.0
1093.9855891819627	228.0
1099.1090779409678	212.0
1100.3750000019118	104.0
1103.1908250264232	224.0
1103.2023771622564	220.0
1104.6712866489286	112.0
1105.0079064485017	232.0
1107.5983484834812	228.0
1109.0046628892562	172.0
1110.8965218782748	180.0
1111.0057089687498	216.0
1111.009563814547	140.0
1111.0143796086872	116.0
1113.0332337108746	164.0
1115.2535992486976	160.0
1117.0184523507394	232.0
1117.3938996779143	184.0
1117.9500000019757	56.0
1118.7500000019786	28.0
1119.400000001981	40.0
1119.400000001981	48.0
1119.6500000019819	44.0
1120.3542314475555	208.0
1121.2119735412716	188.0
1121.3750000019882	20.0
1121.3750000019882	36.0
1121.3750000019882	96.0
1121.6500000019892	12.0
1121.6500000019892	24.0
1121.6500000019892	68.0
1121.6500000019892	92.0
1122.2846954953197	228.0
1122.425000001992	88.0
1125.3000000020024	104.0
1126.0752764523477	172.0
1126.5861664097538	216.0
1127.2387057663088	212.0
1128.999604122689	220.0
1129.476485724189	224.0
1131.425822490346	112.0
1132.295543667328	140.0
1134.5249966078932	188.0
1135.0282174251975	232.0
1135.7242141067575	228.0
1138.632953037159	160.0
1139.1191066306812	184.0
1139.371273735769	164.0
1140.3119746327836	116.0
1140.7677384462984	180.0
1146.891091488628	212.0
1148.013914450095	224.0
1148.0570075978917	172.0
1153.6646734753906	180.0
1153.7072715951972	220.0
1154.412873146872	140.0
1154.4964486179308	216.0
1155.253504739666	208.0
1155.8355487529875	164.0
1156.385105530392	232.0
1158.6785470275645	116.0
1160.899522459987	188.0
1164.4596616643278	112.0
1164.4946168107813	216.0
1164.8340562151257	184.0
1167.1500000021547	56.0
1168.2066811176126	160.0
1168.7750000021606	40.0
1168.7750000021606	48.0
1169.6250000021637	28.0
1173.0910952402585	116.0
1174.3488025292145	212.0
1175.2961128552026	220.0
1175.4000000021847	104.0
1179.4222651660384	112.0
1181.876357683736	184.0
1182.9079332650806	208.0
1183.1677948909332	160.0
1184.5968415280663	224.0
1184.8737244153224	172.0
1186.4764831675825	188.0
1186.8104418926341	180.0
1187.219605493078	164.0
1188.1721578714262	140.0
1192.0935773106817	220.0
1201.1494701143931	216.0
1201.2894661732032	208.0
1201.7988545450905	224.0
1203.528267452119	116.0
1204.298102825549	212.0
1205.2849578953042	164.0
1207.5282887630087	160.0
1209.5560787478003	184.0
1209.7789710998397	172.0
1209.9599345214253	140.0
1211.0893155189285	112.0
1212.254967783843	180.0
1214.7105733047017	212.0
1217.3863270195443	208.0
1218.6554393245565	220.0
1220.2356446798415	224.0
1222.4827072199967	216.0
1222.5500000023562	100.0
1224.8755630327755	188.0
1230.4921672549544	116.0
1231.5277046897447	112.0
1232.3997999612893	172.0
1233.847530301647	140.0
1234.0650664042655	164.0
1235.181327316774	188.0
1235.558052551019	160.0
1236.1258279165877	184.0
1239.6540566153087	180.0
1244.6250000024365	100.0
1246.669409407609	216.0
1246.9078143536403	220.0
1248.6098755306618	208.0
1249.2913987449901	112.0
1249.4224952112972	224.0
1254.5722897254693	212.0
1255.0043056556472	164.0
1257.3866177244927	184.0
1258.308591574304	180.0
1258.9056932701822	172.0
1261.089330062184	140.0
1261.8300076139826	160.0
1263.756251134271	116.0
1265.1250000025111	100.0
1268.3059193983745	188.0
1271.2565919823853	220.0
1273.2712780240429	184.0
1273.5460048519474	208.0
1275.5582994745848	224.0
1277.1637053824709	180.0
1277.3524511569826	216.0
1278.5095692737518	212.0
1284.8270768222549	140.0
1284.8406360370273	160.0
1285.3357976224986	112.0
1285.464954365216	164.0
1289.1758088734694	188.0
1289.2744074490213	172.0
1290.6000000026038	100.0
1291.0027349056777	224.0
1294.8213191699529	116.0
1295.300109624483	220.0
1300.9385230688224	216.0
1301.8310308009352	180.0
1301.9384802114987	208.0
1302.762727062089	112.0
1306.1581953760383	212.0
1306.4049138189948	164.0
1306.9531342730022	160.0
1308.7155476049334	140.0
1309.9022890521326	116.0
1310.5660592028332	184.0
1311.4500000026796	100.0
1312.0854833142912	188.0
1312.161317030142	172.0
1320.8851098544494	224.0
1325.781545110015	216.0
1326.2183218843934	228.0
1326.3114397922322	140.0
1326.656277701847	212.0
1327.4758455634324	160.0
1329.134757442794	164.0
1329.8813325076092	172.0
1329.8816684770445	208.0
1331.276579709069	180.0
1332.3383080172032	220.0
1332.7639772771113	116.0
1337.2345244188077	188.0
1337.5637672022285	232.0
1338.2894674070187	228.0
1340.5766965570476	216.0
1340.8264142878957	212.0
1342.1642097585886	184.0
1344.9057552171298	208.0
1345.1011335724006	112.0
1348.3613144902781	224.0
1351.1456604083114	232.0
1351.6418561280263	172.0
1352.4851743235859	220.0
1354.080450510071	228.0
1355.152820693719	184.0
1356.7468469180433	116.0
1357.4203535635208	164.0
1358.224119831082	112.0
1359.974830575745	180.0
1360.006880510599	188.0
1361.0750000028602	56.0
1361.7250000028625	28.0
1361.7750000028627	40.0
1361.7750000028627	48.0
1361.9250000028633	88.0
1362.8000000028665	44.0
1363.4500000028688	20.0
1363.4500000028688	36.0
1363.4500000028688	96.0
1363.5862276358966	160.0
1363.8250000028702	84.0
1364.1250000028713	8.0
1364.2000000028715	72.0
1364.625000002873	92.0
1364.7750000028736	12.0
1364.7750000028736	24.0
1364.7750000028736	68.0
1366.6237378229137	232.0
1366.9000000028814	104.0
1367.919394398904	140.0
1371.6548869742223	212.0
1374.6212108122545	172.0
1376.371786288103	220.0
1376.4233667910216	140.0
1378.1114588018454	228.0
1379.4535793072157	216.0
1379.4975277362157	224.0
1380.3775401905634	164.0
1380.6038347230196	180.0
1382.3457633461614	116.0
1386.0803250342433	208.0
1386.5380214907123	188.0
1388.078124724435	184.0
1389.7570449867214	112.0
1391.6503538318204	160.0
1394.385646937387	228.0
1398.3968486556062	208.0
1398.7087375616059	216.0
1400.9312911467312	220.0
1400.9946358476275	212.0
1401.6729663561314	224.0
1402.9327757531817	160.0
1404.6782040758635	188.0
1406.481466107523	180.0
1408.2567538997803	232.0
1411.0548403947266	112.0
1411.3951171861054	140.0
1412.1740311419587	116.0
1412.216064069166	164.0
1413.3888949280924	184.0
1413.8895499983264	172.0
1415.8000000030593	28.0
1415.97500000306	56.0
1416.0500000030602	40.0
1416.0500000030602	48.0
1416.6500000030624	88.0
1418.1000000030676	20.0
1418.1000000030676	36.0
1418.1000000030676	96.0
1418.58946339076	208.0
1420.0000000030745	44.0
1420.1750000030752	92.0
1421.8750000030814	104.0
1422.7536513248524	220.0
1423.850048302827	216.0
1426.6431023566356	140.0
1426.9835168533518	224.0
1428.1968084621458	212.0
1432.123000616348	172.0
1432.5714288969493	112.0
1432.9171497163659	164.0
1434.1838921790347	180.0
1434.8523996889671	184.0
1437.746888353274	116.0
1440.261325920767	188.0
1441.382115684729	212.0
1442.882574279183	160.0
1450.1768286457393	172.0
1452.120045278479	140.0
1452.2927012457164	208.0
1454.5196685911455	224.0
1455.2747592110024	216.0
1455.3503481064201	184.0
1457.9889208355912	220.0
1459.413792387355	188.0
1461.3766384219673	180.0
1461.7830239305695	160.0
1462.7349187036532	116.0
1463.9698726647364	164.0
1465.1955387496669	112.0
1466.1214902824102	220.0
1468.6000000032514	100.0
1472.6106248645594	216.0
1478.637301049218	224.0
1479.929850530709	116.0
1481.4673136408562	212.0
1481.7328591975129	208.0
1484.957104598878	140.0
1486.9135176553905	160.0
1487.022003020972	172.0
1487.384636046448	184.0
1489.8539528187723	112.0
1491.0703105541202	164.0
1491.8574940231624	220.0
1491.8677067500896	188.0
1492.8750000033397	100.0
1495.1288306929916	224.0
1495.252930226416	212.0
1495.5793553672877	180.0
1498.532781835679	216.0
1502.9718695201775	112.0
1503.2966729792286	160.0
1508.5132219528998	208.0
1509.1819295916298	116.0
1513.7973288670682	172.0
1514.1243730798296	180.0
1514.7536616011141	184.0
1515.0137175255347	164.0
1515.2386830375176	140.0
1518.4750000034328	100.0
1521.3325067956746	212.0
1521.5797794071157	188.0
1522.7912681483965	140.0
1525.780534907437	180.0
1525.918988755052	220.0
1526.1361177823924	224.0
1526.2002250815772	208.0
1526.3509450133631	188.0
1527.196894332301	184.0
1530.0970260901593	216.0
1530.7371068812492	164.0
1531.2391484721074	112.0
1536.7175635696083	160.0
1537.1587499387815	116.0
1539.1000000035078	100.0
1541.0185511538227	172.0
1544.7972058569712	216.0
1545.7187375089002	224.0
1546.1558793138831	212.0
1548.3399097615243	208.0
1550.0074852235605	112.0
1552.9859691983252	220.0
1554.7354836064046	188.0
1555.1572612723762	184.0
1555.8221885915277	140.0
1557.1180460578503	164.0
1558.7262825926089	160.0
1561.769921550107	172.0
1562.0000000035911	100.0
1565.480932351384	180.0
1565.92003906992	116.0
1575.1060255254595	172.0
1575.239102373601	112.0
1575.4757039119231	220.0
1575.692725996319	224.0
1576.2183218843934	228.0
1576.4177514172325	212.0
1578.811900723714	216.0
1581.5833317112354	208.0
1582.4654804291408	160.0
1583.3682280579005	116.0
1583.4202448316794	164.0
1583.6287422924836	188.0
1586.1323102006038	140.0
1587.5637672022285	232.0
1590.446596124741	180.0
1591.2445144808858	228.0
1594.195677847004	220.0
1594.4350652729695	184.0
1595.9530700315195	216.0
1598.77450098778	208.0
1600.4843284751132	212.0
1600.8348309613016	112.0
1603.95872636239	116.0
1604.8797028450558	224.0
1605.1644766758568	164.0
1606.3643407239238	160.0
1607.2468696089857	140.0
1607.3677878586998	232.0
1608.7304518795067	228.0
1610.1109112255	180.0
1610.5500000037678	56.0
1610.9469782566532	184.0
1610.9750000037693	88.0
1611.0250000037695	28.0
1611.17500000377	40.0
1611.17500000377	48.0
1611.6750000037719	44.0
1611.8392992907513	172.0
1612.1500000037736	12.0
1612.1500000037736	24.0
1612.1500000037736	68.0
1612.1500000037736	92.0
1613.2250000037775	20.0
1613.2250000037775	36.0
1613.2250000037775	96.0
1614.1500000037809	84.0
1614.4000000037818	8.0
1615.0750000037842	72.0
1616.0250000037877	104.0
1616.9610663544597	188.0
1620.577120464444	216.0
1623.420043943753	220.0
1625.311341481385	184.0
1625.5440975419326	208.0
1625.9122815385556	232.0
1626.3871866508123	164.0
1626.66062525365	224.0
1626.7761926626538	228.0
1627.915242989191	140.0
1628.0733507817042	112.0
1628.9969992671683	188.0
1629.773288928118	212.0
1633.192638787584	180.0
1633.772602403387	160.0
1636.8244771487657	116.0
1637.6750000038664	56.0
1637.9500000038674	40.0
1637.9500000038674	48.0
1641.6343154990095	208.0
1641.9854557141518	228.0
1643.9028081768683	172.0
1647.8012228681957	220.0
1649.2352417523334	216.0
1649.5573660750836	232.0
1649.8909053193877	224.0
1655.2457897788022	160.0
1655.2891101220835	188.0
1655.8957397794074	212.0
1656.0542846600326	112.0
1657.6274159309892	164.0
1658.9065136190245	140.0
1662.4911627163196	232.0
1663.2327139817774	172.0
1663.2662672378387	180.0
1664.009155209573	184.0
1664.8268176487572	116.0
1669.2000000039811	56.0
1669.8506145993117	224.0
1671.271981065723	208.0
1671.5131717788001	216.0
1675.882611449152	212.0
1677.032708717492	184.0
1678.3310603434516	112.0
1678.6800976970426	220.0
1678.7396172135166	172.0
1678.8931185489816	188.0
1678.9993915267373	160.0
1682.298982933161	116.0
1684.3886796027705	164.0
1693.980424380306	180.0
1694.0988824274589	220.0
1694.6043293008122	216.0
1695.1486506636818	140.0
1695.6577122729002	224.0
1698.6793638042957	116.0
1701.4898750575603	212.0
1707.2113235556421	208.0
1707.2592266312156	188.0
1707.3395441070415	164.0
1710.0694010246314	112.0
1711.2717954336256	184.0
1713.7811493805846	180.0
1714.215402544425	160.0
1715.7213511325244	140.0
1715.7676543240516	172.0
1719.1774780124636	224.0
1721.10000000417	100.0
1725.1576974832205	212.0
1725.1849868729962	216.0
1725.467732620944	184.0
1726.5064027771195	140.0
1727.6154977244305	220.0
1732.3581882640208	188.0
1732.7027327919702	208.0
1732.9578959790415	180.0
1736.4019578087086	116.0
1736.9446685765156	160.0
1737.6305972367147	172.0
1738.3286173231322	164.0
1740.8826564996555	112.0
1741.8284510962	224.0
1744.3857125846725	216.0
1745.8000000042598	100.0
1750.7471616097318	116.0
1751.7745203378215	220.0
1752.2015273467512	172.0
1752.7186309177428	188.0
1752.740778336196	180.0
1754.1078568029993	208.0
1754.6396636703973	212.0
1755.3390947458902	160.0
1756.3431603005463	140.0
1759.738911428941	184.0
1763.4976917167637	112.0
1767.9500000043404	100.0
1768.5024317856673	208.0
1769.731825512531	164.0
1769.741825512531	164.0
1774.2664570819172	212.0
1774.3019909037157	160.0
1776.3650968633135	224.0
1776.4204466522563	220.0
1776.6579301205643	112.0
1777.6342798758849	180.0
1778.5153532810466	216.0
1782.0920046976794	140.0
1784.2263254603301	116.0
1787.8860949022517	184.0
1789.6500000044193	100.0
1789.9004727917893	172.0
1790.8136009586078	188.0
1793.666269422866	212.0
1795.591089845796	220.0
1796.5858326850798	208.0
1797.751645375702	216.0
1801.3958628796115	188.0
1804.9481283527375	184.0
1805.6211544519692	180.0
1807.0720082943694	224.0
1807.8871792535256	116.0
1810.0087738772993	164.0
1810.1364079050593	160.0
1811.3923296059381	140.0
1811.794341325264	112.0
1812.4250000045022	100.0
1819.213771002406	172.0
1820.9725870342963	224.0
1821.7825657947965	208.0
1825.340175267939	220.0
1825.3914651103064	184.0
1826.2183218843934	228.0
1827.2370744222178	116.0
1827.594560330751	188.0
1827.9736263431435	160.0
1830.8108556698626	216.0
1832.5302017506579	140.0
1833.6354037986187	112.0
1835.08280875045	164.0
1835.8555456742827	212.0
1837.5637672022285	232.0
1838.5319132055345	172.0
1840.190743515664	212.0
1842.9992969027164	228.0
1843.8820557747133	180.0
1845.2500000046216	40.0
1845.2500000046216	48.0
1848.4991429852873	220.0
1850.6103787298093	160.0
1851.346276507158	232.0
1852.6554791784604	112.0
1853.1991924240851	180.0
1855.2816945125478	208.0
1855.3838604474493	216.0
1856.7885688142624	116.0
1857.2485751921038	164.0
1861.3500000046802	56.0
1862.9053608017778	224.0
1863.8774009882234	228.0
1864.2394303924682	184.0
1865.3841984696733	140.0
1866.6306413245336	232.0
1866.6750000046995	28.0
1867.9385766005926	188.0
1867.94426727961	212.0
1871.1825750206642	220.0
1872.7916489220818	208.0
1872.939015628175	172.0
1874.1250000047266	104.0
1874.411998056808	224.0
1878.6831931036481	216.0
1878.9111519027533	160.0
1880.124219049966	116.0
1881.4787358538758	172.0
1884.5698092133318	140.0
1884.7067526084977	232.0
1885.3469508107262	180.0
1888.590937969829	188.0
1889.4232216531532	164.0
1889.6480488656582	228.0
1890.181369543768	184.0
1890.763570176663	112.0
1893.1934395066062	212.0
1893.697003497245	224.0
1895.8461014924762	208.0
1899.4793448541016	216.0
1899.7426108022682	172.0
1900.844330074216	220.0
1902.3740662579758	184.0
1904.512353590602	180.0
1906.4131358978675	160.0
1906.4229822107843	228.0
1907.5323595943273	164.0
1908.0344868445195	112.0
1914.0196904091647	116.0
1915.048314913324	188.0
1917.1750000048833	56.0
1917.690790119481	212.0
1918.0743347003026	232.0
1921.3540827995623	140.0
1924.852941406774	224.0
1925.0435819649133	208.0
1926.136442361147	220.0
1928.4574829926867	216.0
1931.058360304325	180.0
1931.777519649894	116.0
1932.477023238605	164.0
1932.9979896994882	184.0
1933.220598431242	160.0
1935.2824190592123	188.0
1938.301038996502	172.0
1938.6948106606858	112.0
1940.1954195458698	140.0
1944.9342730964745	216.0
1946.0350571904091	224.0
1946.973625119147	212.0
1948.09531478156	220.0
1952.514929885563	208.0
1953.22695841739	184.0
1953.9029994770926	188.0
1956.6938399092305	112.0
1957.73897753344	140.0
1957.805938491645	180.0
1958.2417730519214	116.0
1958.4376543489004	164.0
1959.7883615840776	160.0
1966.2500000050618	100.0
1969.0686506111754	172.0
1972.4535535415596	112.0
1975.0311771685824	208.0
1976.765329897145	220.0
1976.972363117845	224.0
1977.3958383578247	216.0
1979.1094074316902	164.0
1979.963901977977	172.0
1980.3022518389116	140.0
1982.094773451753	160.0
1982.587450857945	184.0
1983.5964201680504	212.0
1987.4864184363032	180.0
1987.5926432527401	188.0
1991.4750000051536	100.0
1991.5904572472418	116.0
1992.1845049189865	224.0
1995.24423344456	140.0
1996.582862904501	212.0
1999.4148518060535	220.0
1999.6458436857165	216.0
2000.454886830859	208.0
2009.6292547605628	164.0
2010.426187999378	184.0
2011.8601103507904	160.0
2013.4271068035118	116.0
2013.4680316000683	172.0
2014.7015961326028	188.0
2015.5855601796086	112.0
2016.8572337700734	212.0
2017.425000005248	100.0
2018.9263654482927	180.0
2019.5336412847805	208.0
2020.9015714321258	180.0
2021.31094919342	220.0
2027.984255780047	216.0
2029.017159516025	172.0
2030.0103427510192	224.0
2030.067938944259	184.0
2030.319826181113	188.0
2030.810540976807	116.0
2032.0041143832389	160.0
2032.6160099771328	140.0
2035.2801942730666	112.0
2039.175000005327	100.0
2040.0012890461342	224.0
2041.7293272314744	164.0
2046.5061749014342	216.0
45.558	221.0
47.368	213.0
48.638	205.0
50.916	209.0
51.762	217.0
56.775	49.0
56.975	65.0
57.325	1.0
57.525	21.0
57.525	57.0
57.525	81.0
58.135	189.0
58.575	101.0
59.500	13.0
59.500	29.0
59.725	93.0
59.775	17.0
59.775	25.0
59.775	77.0
59.800	89.0
59.800	97.0
62.168	161.0
64.100	101.0
73.037	225.0
74.214	209.0
77.196	205.0
77.276	229.0
79.677	221.0
80.219	217.0
80.709	213.0
80.965	161.0
81.644	189.0
84.235	233.0
88.766	225.0
95.558	221.0
97.368	213.0
97.552	229.0
98.638	205.0
100.916	209.0
101.762	217.0
106.508	225.0
106.518	233.0
106.575	49.0
106.750	65.0
107.525	1.0
107.900	57.0
107.900	81.0
107.925	21.0
108.135	189.0
108.350	13.0
108.350	29.0
109.150	89.0
109.150	97.0
110.375	9.0
110.525	93.0
110.625	77.0
110.650	25.0
110.675	17.0
111.125	33.0
111.125	45.0
111.525	37.0
111.525	73.0
112.168	161.0
113.025	65.0
113.275	69.0
113.325	5.0
113.325	41.0
113.350	53.0
113.350	61.0
113.350	85.0
117.389	229.0
117.681	205.0
120.589	221.0
121.462	225.0
121.542	233.0
125.985	209.0
128.177	161.0
130.707	213.0
130.809	229.0
135.224	189.0
135.840	217.0
136.675	225.0
137.275	49.0
137.750	1.0
137.875	57.0
137.950	21.0
137.950	81.0
137.975	65.0
138.100	13.0
138.100	29.0
138.200	9.0
138.925	33.0
138.925	37.0
139.075	93.0
139.100	17.0
139.100	25.0
139.100	77.0
139.100	89.0
139.100	97.0
140.325	45.0
140.350	73.0
140.810	233.0
146.656	205.0
149.271	209.0
150.374	229.0
154.847	233.0
155.901	217.0
156.350	213.0
158.210	221.0
159.782	161.0
164.350	1.0
164.900	49.0
165.950	65.0
166.375	29.0
166.400	13.0
166.500	9.0
167.869	189.0
168.817	205.0
175.199	213.0
176.533	221.0
181.017	189.0
182.575	209.0
184.799	217.0
192.689	161.0
196.305	213.0
196.680	217.0
199.660	209.0
199.835	205.0
204.490	221.0
206.022	189.0
210.636	161.0
222.826	217.0
223.777	209.0
224.012	213.0
224.929	205.0
233.008	221.0
233.492	161.0
235.054	189.0
240.150	101.0
243.978	221.0
249.325	209.0
254.496	205.0
256.562	217.0
257.911	213.0
258.039	161.0
261.544	189.0
264.660	209.0
266.075	101.0
268.298	213.0
270.666	217.0
273.866	221.0
282.931	189.0
284.595	161.0
285.686	205.0
289.300	101.0
296.305	217.0
299.817	205.0
300.369	221.0
300.572	209.0
301.517	213.0
305.076	189.0
313.525	101.0
315.647	161.0
320.879	209.0
323.037	225.0
325.495	217.0
327.081	213.0
327.276	229.0
328.032	221.0
329.231	205.0
334.235	233.0
336.016	161.0
336.890	189.0
344.080	225.0
346.912	213.0
346.922	209.0
348.151	221.0
349.040	233.0
349.425	229.0
349.951	217.0
354.763	189.0
356.057	205.0
356.485	161.0
361.825	1.0
361.900	65.0
361.950	13.0
361.950	29.0
362.425	49.0
363.325	9.0
363.825	89.0
363.825	97.0
366.193	213.0
367.275	33.0
367.850	57.0
368.732	229.0
369.927	217.0
375.253	225.0
377.125	205.0
381.206	209.0
381.469	221.0
382.383	161.0
392.050	1.0
393.005	213.0
393.649	229.0
393.734	233.0
394.550	49.0
394.613	189.0
396.532	217.0
397.061	225.0
398.422	209.0
401.879	205.0
406.071	221.0
406.241	229.0
412.932	189.0
415.998	233.0
416.538	161.0
416.950	1.0
420.702	221.0
421.535	217.0
424.993	209.0
425.271	213.0
425.562	161.0
429.983	205.0
430.189	189.0
442.713	221.0
446.782	213.0
449.683	205.0
451.490	209.0
454.185	217.0
458.233	189.0
458.983	161.0
463.014	209.0
465.075	101.0
467.048	217.0
470.757	205.0
472.937	213.0
477.948	221.0
484.174	161.0
490.075	101.0
490.474	189.0
494.592	213.0
495.659	209.0
497.650	217.0
502.869	205.0
505.940	161.0
506.571	221.0
512.734	217.0
514.075	101.0
515.965	189.0
521.758	221.0
527.426	205.0
527.734	209.0
528.200	213.0
535.721	189.0
539.600	101.0
540.078	161.0
544.655	221.0
546.049	217.0
549.293	209.0
552.015	205.0
555.103	213.0
560.205	189.0
562.810	161.0
562.975	101.0
563.791	213.0
570.549	205.0
573.037	225.0
575.308	209.0
576.279	221.0
577.276	229.0
577.541	217.0
583.255	189.0
584.235	233.0
588.030	161.0
589.271	225.0
590.954	213.0
593.643	209.0
594.325	65.0
594.400	49.0
596.474	221.0
599.212	205.0
603.432	225.0
603.816	217.0
606.667	229.0
608.140	161.0
612.539	189.0
613.300	1.0
613.475	65.0
613.600	49.0
613.950	9.0
614.075	57.0
614.275	33.0
614.325	37.0
614.850	13.0
614.850	29.0
614.975	17.0
614.975	25.0
614.975	77.0
614.975	93.0
615.375	89.0
615.375	97.0
615.559	225.0
616.275	21.0
616.275	81.0
620.428	233.0
624.963	229.0
626.927	217.0
626.938	209.0
627.683	221.0
629.700	225.0
629.783	189.0
629.981	213.0
630.847	205.0
633.013	233.0
635.804	161.0
640.250	1.0
641.275	49.0
643.658	225.0
646.381	209.0
648.662	229.0
649.993	213.0
650.147	205.0
651.773	221.0
652.499	217.0
654.838	233.0
656.161	225.0
664.106	161.0
665.975	1.0
666.275	65.0
666.375	49.0
667.250	9.0
668.050	29.0
668.075	13.0
668.200	33.0
668.200	37.0
670.300	209.0
670.465	189.0
672.130	221.0
673.664	217.0
678.613	213.0
679.570	189.0
682.515	205.0
687.078	161.0
696.617	209.0
700.842	217.0
700.938	213.0
702.763	205.0
702.985	221.0
703.108	161.0
714.735	189.0
721.353	213.0
722.578	205.0
725.914	217.0
726.572	221.0
730.861	161.0
732.001	209.0
734.875	101.0
737.521	189.0
750.275	205.0
750.961	217.0
751.353	221.0
752.909	209.0
754.019	161.0
754.472	213.0
756.637	189.0
760.025	101.0
772.761	213.0
773.708	205.0
774.110	221.0
775.211	209.0
777.105	217.0
778.680	189.0
786.349	161.0
787.125	101.0
793.123	221.0
805.545	217.0
806.472	213.0
807.497	205.0
809.003	161.0
809.803	189.0
811.137	209.0
812.075	101.0
812.435	205.0
822.774	209.0
822.933	217.0
822.973	213.0
823.037	225.0
825.576	221.0
827.276	229.0
830.973	161.0
834.235	233.0
835.441	189.0
835.678	225.0
840.292	229.0
842.650	49.0
842.675	65.0
842.875	13.0
842.875	29.0
843.875	9.0
845.715	209.0
846.498	221.0
849.101	205.0
851.261	213.0
851.661	233.0
852.145	225.0
853.525	189.0
856.099	229.0
858.850	161.0
860.678	217.0
863.700	1.0
864.525	49.0
865.025	57.0
865.025	65.0
865.070	225.0
865.375	13.0
865.375	29.0
865.650	9.0
866.325	89.0
866.325	97.0
866.475	21.0
866.475	81.0
866.600	17.0
866.600	25.0
866.600	77.0
866.600	93.0
866.850	33.0
866.850	37.0
866.977	233.0
870.147	205.0
872.213	213.0
872.877	221.0
875.533	229.0
877.165	217.0
879.828	209.0
881.120	225.0
881.701	161.0
884.302	189.0
886.164	233.0
891.025	1.0
891.825	49.0
892.464	229.0
893.563	209.0
894.233	225.0
898.666	217.0
901.621	213.0
903.478	161.0
904.222	233.0
904.601	205.0
906.687	189.0
907.304	229.0
907.346	221.0
914.100	1.0
914.700	49.0
915.175	9.0
915.250	65.0
915.650	57.0
915.725	13.0
915.725	29.0
916.093	205.0
917.125	81.0
917.300	21.0
922.290	221.0
924.385	209.0
926.999	213.0
930.571	161.0
933.587	217.0
939.479	189.0
941.801	205.0
943.243	213.0
945.559	221.0
947.503	217.0
949.818	209.0
956.634	189.0
963.967	161.0
967.572	209.0
969.375	101.0
970.770	205.0
972.472	221.0
975.032	213.0
980.292	189.0
985.609	217.0
989.629	213.0
991.776	161.0
992.375	101.0
993.843	205.0
998.423	209.0
1004.199	217.0
1007.551	161.0
1007.730	221.0
1013.721	189.0
1016.475	101.0
1019.741	209.0
1021.559	213.0
1025.011	205.0
1025.660	217.0
1025.710	221.0
1030.033	189.0
1033.703	161.0
1037.375	101.0
1045.792	205.0
1047.724	221.0
1051.073	209.0
1051.698	217.0
1053.248	213.0
1057.099	161.0
1057.862	189.0
1062.275	101.0
1070.648	217.0
1073.037	225.0
1077.194	213.0
1077.255	205.0
1077.276	229.0
1077.330	221.0
1081.312	209.0
1084.235	233.0
1084.352	189.0
1085.783	161.0
1087.189	225.0
1089.379	229.0
1090.125	49.0
1090.500	65.0
1091.100	13.0
1091.100	29.0
1091.375	9.0
1092.025	1.0
1092.525	57.0
1096.654	213.0
1096.836	221.0
1097.857	209.0
1099.370	217.0
1100.700	233.0
1102.332	229.0
1103.261	205.0
1103.743	225.0
1106.599	161.0
1112.119	189.0
1117.485	229.0
1117.600	49.0
1117.825	1.0
1118.375	65.0
1119.350	13.0
1119.350	29.0
1119.425	9.0
1119.425	57.0
1119.625	37.0
1119.650	33.0
1120.026	225.0
1120.817	213.0
1121.375	89.0
1121.375	97.0
1121.650	17.0
1121.650	25.0
1121.650	77.0
1121.650	93.0
1122.725	21.0
1122.725	81.0
1123.171	233.0
1123.873	221.0
1124.953	209.0
1127.219	205.0
1129.553	229.0
1132.775	161.0
1133.083	189.0
1133.484	217.0
1133.612	225.0
1143.209	217.0
1145.916	233.0
1147.718	209.0
1148.606	229.0
1154.336	213.0
1156.866	205.0
1157.285	221.0
1159.049	161.0
1165.425	1.0
1165.775	49.0
1167.075	65.0
1168.675	57.0
1168.775	9.0
1168.938	189.0
1168.950	29.0
1168.975	13.0
1173.636	213.0
1174.839	209.0
1174.896	189.0
1175.716	221.0
1177.396	161.0
1179.463	217.0
1185.856	205.0
1199.747	205.0
1202.252	221.0
1202.976	209.0
1203.272	213.0
1203.668	161.0
1204.231	217.0
1206.438	189.0
1219.656	205.0
1221.482	213.0
1222.550	101.0
1225.239	221.0
1228.443	217.0
1228.974	189.0
1230.687	209.0
1230.936	161.0
1242.349	209.0
1244.345	205.0
1244.414	213.0
1244.625	101.0
1249.648	221.0
1253.163	217.0
1255.385	161.0
1257.652	189.0
1265.125	101.0
1269.613	213.0
1271.851	205.0
1273.129	209.0
1279.710	217.0
1280.074	221.0
1286.076	189.0
1286.545	161.0
1290.600	101.0
1291.066	221.0
1296.003	209.0
1301.868	217.0
1302.188	189.0
1303.022	213.0
1304.613	161.0
1306.324	205.0
1311.450	101.0
1317.110	209.0
1318.085	221.0
1323.037	225.0
1327.276	229.0
1327.959	213.0
1329.296	205.0
1334.235	233.0
1334.914	217.0
1335.176	225.0
1335.999	189.0
1339.010	161.0
1344.082	217.0
1346.803	229.0
1346.916	233.0
1348.090	221.0
1350.972	225.0
1353.695	213.0
1354.886	205.0
1356.259	161.0
1356.998	209.0
1360.700	49.0
1361.150	1.0
1361.525	13.0
1361.525	29.0
1361.650	65.0
1361.775	9.0
1361.925	21.0
1361.925	81.0
1361.975	57.0
1362.800	33.0
1362.800	37.0
1363.450	89.0
1363.450	97.0
1363.532	229.0
1363.869	189.0
1364.125	45.0
1364.200	73.0
1364.475	77.0
1364.625	93.0
1364.775	17.0
1364.775	25.0
1365.616	217.0
1368.981	233.0
1369.992	225.0
1374.900	213.0
1375.521	221.0
1376.158	209.0
1378.450	205.0
1381.754	189.0
1383.942	233.0
1384.638	225.0
1386.994	161.0
1388.231	229.0
1388.425	1.0
1394.365	221.0
1397.672	213.0
1398.319	225.0
1398.727	217.0
1401.777	209.0
1406.934	233.0
1409.180	205.0
1411.509	189.0
1412.344	161.0
1415.600	1.0
1415.675	49.0
1416.050	9.0
1416.150	13.0
1416.150	29.0
1416.375	57.0
1416.650	21.0
1416.650	81.0
1416.675	65.0
1418.100	89.0
1418.100	97.0
1418.690	221.0
1419.650	33.0
1419.750	77.0
1419.925	93.0
1423.777	217.0
1426.630	213.0
1426.722	205.0
1428.387	189.0
1429.763	161.0
1432.703	209.0
1441.387	209.0
1449.042	213.0
1450.363	205.0
1452.308	217.0
1452.522	221.0
1454.860	189.0
1463.708	161.0
1467.730	221.0
1468.600	101.0
1471.360	213.0
1472.977	205.0
1482.063	189.0
1482.742	161.0
1484.594	209.0
1486.502	217.0
1492.875	101.0
1494.300	213.0
1498.826	221.0
1499.145	209.0
1500.544	217.0
1511.564	205.0
1511.658	189.0
1514.303	161.0
1518.475	101.0
1525.944	213.0
1529.915	205.0
1530.680	221.0
1531.398	209.0
1533.288	217.0
1536.273	189.0
1539.100	101.0
1545.471	161.0
1546.336	221.0
1548.286	205.0
1554.055	213.0
1555.909	209.0
1556.066	217.0
1559.878	161.0
1562.000	101.0
1565.106	189.0
1569.190	221.0
1573.037	225.0
1577.276	229.0
1577.514	217.0
1578.614	205.0
1579.628	161.0
1580.080	209.0
1581.024	213.0
1584.235	233.0
1587.886	189.0
1592.118	229.0
1593.791	225.0
1597.306	209.0
1597.606	233.0
1599.111	221.0
1601.295	205.0
1605.705	217.0
1606.123	213.0
1606.717	161.0
1609.862	189.0
1609.900	49.0
1610.425	1.0
1610.650	57.0
1610.700	65.0
1610.798	225.0
1610.975	21.0
1610.975	81.0
1611.175	9.0
1611.675	33.0
1611.675	37.0
1612.050	13.0
1612.050	29.0
1612.150	17.0
1612.150	25.0
1612.150	77.0
1612.150	93.0
1613.225	89.0
1613.225	97.0
1614.017	233.0
1614.400	45.0
1615.075	73.0
1620.273	205.0
1624.469	221.0
1625.376	213.0
1626.174	225.0
1628.971	229.0
1629.383	189.0
1633.302	217.0
1634.829	209.0
1636.400	1.0
1636.671	233.0
1637.375	49.0
1637.950	9.0
1638.200	65.0
1638.600	29.0
1638.625	13.0
1639.448	161.0
1642.660	205.0
1645.186	221.0
1647.179	225.0
1648.008	213.0
1648.264	209.0
1655.816	229.0
1658.739	233.0
1661.087	217.0
1665.500	1.0
1669.407	213.0
1670.221	161.0
1672.858	189.0
1676.748	217.0
1679.164	205.0
1679.730	221.0
1681.138	209.0
1681.882	161.0
1689.425	189.0
1694.164	205.0
1694.288	209.0
1698.352	217.0
1705.750	213.0
1706.448	221.0
1707.276	161.0
1711.982	189.0
1718.053	221.0
1719.940	217.0
1721.100	101.0
1721.404	209.0
1722.340	213.0
1722.382	205.0
1738.015	161.0
1738.885	205.0
1741.226	189.0
1744.504	213.0
1745.000	209.0
1745.800	101.0
1749.153	217.0
1750.230	221.0
1760.728	189.0
1767.543	161.0
1767.950	101.0
1771.039	213.0
1771.337	205.0
1771.363	221.0
1775.982	217.0
1779.033	189.0
1783.361	161.0
1784.912	209.0
1789.650	101.0
1792.489	209.0
1794.311	205.0
1799.571	213.0
1802.220	189.0
1807.824	161.0
1809.088	217.0
1810.688	221.0
1812.425	101.0
1819.017	205.0
1819.353	209.0
1821.705	221.0
1823.037	225.0
1824.642	213.0
1826.081	217.0
1827.276	229.0
1830.184	189.0
1834.235	233.0
1835.027	161.0
1839.601	225.0
1841.676	229.0
1842.200	49.0
1842.600	65.0
1844.788	217.0
1845.225	9.0
1846.157	209.0
1847.182	221.0
1847.894	233.0
1849.041	213.0
1850.693	205.0
1858.706	189.0
1860.601	225.0
1862.025	1.0
1862.154	161.0
1862.550	49.0
1862.675	57.0
1865.035	233.0
1865.275	13.0
1865.275	29.0
1866.275	65.0
1867.799	229.0
1869.990	221.0
1872.858	205.0
1873.372	209.0
1880.044	217.0
1880.769	213.0
1884.679	161.0
1885.140	229.0
1887.690	189.0
1888.393	225.0
1890.572	233.0
1892.190	205.0
1894.275	1.0
1894.375	13.0
1894.375	29.0
1896.642	221.0
1897.127	217.0
1898.183	213.0
1900.591	229.0
1902.990	233.0
1903.128	209.0
1904.451	189.0
1908.043	161.0
1911.980	217.0
1916.825	1.0
1916.875	49.0
1917.925	65.0
1918.874	205.0
1920.563	213.0
1927.122	221.0
1930.784	189.0
1933.359	209.0
1936.609	161.0
1940.005	217.0
1942.152	189.0
1945.544	209.0
1952.543	221.0
1955.619	205.0
1956.426	213.0
1958.292	161.0
1962.354	217.0
1966.250	101.0
1969.420	221.0
1974.365	213.0
1974.879	209.0
1976.173	205.0
1977.824	189.0
1989.225	161.0
1991.475	101.0
1994.822	221.0
2001.096	189.0
2001.173	209.0
2002.201	213.0
2004.761	217.0
2005.834	205.0
2011.351	161.0
2015.730	221.0
2017.425	101.0
2026.176	205.0
2026.343	161.0
2026.903	209.0
2027.476	213.0
2029.331	217.0
2033.545	189.0
2039.175	101.0
2042.741	205.0
2044.698	221.0
2045.104	209.0
2049.471	217.0
44.230	223.0
47.156	207.0
49.056	211.0
52.663	219.0
54.706	215.0
56.375	35.0
56.399	191.0
56.825	59.0
57.120	163.0
57.525	7.0
57.525	11.0
57.525	39.0
57.525	43.0
57.700	55.0
57.850	67.0
57.850	79.0
58.375	3.0
58.830	135.0
59.239	195.0
59.500	63.0
59.625	103.0
59.775	31.0
59.775	99.0
59.800	75.0
61.913	179.0
62.506	107.0
65.863	131.0
68.731	211.0
71.854	223.0
74.994	215.0
78.225	135.0
81.121	107.0
81.807	219.0
81.990	231.0
82.261	207.0
83.599	195.0
83.987	163.0
85.842	131.0
85.903	179.0
91.584	227.0
91.648	191.0
94.230	223.0
97.156	207.0
99.056	211.0
102.663	219.0
104.706	215.0
106.100	35.0
106.399	191.0
106.500	59.0
107.120	163.0
107.450	39.0
107.550	67.0
107.550	79.0
107.600	55.0
107.900	7.0
107.900	43.0
107.925	11.0
107.996	231.0
108.830	135.0
109.150	75.0
109.239	195.0
109.349	227.0
109.575	3.0
109.725	63.0
109.750	103.0
110.650	31.0
110.675	99.0
111.100	19.0
111.525	15.0
111.525	47.0
111.525	83.0
111.625	35.0
111.725	87.0
111.913	179.0
111.975	23.0
112.050	71.0
112.050	95.0
112.506	107.0
112.525	27.0
113.350	51.0
113.350	91.0
114.125	103.0
115.863	131.0
117.921	223.0
119.389	207.0
119.800	103.0
120.584	231.0
121.164	131.0
123.760	219.0
126.273	215.0
129.190	211.0
132.074	195.0
132.145	107.0
134.252	227.0
136.183	179.0
136.714	135.0
136.767	191.0
137.175	35.0
137.625	59.0
137.700	39.0
137.950	7.0
137.950	11.0
137.950	43.0
138.050	55.0
138.125	67.0
138.125	79.0
138.325	63.0
138.750	3.0
138.925	47.0
139.100	31.0
139.100	75.0
139.100	99.0
139.575	103.0
139.734	163.0
140.250	19.0
140.350	83.0
140.375	15.0
144.650	103.0
146.837	231.0
147.418	219.0
147.592	227.0
148.030	211.0
148.183	215.0
152.567	135.0
155.165	107.0
155.761	179.0
156.147	207.0
156.816	195.0
156.965	223.0
159.401	191.0
160.808	131.0
162.830	227.0
163.034	163.0
163.675	35.0
165.275	103.0
165.800	67.0
165.825	79.0
166.500	59.0
166.900	55.0
170.745	223.0
172.156	215.0
172.715	219.0
175.000	103.0
175.180	195.0
177.929	207.0
178.201	211.0
178.879	135.0
181.734	107.0
184.573	131.0
186.451	191.0
186.905	211.0
188.870	163.0
190.874	179.0
194.878	207.0
196.950	103.0
198.587	107.0
199.381	223.0
201.133	195.0
202.624	179.0
203.569	219.0
205.272	135.0
205.554	163.0
205.667	131.0
205.727	215.0
206.977	191.0
215.888	223.0
217.575	103.0
223.637	207.0
224.481	219.0
228.398	135.0
231.007	163.0
232.086	211.0
232.475	215.0
234.116	195.0
236.111	107.0
237.770	131.0
237.821	179.0
238.770	191.0
241.150	103.0
247.540	215.0
248.450	211.0
250.358	207.0
252.527	219.0
253.346	195.0
255.587	223.0
255.616	191.0
256.806	135.0
259.282	131.0
262.481	107.0
262.843	163.0
262.967	179.0
269.457	211.0
274.187	219.0
275.230	207.0
275.642	215.0
277.119	223.0
280.684	107.0
281.788	135.0
282.869	179.0
285.283	191.0
285.575	163.0
287.467	195.0
292.749	131.0
297.562	215.0
298.994	211.0
299.299	191.0
300.027	223.0
302.652	207.0
305.441	163.0
306.605	195.0
307.526	219.0
308.789	131.0
309.658	107.0
312.985	135.0
314.686	179.0
319.208	211.0
321.871	207.0
323.881	215.0
324.915	223.0
325.791	131.0
328.925	219.0
329.241	163.0
331.990	231.0
333.532	179.0
333.716	107.0
336.134	191.0
336.945	195.0
341.584	227.0
344.725	103.0
345.850	135.0
349.883	215.0
350.814	135.0
350.929	219.0
351.182	231.0
352.597	207.0
354.858	179.0
354.899	211.0
355.264	163.0
357.577	131.0
358.702	223.0
359.047	227.0
361.500	35.0
361.900	67.0
361.900	79.0
362.014	107.0
362.375	55.0
362.450	59.0
362.824	195.0
363.250	63.0
363.825	75.0
364.175	3.0
364.245	223.0
364.700	103.0
367.577	191.0
372.067	211.0
372.277	207.0
374.459	219.0
375.931	231.0
376.000	103.0
379.936	215.0
380.077	163.0
382.132	191.0
384.480	135.0
386.149	195.0
386.217	107.0
388.376	131.0
391.070	179.0
393.125	35.0
395.122	207.0
396.925	103.0
397.554	215.0
398.221	231.0
399.741	195.0
401.315	107.0
401.325	211.0
403.376	223.0
403.739	191.0
403.867	227.0
406.103	163.0
407.448	179.0
409.365	219.0
412.425	59.0
412.675	135.0
413.025	35.0
415.425	3.0
416.875	103.0
418.520	227.0
419.082	131.0
421.828	219.0
423.869	215.0
425.293	179.0
428.362	211.0
429.326	207.0
432.848	195.0
433.172	223.0
436.326	135.0
436.938	131.0
437.513	107.0
438.494	163.0
441.375	103.0
441.917	191.0
445.277	223.0
448.274	211.0
450.214	207.0
451.898	179.0
452.921	163.0
454.300	215.0
456.697	219.0
457.412	195.0
457.832	131.0
458.048	191.0
460.662	107.0
463.928	135.0
464.375	103.0
470.647	207.0
473.596	223.0
474.267	179.0
474.892	211.0
477.270	219.0
477.387	191.0
477.508	131.0
481.514	215.0
481.585	195.0
484.292	135.0
486.979	107.0
487.059	163.0
497.604	219.0
498.219	179.0
499.444	191.0
499.942	207.0
500.073	223.0
505.005	215.0
506.480	211.0
508.658	131.0
512.415	135.0
514.443	195.0
515.829	163.0
516.778	107.0
517.525	215.0
519.710	207.0
522.574	223.0
524.568	219.0
526.478	211.0
529.808	163.0
531.363	107.0
532.183	179.0
534.325	131.0
534.763	195.0
536.252	135.0
537.145	191.0
543.790	215.0
545.259	211.0
548.847	219.0
550.742	207.0
551.337	223.0
552.807	191.0
552.919	179.0
556.190	131.0
557.513	195.0
558.655	163.0
561.033	107.0
565.605	135.0
567.005	215.0
569.547	223.0
574.351	211.0
574.809	207.0
577.326	135.0
578.486	219.0
579.415	179.0
581.990	231.0
582.273	195.0
584.485	107.0
586.045	163.0
586.956	191.0
589.133	131.0
591.584	227.0
591.744	207.0
592.075	35.0
592.643	223.0
592.691	219.0
593.250	59.0
594.263	231.0
594.810	215.0
595.650	67.0
595.650	79.0
597.050	103.0
598.349	211.0
603.815	179.0
608.196	135.0
609.041	131.0
609.103	163.0
610.692	107.0
610.995	227.0
613.050	35.0
613.325	55.0
613.800	67.0
613.800	79.0
614.175	59.0
614.325	47.0
614.425	63.0
614.660	195.0
614.975	31.0
614.975	99.0
615.025	3.0
615.375	75.0
615.500	39.0
615.794	191.0
615.925	103.0
616.125	11.0
616.275	7.0
616.275	43.0
616.613	207.0
616.662	219.0
617.704	231.0
621.755	223.0
621.875	103.0
625.287	135.0
625.349	215.0
626.018	211.0
627.586	195.0
631.695	231.0
633.930	131.0
635.093	163.0
635.281	107.0
635.455	191.0
640.025	35.0
641.600	59.0
641.808	179.0
642.825	103.0
644.387	227.0
645.720	107.0
648.580	207.0
648.637	211.0
650.267	219.0
650.969	231.0
651.485	195.0
653.236	215.0
653.840	223.0
658.493	191.0
658.772	135.0
659.955	131.0
661.435	163.0
661.636	227.0
664.566	231.0
665.925	35.0
666.250	55.0
666.725	67.0
666.725	79.0
667.625	59.0
668.200	47.0
668.350	3.0
668.575	103.0
670.850	63.0
671.032	179.0
674.587	211.0
675.958	223.0
677.159	219.0
678.213	215.0
678.981	135.0
680.172	131.0
680.625	103.0
681.152	163.0
682.528	207.0
684.996	195.0
687.333	179.0
688.687	107.0
689.256	191.0
691.950	219.0
697.078	211.0
697.220	215.0
697.222	223.0
699.519	207.0
702.076	163.0
708.175	191.0
708.967	135.0
709.150	103.0
710.387	179.0
711.339	195.0
711.591	107.0
714.446	131.0
714.554	215.0
722.231	219.0
724.731	223.0
725.940	179.0
730.910	131.0
731.059	207.0
731.167	163.0
732.989	191.0
733.720	211.0
735.166	135.0
737.278	195.0
737.425	103.0
742.804	107.0
746.415	223.0
747.259	215.0
749.254	219.0
751.431	179.0
751.983	135.0
752.468	131.0
752.513	211.0
754.553	207.0
759.454	191.0
762.492	107.0
762.690	163.0
765.551	195.0
770.304	207.0
774.803	163.0
774.944	211.0
776.095	223.0
778.750	191.0
780.413	215.0
780.989	219.0
784.150	135.0
784.589	131.0
786.546	179.0
786.975	195.0
787.340	107.0
795.339	211.0
799.155	207.0
801.138	223.0
804.129	163.0
804.940	215.0
805.741	131.0
805.944	191.0
807.086	195.0
807.978	219.0
809.146	135.0
813.070	179.0
816.466	107.0
826.438	215.0
826.554	219.0
828.681	131.0
830.608	207.0
831.136	223.0
831.990	231.0
833.107	211.0
834.336	179.0
834.813	191.0
835.503	163.0
836.751	135.0
836.891	107.0
837.960	195.0
841.500	35.0
841.584	227.0
842.050	59.0
843.550	67.0
843.550	79.0
844.607	223.0
844.965	215.0
845.000	103.0
847.400	231.0
848.537	211.0
852.069	207.0
853.844	131.0
855.487	191.0
856.458	219.0
856.934	107.0
857.454	135.0
859.094	227.0
859.867	163.0
861.091	195.0
862.416	179.0
863.207	231.0
864.150	35.0
864.725	55.0
864.750	59.0
865.150	63.0
865.350	67.0
865.350	79.0
865.575	39.0
865.925	103.0
865.950	3.0
866.325	75.0
866.450	11.0
866.475	7.0
866.475	43.0
866.600	31.0
866.600	99.0
866.850	47.0
870.268	223.0
870.725	103.0
871.376	211.0
875.173	207.0
876.098	227.0
878.717	219.0
879.724	231.0
880.278	215.0
881.141	131.0
882.077	163.0
882.239	107.0
887.036	195.0
889.282	191.0
891.050	35.0
891.056	227.0
891.100	103.0
891.290	135.0
891.429	179.0
891.489	219.0
892.241	207.0
892.350	59.0
895.075	39.0
896.200	211.0
898.128	223.0
899.990	195.0
903.104	179.0
905.949	215.0
906.246	135.0
906.759	107.0
906.927	231.0
907.615	191.0
913.425	103.0
914.475	35.0
915.165	131.0
915.275	59.0
915.325	39.0
915.525	67.0
915.525	79.0
915.550	55.0
915.675	63.0
917.075	3.0
917.125	43.0
917.275	11.0
917.300	7.0
919.600	103.0
920.968	207.0
921.294	163.0
924.346	227.0
925.891	211.0
925.942	219.0
927.248	215.0
928.342	223.0
931.712	131.0
931.969	163.0
932.579	107.0
934.106	135.0
935.497	195.0
939.050	103.0
941.577	179.0
942.376	191.0
948.338	219.0
950.068	211.0
951.389	191.0
951.810	223.0
952.019	215.0
952.153	135.0
953.201	179.0
955.165	207.0
959.896	131.0
960.319	163.0
961.358	107.0
962.964	195.0
964.125	103.0
968.583	219.0
972.393	223.0
976.144	215.0
977.363	131.0
977.890	163.0
979.117	107.0
983.351	135.0
984.831	191.0
985.416	207.0
985.588	179.0
985.787	211.0
986.182	195.0
988.494	215.0
997.782	163.0
1000.085	207.0
1001.724	211.0
1002.555	219.0
1004.954	223.0
1005.037	135.0
1008.827	195.0
1009.563	131.0
1010.097	179.0
1011.550	107.0
1012.108	191.0
1013.395	219.0
1019.830	211.0
1021.623	107.0
1026.178	223.0
1027.033	215.0
1027.602	207.0
1028.951	179.0
1030.030	135.0
1030.636	195.0
1032.565	131.0
1033.987	191.0
1037.207	163.0
1046.495	207.0
1047.162	223.0
1047.467	107.0
1047.494	215.0
1049.996	219.0
1050.719	211.0
1053.657	195.0
1057.506	131.0
1059.875	135.0
1062.311	179.0
1062.429	163.0
1063.058	191.0
1067.436	211.0
1072.896	219.0
1073.909	223.0
1079.995	215.0
1080.329	207.0
1080.724	107.0
1081.990	231.0
1082.001	195.0
1085.004	179.0
1085.269	131.0
1086.852	163.0
1087.072	191.0
1087.637	135.0
1089.350	35.0
1089.750	223.0
1090.100	59.0
1090.950	67.0
1090.950	79.0
1091.500	55.0
1091.575	63.0
1091.584	227.0
1091.696	219.0
1091.925	103.0
1094.319	215.0
1096.738	211.0
1098.438	231.0
1101.166	195.0
1103.758	207.0
1108.285	227.0
1108.952	135.0
1113.045	107.0
1113.854	131.0
1114.766	231.0
1116.185	179.0
1117.175	35.0
1117.925	59.0
1118.304	191.0
1118.375	67.0
1118.400	79.0
1118.501	163.0
1118.750	39.0
1119.100	55.0
1119.625	47.0
1119.725	103.0
1119.925	3.0
1121.125	11.0
1121.375	63.0
1121.375	75.0
1121.650	31.0
1121.650	99.0
1122.425	7.0
1122.725	43.0
1123.939	195.0
1124.130	207.0
1124.630	211.0
1124.775	103.0
1125.170	219.0
1126.071	215.0
1131.019	179.0
1131.890	231.0
1132.384	191.0
1132.546	131.0
1134.363	135.0
1134.522	227.0
1137.685	223.0
1139.301	215.0
1140.150	103.0
1141.658	107.0
1142.486	163.0
1145.071	207.0
1149.305	219.0
1149.343	191.0
1151.581	211.0
1151.617	227.0
1155.928	223.0
1158.540	131.0
1160.661	195.0
1161.148	107.0
1161.494	163.0
1163.099	179.0
1163.552	135.0
1165.100	35.0
1166.603	227.0
1167.100	215.0
1167.125	59.0
1167.325	103.0
1167.525	67.0
1167.525	79.0
1167.975	55.0
1169.170	223.0
1169.725	39.0
1171.130	135.0
1174.204	219.0
1174.232	195.0
1175.725	103.0
1176.701	211.0
1177.487	191.0
1177.673	163.0
1177.904	131.0
1179.387	207.0
1187.875	179.0
1191.217	107.0
1195.214	207.0
1196.902	215.0
1197.825	103.0
1202.320	195.0
1202.997	219.0
1203.363	223.0
1205.154	211.0
1208.614	107.0
1208.889	191.0
1212.098	135.0
1212.761	163.0
1216.422	131.0
1217.562	179.0
1217.597	215.0
1217.804	219.0
1218.875	103.0
1219.394	223.0
1227.677	211.0
1229.070	135.0
1229.256	163.0
1230.487	107.0
1233.120	191.0
1233.702	207.0
1235.773	131.0
1237.954	179.0
1241.698	223.0
1241.837	195.0
1244.996	211.0
1252.389	131.0
1252.592	215.0
1253.788	219.0
1253.889	107.0
1254.842	207.0
1256.918	195.0
1257.358	163.0
1257.408	135.0
1259.135	179.0
1262.221	191.0
1273.016	207.0
1273.430	223.0
1275.141	211.0
1275.903	215.0
1279.498	195.0
1281.092	219.0
1281.975	107.0
1283.622	179.0
1284.815	135.0
1287.711	131.0
1289.248	163.0
1290.106	211.0
1290.930	215.0
1294.014	207.0
1295.249	191.0
1300.726	219.0
1302.868	163.0
1303.673	191.0
1305.746	135.0
1306.266	223.0
1307.971	179.0
1308.838	131.0
1311.246	195.0
1318.094	219.0
1318.110	107.0
1318.645	207.0
1324.286	211.0
1327.367	223.0
1331.986	135.0
1331.990	231.0
1332.267	163.0
1332.944	195.0
1333.192	107.0
1333.797	215.0
1335.275	131.0
1336.027	179.0
1336.523	191.0
1341.584	227.0
1345.631	207.0
1346.733	231.0
1349.686	215.0
1351.119	211.0
1352.323	223.0
1355.516	195.0
1358.034	131.0
1358.253	191.0
1358.882	135.0
1360.700	35.0
1361.075	59.0
1361.142	219.0
1361.650	55.0
1361.650	67.0
1361.650	79.0
1361.725	39.0
1361.925	7.0
1361.925	11.0
1361.925	43.0
1362.675	63.0
1362.800	47.0
1363.107	231.0
1363.225	103.0
1363.353	179.0
1363.450	75.0
1363.475	3.0
1363.719	163.0
1363.969	107.0
1364.150	19.0
1364.200	15.0
1364.200	83.0
1364.775	31.0
1364.775	99.0
1366.888	227.0
1367.750	103.0
1369.931	219.0
1370.528	223.0
1370.800	215.0
1378.843	211.0
1378.951	163.0
1379.024	227.0
1379.051	179.0
1379.198	131.0
1380.475	207.0
1381.859	191.0
1386.517	107.0
1387.129	135.0
1387.775	103.0
1387.800	35.0
1394.074	227.0
1394.394	195.0
1395.411	219.0
1399.501	211.0
1400.340	179.0
1401.738	223.0
1402.336	231.0
1406.966	215.0
1407.339	207.0
1407.533	227.0
1408.721	131.0
1410.928	191.0
1411.135	195.0
1411.493	107.0
1415.385	163.0
1415.525	35.0
1415.800	39.0
1415.975	59.0
1416.475	63.0
1416.650	7.0
1416.650	11.0
1416.650	43.0
1416.675	67.0
1416.675	79.0
1417.100	55.0
1417.575	103.0
1418.100	75.0
1418.225	3.0
1420.450	47.0
1420.935	207.0
1423.350	103.0
1423.855	135.0
1424.290	163.0
1424.391	215.0
1425.306	223.0
1427.837	211.0
1428.139	131.0
1428.629	135.0
1429.641	219.0
1433.481	191.0
1434.378	107.0
1434.462	179.0
1435.325	195.0
1439.275	103.0
1444.091	207.0
1450.036	107.0
1451.781	215.0
1452.272	163.0
1452.390	191.0
1454.661	223.0
1455.971	211.0
1456.619	135.0
1460.944	131.0
1461.707	219.0
1464.419	179.0
1465.983	195.0
1467.850	103.0
1468.831	211.0
1473.454	219.0
1474.820	223.0
1477.735	207.0
1479.107	215.0
1479.205	163.0
1480.070	195.0
1480.808	191.0
1481.344	107.0
1483.850	135.0
1485.544	179.0
1487.363	223.0
1489.916	131.0
1493.042	219.0
1502.925	215.0
1505.844	207.0
1507.288	211.0
1510.012	107.0
1511.520	191.0
1511.655	131.0
1511.713	163.0
1511.795	195.0
1512.217	135.0
1518.999	179.0
1521.229	211.0
1524.381	215.0
1528.260	163.0
1528.265	223.0
1529.770	195.0
1531.030	207.0
1531.344	191.0
1531.976	107.0
1532.994	135.0
1535.928	219.0
1536.630	179.0
1537.458	131.0
1541.347	219.0
1545.801	223.0
1546.644	207.0
1550.210	211.0
1553.853	163.0
1554.700	195.0
1554.784	191.0
1555.588	215.0
1555.831	131.0
1557.283	179.0
1558.289	107.0
1563.527	135.0
1569.717	211.0
1575.603	219.0
1578.596	179.0
1578.938	191.0
1578.964	223.0
1581.428	207.0
1581.990	231.0
1582.229	215.0
1584.798	135.0
1585.318	163.0
1586.327	107.0
1591.584	227.0
1593.119	195.0
1598.722	215.0
1599.144	211.0
1599.222	131.0
1599.262	219.0
1600.298	223.0
1602.117	207.0
1602.849	231.0
1604.365	227.0
1606.671	135.0
1607.145	195.0
1609.238	163.0
1609.875	35.0
1610.550	59.0
1610.700	55.0
1610.700	67.0
1610.700	79.0
1610.741	179.0
1610.975	7.0
1610.975	11.0
1610.975	43.0
1611.025	39.0
1611.500	191.0
1611.525	63.0
1611.675	47.0
1612.150	31.0
1612.150	99.0
1612.750	103.0
1612.850	3.0
1613.225	75.0
1614.107	131.0
1614.525	19.0
1614.900	83.0
1615.075	15.0
1615.534	211.0
1615.541	215.0
1616.959	107.0
1617.055	219.0
1617.725	103.0
1618.520	227.0
1622.876	231.0
43.291	206.0
49.791	218.0
49.853	210.0
51.174	162.0
52.030	138.0
52.253	222.0
52.581	214.0
56.775	62.0
56.775	78.0
56.825	46.0
57.525	38.0
57.525	90.0
57.750	58.0
57.850	10.0
57.850	50.0
58.150	2.0
59.179	106.0
59.400	74.0
59.525	102.0
64.347	142.0
64.493	170.0
65.675	102.0
66.056	206.0
71.347	230.0
71.426	226.0
71.972	214.0
72.436	138.0
74.518	162.0
77.197	210.0
77.254	142.0
79.255	170.0
80.967	106.0
82.122	222.0
86.540	218.0
88.303	230.0
89.564	226.0
93.291	206.0
99.791	218.0
99.853	210.0
101.174	162.0
102.030	138.0
102.253	222.0
102.581	214.0
103.768	234.0
106.500	46.0
106.575	62.0
106.575	78.0
107.450	90.0
107.475	58.0
107.550	50.0
107.575	10.0
107.900	38.0
108.950	74.0
109.179	106.0
109.950	2.0
110.700	26.0
111.125	30.0
111.525	70.0
111.525	86.0
111.950	42.0
111.975	18.0
112.050	6.0
112.050	22.0
112.050	98.0
112.450	14.0
112.700	62.0
112.950	66.0
113.275	34.0
113.275	94.0
113.350	54.0
113.350	82.0
114.347	142.0
114.493	170.0
117.684	230.0
120.799	234.0
123.335	218.0
123.630	206.0
124.134	210.0
125.028	226.0
125.101	222.0
126.621	214.0
128.333	142.0
132.697	106.0
132.792	162.0
132.877	138.0
133.720	234.0
135.375	170.0
137.225	62.0
137.275	78.0
137.625	46.0
137.700	90.0
137.950	38.0
138.125	10.0
138.125	50.0
138.375	58.0
138.425	2.0
138.925	26.0
138.925	30.0
139.100	74.0
140.350	70.0
140.350	86.0
144.453	230.0
145.566	218.0
146.847	226.0
147.791	222.0
149.216	210.0
152.371	206.0
152.804	214.0
155.618	138.0
157.656	142.0
160.347	106.0
164.850	62.0
164.900	78.0
165.198	170.0
165.800	50.0
165.825	10.0
166.056	162.0
167.525	46.0
170.672	214.0
174.259	218.0
175.480	206.0
175.801	210.0
176.424	222.0
178.515	162.0
180.787	234.0
185.333	142.0
185.676	106.0
186.131	170.0
186.260	138.0
193.243	218.0
197.214	206.0
197.233	210.0
198.837	214.0
202.882	222.0
204.731	142.0
212.100	106.0
212.118	138.0
212.733	162.0
213.095	170.0
216.075	102.0
221.503	210.0
222.310	218.0
225.474	222.0
225.588	162.0
225.868	214.0
227.130	206.0
233.563	138.0
233.655	142.0
234.744	170.0
235.615	106.0
240.925	102.0
243.546	222.0
247.000	206.0
250.054	218.0
250.921	210.0
252.023	214.0
252.169	106.0
258.768	170.0
263.504	162.0
263.731	138.0
264.900	142.0
265.425	102.0
272.383	206.0
272.473	218.0
275.916	222.0
276.244	210.0
276.803	214.0
280.401	138.0
281.274	142.0
283.119	170.0
283.870	162.0
285.747	106.0
289.625	102.0
298.623	218.0
301.483	210.0
301.850	222.0
304.468	162.0
304.942	214.0
305.193	138.0
307.533	206.0
311.627	170.0
314.391	106.0
315.125	102.0
315.163	210.0
315.958	142.0
320.065	170.0
320.244	218.0
321.072	222.0
321.347	230.0
321.426	226.0
325.707	214.0
327.725	206.0
332.127	138.0
332.917	106.0
332.992	142.0
336.338	162.0
337.113	226.0
342.645	218.0
343.364	222.0
343.728	230.0
350.834	210.0
351.229	138.0
353.768	234.0
354.316	214.0
357.531	170.0
357.634	206.0
358.511	106.0
361.900	10.0
361.900	50.0
362.425	46.0
362.425	62.0
362.425	78.0
363.000	58.0
363.800	74.0
364.508	162.0
364.531	206.0
365.490	226.0
366.093	142.0
367.200	30.0
368.502	222.0
368.691	218.0
372.697	214.0
376.529	230.0
379.442	226.0
380.039	106.0
380.223	234.0
381.058	138.0
381.849	170.0
384.312	210.0
385.226	162.0
388.748	142.0
394.350	62.0
394.500	78.0
396.010	222.0
398.024	206.0
399.650	226.0
399.896	214.0
403.204	210.0
403.472	218.0
404.628	170.0
407.548	106.0
408.323	162.0
412.069	234.0
412.482	138.0
413.150	46.0
413.690	142.0
415.625	58.0
422.027	218.0
422.895	210.0
424.668	106.0
425.827	222.0
427.588	214.0
430.180	170.0
430.741	206.0
434.298	138.0
435.534	210.0
439.471	162.0
441.558	142.0
443.319	214.0
450.521	206.0
451.345	218.0
454.749	222.0
457.878	106.0
458.585	142.0
458.770	170.0
462.487	138.0
462.884	162.0
464.125	102.0
470.011	210.0
477.420	222.0
479.241	218.0
481.160	206.0
482.090	106.0
483.009	138.0
483.530	162.0
487.836	214.0
488.676	142.0
488.950	102.0
493.334	170.0
497.346	206.0
499.368	214.0
499.565	222.0
500.094	218.0
500.988	210.0
505.590	138.0
507.413	170.0
510.447	142.0
514.425	102.0
515.651	218.0
516.162	106.0
518.363	162.0
518.846	206.0
519.973	222.0
521.135	210.0
528.932	214.0
532.747	170.0
538.890	162.0
539.546	106.0
540.925	102.0
541.225	206.0
541.278	210.0
543.294	138.0
543.547	142.0
548.358	222.0
552.158	162.0
553.471	218.0
554.024	106.0
557.600	214.0
559.640	142.0
561.770	170.0
564.300	102.0
566.950	138.0
570.700	206.0
571.347	230.0
571.426	226.0
574.518	218.0
574.946	106.0
577.198	214.0
578.181	210.0
578.715	222.0
580.232	162.0
585.307	226.0
586.354	142.0
586.432	230.0
587.267	170.0
591.381	138.0
594.400	62.0
594.400	78.0
595.650	10.0
595.650	50.0
598.793	214.0
603.167	226.0
603.379	222.0
603.768	234.0
604.993	206.0
605.133	218.0
605.445	162.0
605.673	210.0
607.635	170.0
609.703	138.0
610.097	142.0
612.658	214.0
613.550	78.0
613.600	62.0
613.800	10.0
613.800	50.0
613.875	46.0
614.275	58.0
614.300	26.0
614.325	30.0
615.300	74.0
615.500	90.0
615.737	230.0
616.014	106.0
616.275	38.0
616.725	2.0
617.546	226.0
619.700	234.0
619.940	218.0
620.758	206.0
623.285	210.0
626.145	142.0
626.567	170.0
629.334	106.0
634.168	222.0
634.957	234.0
635.970	138.0
638.674	162.0
638.858	226.0
641.275	62.0
641.300	78.0
644.298	210.0
645.448	218.0
645.937	214.0
646.003	206.0
649.922	222.0
652.025	138.0
653.894	230.0
657.589	234.0
658.891	106.0
661.499	142.0
661.502	162.0
662.722	170.0
666.375	62.0
666.375	78.0
666.725	10.0
666.725	50.0
667.325	46.0
667.825	58.0
668.200	30.0
668.225	26.0
669.400	74.0
671.965	222.0
673.187	234.0
676.006	170.0
676.549	214.0
678.937	106.0
680.405	142.0
681.710	210.0
682.236	206.0
682.301	138.0
683.513	218.0
692.425	162.0
696.331	206.0
699.549	214.0
700.747	142.0
703.191	222.0
703.718	210.0
704.480	218.0
706.987	162.0
710.292	138.0
715.077	106.0
716.314	222.0
718.025	102.0
720.392	170.0
724.726	206.0
726.242	218.0
729.217	214.0
729.841	170.0
731.202	162.0
731.922	106.0
732.845	210.0
736.667	138.0
740.550	102.0
742.211	142.0
745.905	210.0
747.679	222.0
749.182	218.0
751.844	106.0
752.507	206.0
755.915	170.0
756.649	214.0
757.391	162.0
759.688	142.0
762.400	102.0
764.287	138.0
768.471	214.0
776.971	210.0
778.762	218.0
778.842	206.0
779.228	222.0
780.728	162.0
781.643	142.0
781.690	170.0
783.742	106.0
788.908	138.0
789.350	102.0
791.284	206.0
797.668	210.0
799.411	138.0
802.032	218.0
803.087	214.0
803.399	222.0
804.436	142.0
808.799	162.0
809.567	170.0
811.313	106.0
813.250	102.0
816.291	214.0
821.347	230.0
821.426	226.0
824.015	218.0
824.493	142.0
825.875	210.0
826.047	222.0
829.716	170.0
833.769	230.0
834.114	226.0
836.384	206.0
837.873	106.0
838.444	162.0
839.033	138.0
840.881	218.0
842.525	46.0
842.650	62.0
842.650	78.0
843.550	10.0
843.550	50.0
844.689	138.0
847.680	226.0
849.864	230.0
850.174	222.0
850.276	210.0
851.050	206.0
851.915	142.0
852.165	214.0
853.768	234.0
856.530	162.0
859.433	170.0
862.263	106.0
864.500	78.0
864.525	62.0
864.945	230.0
864.975	46.0
865.300	58.0
865.350	10.0
865.350	50.0
865.575	90.0
866.325	74.0
866.475	38.0
866.575	30.0
866.850	26.0
867.350	2.0
867.633	214.0
871.223	234.0
871.358	206.0
874.059	210.0
874.307	222.0
875.833	218.0
880.548	170.0
882.252	230.0
883.198	138.0
883.716	142.0
885.597	226.0
887.398	106.0
890.492	162.0
891.825	62.0
891.850	78.0
892.725	46.0
895.035	230.0
895.175	90.0
896.327	218.0
899.204	210.0
901.174	206.0
903.598	222.0
905.609	142.0
907.743	138.0
908.121	234.0
909.117	214.0
911.219	162.0
911.631	106.0
912.679	170.0
914.700	62.0
914.700	78.0
915.325	90.0
915.525	10.0
915.525	50.0
915.625	46.0
916.150	58.0
917.125	38.0
919.250	2.0
920.851	218.0
923.118	214.0
925.015	234.0
926.202	222.0
928.662	106.0
928.767	206.0
929.853	210.0
931.705	162.0
934.763	138.0
937.704	170.0
938.922	142.0
945.261	218.0
949.509	214.0
951.157	206.0
951.501	210.0
955.377	138.0
957.108	222.0
1626.360	131.0
1627.080	207.0
1629.308	195.0
1630.985	107.0
1631.832	179.0
1632.062	223.0
1636.235	135.0
1636.500	35.0
1637.425	103.0
1637.650	59.0
1638.175	67.0
1638.175	79.0
1639.606	231.0
1640.043	191.0
1640.791	163.0
1641.702	227.0
1645.446	215.0
1649.075	103.0
1649.491	207.0
1651.439	191.0
1651.957	211.0
1651.997	223.0
1653.473	219.0
1653.552	107.0
1654.538	227.0
1654.796	231.0
1656.609	131.0
1658.394	179.0
1659.478	163.0
1659.975	195.0
1663.116	135.0
1665.150	35.0
1668.343	219.0
1669.150	59.0
1671.325	103.0
1673.532	223.0
1674.221	211.0
1675.506	215.0
1677.602	135.0
1681.081	207.0
1683.664	163.0
1684.698	179.0
1689.215	191.0
1690.116	131.0
1691.097	107.0
1692.430	195.0
1693.033	207.0
1693.761	223.0
1694.681	211.0
1694.800	103.0
1698.665	219.0
1701.668	191.0
1704.185	131.0
1704.450	215.0
1704.632	195.0
1707.856	163.0
1708.499	135.0
1715.233	107.0
1716.734	179.0
1717.350	103.0
1718.509	215.0
1724.627	179.0
1724.789	223.0
1726.080	211.0
1726.831	191.0
1729.006	163.0
1731.606	207.0
1731.736	131.0
1732.100	135.0
1733.320	195.0
1734.901	219.0
1742.416	107.0
1747.226	215.0
1747.544	207.0
1749.030	223.0
1751.780	163.0
1751.861	219.0
1752.547	211.0
1759.050	195.0
1759.750	131.0
1760.342	179.0
1760.785	107.0
1761.575	135.0
1764.065	191.0
1772.668	215.0
1775.063	223.0
1778.273	211.0
1781.667	207.0
1781.674	107.0
1781.822	195.0
1781.915	163.0
1783.518	131.0
1785.042	179.0
1785.455	219.0
1786.456	191.0
1792.457	135.0
1798.193	219.0
1800.531	223.0
1801.497	211.0
1802.242	207.0
1802.572	107.0
1802.668	135.0
1802.795	195.0
1803.161	179.0
1805.636	215.0
1808.890	131.0
1810.327	191.0
1815.149	163.0
1821.340	215.0
1821.945	207.0
1823.988	219.0
1824.021	211.0
1825.967	107.0
1826.632	223.0
1831.277	191.0
1831.427	163.0
1831.929	179.0
1831.990	231.0
1832.188	131.0
1837.223	135.0
1838.379	195.0
1841.584	227.0
1841.800	35.0
1842.975	55.0
1843.075	67.0
1843.075	79.0
1845.429	223.0
1845.525	103.0
1849.120	211.0
1850.023	215.0
1850.386	231.0
1852.550	163.0
1853.227	219.0
1853.874	179.0
1854.667	107.0
1855.914	207.0
1858.080	195.0
1859.338	131.0
1860.900	35.0
1861.400	59.0
1862.640	219.0
1863.003	135.0
1864.987	191.0
1865.000	103.0
1866.578	227.0
1866.675	39.0
1867.025	11.0
1867.100	79.0
1867.225	67.0
1868.000	63.0
1869.375	55.0
1871.509	207.0
1871.784	211.0
1872.505	231.0
1873.861	107.0
1874.850	103.0
1875.457	215.0
1876.077	191.0
1879.411	163.0
1881.498	223.0
1881.601	227.0
1882.935	179.0
1883.371	131.0
1888.211	231.0
1889.758	195.0
1892.973	191.0
1893.205	135.0
1894.133	223.0
1894.325	35.0
1896.842	227.0
1897.075	59.0
1897.600	103.0
1899.145	215.0
1899.836	211.0
1901.396	207.0
1902.816	135.0
1907.385	231.0
1907.408	219.0
1907.911	107.0
1912.238	195.0
1912.477	179.0
1912.703	131.0
1913.140	163.0
1914.907	219.0
1916.350	35.0
1918.275	59.0
1919.459	227.0
1919.500	103.0
1919.843	207.0
1924.250	223.0
1926.170	135.0
1927.135	215.0
1928.997	211.0
1933.499	107.0
1934.791	163.0
1936.532	191.0
1937.296	179.0
1939.437	195.0
1940.485	131.0
1940.950	103.0
1944.502	215.0
1945.281	223.0
1946.473	211.0
1947.232	219.0
1953.565	131.0
1953.835	163.0
1955.907	107.0
1957.774	207.0
1958.462	191.0
1958.581	135.0
1959.655	179.0
1963.240	195.0
1963.650	103.0
1964.320	219.0
1969.418	215.0
1973.362	191.0
1973.478	207.0
1977.142	211.0
1978.241	163.0
1979.147	223.0
1981.440	179.0
1981.589	107.0
1983.368	135.0
1986.905	195.0
1990.683	131.0
1995.072	211.0
1997.400	215.0
1998.629	179.0
2001.052	219.0
2002.671	207.0
2002.806	131.0
2003.668	191.0
2005.013	107.0
2005.218	223.0
2012.818	135.0
2013.948	195.0
2015.332	163.0
2017.754	195.0
2019.947	211.0
2023.415	223.0
2024.061	207.0
2029.130	215.0
2031.898	135.0
2032.265	219.0
2032.270	179.0
2035.597	107.0
2037.649	131.0
2037.742	191.0
2042.849	163.0
2043.576	223.0
2049.666	215.0
2049.912	211.0
958.157	142.0
962.762	162.0
963.255	106.0
966.225	102.0
966.463	170.0
967.730	210.0
973.038	170.0
975.074	206.0
975.144	222.0
976.120	214.0
979.825	138.0
983.120	218.0
984.623	162.0
987.232	142.0
987.918	106.0
990.450	102.0
993.303	210.0
995.218	214.0
997.321	222.0
1000.835	218.0
1001.801	162.0
1003.821	206.0
1007.067	106.0
1011.132	138.0
1011.165	142.0
1015.775	170.0
1016.500	102.0
1023.279	162.0
1024.269	210.0
1025.503	214.0
1027.012	218.0
1030.057	138.0
1032.806	206.0
1033.256	106.0
1033.547	170.0
1034.009	222.0
1037.900	102.0
1039.760	142.0
1043.971	214.0
1048.070	206.0
1048.224	142.0
1051.760	218.0
1052.690	222.0
1054.239	210.0
1058.739	170.0
1061.496	162.0
1063.975	102.0
1064.796	106.0
1065.351	138.0
1069.982	222.0
1070.448	210.0
1071.347	230.0
1071.426	226.0
1072.024	218.0
1074.684	206.0
1075.577	142.0
1079.174	214.0
1082.782	138.0
1083.426	162.0
1084.111	170.0
1085.923	106.0
1090.125	62.0
1090.125	78.0
1090.625	46.0
1090.950	10.0
1090.950	50.0
1091.320	230.0
1092.391	226.0
1095.133	218.0
1096.691	210.0
1098.185	206.0
1099.959	214.0
1102.399	138.0
1103.309	222.0
1103.768	234.0
1111.174	230.0
1113.351	106.0
1113.583	170.0
1116.247	142.0
1117.600	62.0
1117.625	78.0
1117.742	226.0
1117.853	162.0
1118.000	46.0
1118.375	10.0
1118.375	50.0
1118.439	218.0
1118.750	90.0
1119.150	58.0
1119.650	26.0
1119.650	30.0
1120.675	74.0
1121.675	2.0
1122.725	38.0
1123.411	222.0
1124.779	210.0
1126.629	234.0
1128.081	214.0
1129.391	230.0
1131.764	226.0
1132.392	206.0
1132.665	162.0
1134.058	106.0
1134.856	138.0
1136.691	142.0
1142.363	170.0
1143.034	222.0
1149.697	210.0
1149.801	230.0
1150.982	214.0
1151.239	218.0
1151.412	206.0
1154.768	170.0
1156.298	162.0
1158.697	234.0
1160.097	142.0
1162.079	138.0
1164.446	106.0
1165.775	62.0
1165.775	78.0
1167.125	46.0
1167.525	10.0
1167.525	50.0
1169.775	90.0
1169.885	206.0
1170.925	2.0
1172.555	210.0
1173.404	218.0
1175.460	142.0
1177.370	222.0
1177.650	170.0
1178.323	214.0
1181.444	234.0
1183.839	106.0
1186.061	138.0
1186.675	162.0
1195.967	210.0
1197.632	214.0
1197.653	222.0
1200.326	206.0
1203.716	218.0
1204.400	170.0
1208.227	106.0
1210.210	142.0
1212.484	162.0
1217.081	138.0
1217.150	102.0
1223.643	218.0
1223.779	206.0
1224.802	214.0
1227.748	142.0
1227.953	222.0
1232.723	210.0
1233.677	170.0
1233.843	106.0
1235.065	162.0
1239.575	102.0
1241.322	138.0
1245.715	210.0
1248.357	206.0
1251.959	222.0
1252.380	218.0
1253.919	214.0
1255.701	162.0
1256.330	142.0
1260.080	170.0
1260.664	138.0
1262.967	106.0
1263.425	102.0
1269.162	214.0
1271.942	222.0
1273.479	206.0
1275.209	218.0
1280.057	170.0
1281.614	210.0
1284.200	138.0
1284.722	162.0
1287.496	106.0
1289.523	142.0
1290.800	102.0
1297.891	106.0
1299.407	214.0
1299.422	210.0
1299.895	138.0
1301.657	218.0
1302.803	142.0
1303.336	170.0
1304.383	222.0
1306.423	206.0
1309.791	162.0
1312.325	102.0
1320.428	218.0
1321.347	230.0
1321.426	226.0
1322.794	210.0
1325.802	162.0
1326.601	214.0
1327.466	138.0
1331.260	106.0
1331.607	170.0
1332.365	222.0
1333.458	206.0
1333.927	142.0
1336.011	226.0
1344.538	214.0
1346.770	210.0
1347.179	230.0
1350.623	142.0
1352.359	206.0
1353.768	234.0
1354.254	222.0
1354.668	106.0
1360.587	218.0
1360.666	230.0
1360.700	62.0
1360.700	78.0
1360.905	162.0
1360.958	226.0
1361.075	46.0
1361.650	10.0
1361.650	50.0
1361.725	90.0
1361.925	38.0
1362.397	138.0
1362.625	58.0
1362.650	2.0
1362.800	26.0
1362.800	30.0
1363.325	74.0
1363.923	170.0
1364.200	70.0
1364.200	86.0
1369.604	206.0
1372.323	234.0
1374.044	222.0
1374.331	214.0
1375.722	230.0
1376.480	218.0
1376.927	226.0
1377.166	210.0
1377.496	106.0
1382.019	170.0
1383.126	138.0
1383.750	142.0
1388.427	230.0
1389.442	234.0
1394.303	214.0
1394.373	226.0
1394.994	162.0
1397.253	210.0
1399.347	206.0
1400.663	222.0
1401.828	230.0
1402.446	170.0
1402.576	106.0
1402.657	234.0
1403.414	218.0
1408.220	138.0
1415.417	222.0
1415.675	62.0
1415.675	78.0
1415.691	162.0
1415.800	90.0
1416.100	46.0
1416.650	38.0
1416.675	10.0
1416.675	50.0
1417.250	2.0
1417.700	58.0
1418.050	74.0
1418.875	30.0
1419.125	26.0
1419.836	210.0
1420.751	234.0
1421.589	142.0
1422.654	218.0
1425.901	162.0
1427.013	214.0
1428.688	138.0
1431.005	206.0
1434.497	142.0
1434.604	170.0
1444.284	222.0
1445.616	206.0
1446.856	214.0
1447.158	106.0
1454.909	210.0
1457.960	218.0
1463.487	106.0
1463.854	162.0
1463.949	142.0
1466.611	138.0
1466.725	102.0
1469.135	222.0
1469.831	170.0
1472.173	206.0
1475.667	214.0
1476.360	218.0
1477.528	170.0
1482.238	162.0
1483.562	106.0
1483.972	210.0
1487.485	142.0
1487.680	138.0
1490.900	102.0
1495.184	210.0
1498.097	206.0
1499.219	162.0
1500.716	222.0
1500.865	214.0
1502.734	218.0
1509.275	138.0
1510.143	106.0
1516.088	142.0
1516.598	170.0
1518.575	102.0
1520.821	210.0
1523.617	214.0
1525.082	162.0
1525.428	206.0
1532.181	138.0
1532.615	106.0
1532.773	218.0
1537.329	142.0
1537.820	170.0
1540.050	102.0
1540.609	222.0
1544.361	222.0
1544.758	218.0
1551.252	214.0
1552.254	162.0
1554.420	210.0
1555.232	106.0
1555.319	206.0
1560.410	138.0
1561.890	142.0
1563.275	102.0
1565.710	170.0
1571.347	230.0
1571.426	226.0
1571.732	206.0
1572.626	218.0
1574.172	222.0
1576.012	210.0
1578.665	138.0
1579.671	170.0
1580.029	214.0
1585.641	142.0
1585.708	226.0
1586.711	162.0
1589.509	230.0
1592.488	214.0
1595.775	210.0
1599.561	218.0
1599.768	106.0
1599.821	222.0
1600.685	226.0
1603.768	234.0
1605.967	138.0
1606.845	230.0
1609.174	206.0
1609.900	62.0
1609.900	78.0
1610.700	10.0
1610.700	50.0
1610.925	46.0
1610.975	38.0
1611.025	90.0
1611.675	26.0
1611.675	30.0
1611.775	2.0
1612.025	58.0
1612.331	162.0
1612.950	74.0
1614.051	170.0
1614.775	70.0
1614.900	86.0
1615.184	142.0
1619.679	106.0
1624.019	230.0
1624.112	234.0
1625.773	206.0
1626.318	222.0
1627.138	214.0
1628.423	210.0
1628.618	218.0
1630.496	142.0
1630.663	226.0
1631.341	106.0
1632.464	170.0
1633.862	138.0
1637.375	62.0
1637.375	78.0
1637.447	234.0
1638.175	10.0
1638.175	50.0
1638.725	46.0
1642.657	162.0
1645.046	214.0
1645.399	230.0
1646.992	210.0
1648.305	226.0
1649.880	234.0
1650.715	222.0
1651.249	106.0
1652.351	138.0
1654.430	218.0
1654.579	206.0
1657.340	170.0
1660.006	162.0
1663.557	234.0
1666.498	142.0
1670.045	218.0
1673.051	206.0
1674.797	210.0
1675.939	138.0
1678.724	234.0
1680.272	170.0
1682.369	214.0
1685.836	222.0
1685.906	162.0
1687.709	142.0
1688.020	106.0
1696.184	210.0
1700.718	214.0
1703.234	218.0
1704.702	206.0
1704.930	106.0
1705.707	222.0
1708.124	162.0
1710.368	170.0
1710.845	142.0
1711.581	138.0
1717.375	102.0
1719.596	218.0
1723.556	214.0
1727.215	222.0
1728.817	206.0
1731.143	106.0
1732.257	210.0
1735.515	142.0
1737.117	162.0
1738.301	170.0
1742.500	102.0
1744.665	138.0
1744.765	214.0
1750.566	206.0
1750.631	142.0
1752.021	222.0
1752.438	218.0
1753.458	138.0
1754.804	162.0
1757.221	210.0
1761.126	170.0
1765.850	102.0
1769.529	206.0
1772.360	106.0
1773.379	222.0
1775.115	210.0
1778.080	214.0
1780.316	218.0
1781.636	170.0
1781.886	142.0
1784.759	106.0
1788.282	162.0
1789.400	102.0
1790.442	138.0
1794.811	206.0
1795.582	214.0
1797.576	210.0
1799.462	218.0
1800.539	222.0
1803.208	106.0
1803.976	162.0
1806.220	142.0
1812.545	138.0
1812.847	170.0
1813.175	102.0
1816.507	218.0
1821.347	230.0
1821.426	226.0
1824.009	222.0
1824.304	214.0
1826.786	206.0
1828.507	210.0
1831.288	106.0
1832.593	162.0
1837.572	170.0
1837.669	142.0
1837.772	138.0
1840.910	230.0
1841.025	226.0
1842.200	62.0
1842.200	78.0
1842.349	214.0
1843.075	10.0
1843.075	50.0
1844.564	210.0
1845.444	222.0
1850.263	162.0
1851.611	218.0
1851.619	206.0
1853.065	226.0
1853.473	138.0
1853.768	234.0
1855.207	142.0
1857.903	170.0
1860.363	230.0
1861.750	46.0
1862.410	106.0
1862.500	78.0
1862.550	62.0
1866.675	90.0
1867.175	2.0
1867.225	10.0
1867.225	50.0
1867.400	26.0
1867.550	30.0
1869.166	226.0
1871.345	210.0
1872.885	230.0
1874.675	218.0
1875.215	234.0
1876.500	222.0
1876.851	162.0
1877.450	206.0
1880.587	138.0
1880.850	214.0
1884.818	142.0
1885.419	226.0
1887.232	106.0
1889.520	170.0
1891.480	234.0
1892.523	218.0
1894.442	214.0
1895.513	210.0
1895.539	222.0
1896.170	206.0
1901.926	170.0
1902.827	226.0
1906.916	142.0
1908.138	234.0
1908.506	206.0
1909.191	106.0
1910.144	162.0
1913.670	138.0
1916.875	62.0
1916.900	78.0
1917.088	210.0
1917.775	46.0
1920.195	214.0
1928.072	218.0
1929.242	234.0
1932.889	222.0
1933.500	142.0
1934.181	138.0
1934.366	170.0
1935.447	162.0
1936.959	106.0
1951.221	206.0
1951.643	214.0
1952.315	222.0
1954.446	210.0
1955.566	218.0
1956.115	162.0
1957.661	170.0
1957.926	106.0
1962.289	138.0
1965.025	102.0
1968.021	222.0
1968.986	142.0
1970.782	218.0
1972.089	210.0
1973.137	206.0
1975.195	214.0
1976.903	138.0
1981.859	162.0
1985.430	106.0
1986.538	170.0
1989.600	102.0
1991.819	218.0
1993.729	142.0
1997.190	206.0
1997.513	222.0
1998.417	210.0
1998.504	162.0
2002.431	214.0
2004.968	106.0
2011.176	142.0
2011.638	138.0
2013.525	170.0
2017.350	102.0
2021.618	218.0
2022.370	106.0
2022.586	206.0
2022.696	210.0
2029.838	222.0
2033.276	142.0
2033.728	138.0
2034.229	162.0
2035.575	214.0
2039.925	102.0
2041.677	206.0
2044.936	170.0
2048.747	218.0
