time	 cell
43.41428339286777	224.0
49.324257938833284	212.0
50.284971033956616	216.0
50.715901159781566	116.0
54.04861974152063	220.0
54.89988532991805	208.0
55.794656825594586	144.0
57.900000000104605	36.0
57.900000000104605	72.0
57.900000000104605	92.0
58.30696590341964	112.0
59.10000000010488	32.0
59.10000000010488	80.0
59.12500000010488	4.0
59.12500000010488	8.0
59.12500000010488	12.0
59.12500000010488	68.0
59.225000000104906	104.0
59.25000000010491	100.0
60.40000000010517	56.0
61.57500000010544	48.0
61.57500000010544	96.0
61.78806642033891	160.0
64.12500000010601	100.0
64.5939801597277	184.0
70.74443018717007	224.0
71.31861845910288	212.0
72.28681581217413	220.0
76.2183218843933	228.0
78.42909303121873	216.0
80.0887096602113	160.0
82.1593204808688	112.0
83.71427282044694	208.0
86.69163744617894	116.0
87.5637672022285	232.0
87.6592400769373	144.0
88.38938171331435	184.0
93.41428339286777	224.0
97.85294716342786	228.0
99.32425793883328	212.0
100.28497103395661	216.0
100.71590115978157	116.0
104.04861974152064	220.0
104.89988532991805	208.0
105.72500000011547	36.0
105.75000000011548	72.0
105.79465682559459	144.0
105.95000000011552	92.0
106.82500000011572	8.0
106.87500000011573	12.0
107.12500000011579	80.0
107.22500000011581	68.0
107.30000000011583	4.0
107.8680593426877	232.0
108.25000000011605	32.0
108.30696590341964	112.0
109.10000000011624	96.0
109.52500000011634	48.0
109.72500000011638	56.0
110.00000000011644	24.0
110.2250000001165	64.0
110.50000000011656	40.0
111.1500000001167	104.0
111.78806642033891	160.0
112.10000000011692	60.0
113.50850290121515	228.0
114.5939801597277	184.0
123.23161348972829	208.0
123.85866893118695	232.0
124.33442096122737	212.0
125.61064862805375	216.0
125.7116419067944	228.0
127.86791578629528	224.0
130.14733215374616	184.0
130.29457690101054	220.0
133.70127944632077	116.0
134.62953609803566	112.0
135.68051349592216	160.0
137.1562752124582	144.0
137.85000000011155	36.0
137.97500000011144	52.0
138.07500000011134	12.0
138.17500000011125	68.0
138.30000000011114	72.0
138.37500000011107	8.0
138.40000000011105	96.0
138.42500000011103	16.0
138.450000000111	56.0
138.47500000011098	40.0
138.65000000011082	92.0
138.6750000001108	80.0
138.72500000011075	48.0
138.82500000011066	4.0
138.97500000011053	84.0
139.02500000011048	24.0
139.07500000011044	32.0
139.20000000011032	20.0
139.75000000010982	28.0
139.80000000010978	76.0
140.80000000010887	88.0
141.02500000010866	64.0
142.10000000010768	104.0
143.9153058675536	212.0
145.0665376791934	224.0
145.7683201077342	232.0
147.9777421859113	220.0
148.61673696857196	216.0
152.7605946625847	208.0
155.96925015561126	228.0
156.65695850077242	184.0
158.18858710506282	112.0
162.61990935746107	160.0
165.23911807892173	116.0
167.040730014689	144.0
168.86925521571453	216.0
169.07724646690474	232.0
170.73197462128252	224.0
171.88341014500446	208.0
172.05000000008044	36.0
173.79398240059058	212.0
177.96178692546624	116.0
178.31852736872847	160.0
181.0724221342204	220.0
182.09413509267276	144.0
186.20000000006758	104.0
190.1965979423779	184.0
192.2933957766044	112.0
194.1303556854241	220.0
197.2531654068136	224.0
201.9506336894393	208.0
203.7125971950911	216.0
203.93017607089888	212.0
204.04230577542543	184.0
205.8341232535115	160.0
208.01071100956324	116.0
210.7578282370207	144.0
217.164487484625	112.0
217.74094824236462	208.0
218.28467019890232	224.0
221.4966266923217	220.0
224.2980437006175	216.0
228.29366529531143	144.0
232.53941017391585	212.0
236.12583490318957	160.0
236.5554942078008	112.0
239.65218839803114	116.0
240.02500000001862	100.0
241.01714356236687	184.0
242.49227906412418	224.0
250.80986587275976	216.0
251.37604999117175	112.0
251.56469721054506	220.0
253.5930155931798	208.0
254.24880076215683	144.0
256.8453477925652	212.0
259.84999086449216	184.0
261.3294600058697	116.0
264.8132608545496	160.0
266.3249999999947	100.0
268.21281115849007	208.0
270.43952467030437	216.0
271.2499999999902	104.0
271.55502330624586	220.0
276.5877315796603	184.0
277.315289370296	212.0
277.65190549863513	224.0
282.06237810469173	112.0
283.97670226778223	144.0
293.76814138320964	220.0
294.46364369761966	216.0
294.6215810171193	160.0
295.29999999996835	100.0
295.9084971773045	116.0
299.31205677432587	212.0
301.5172742888117	224.0
303.5315522968846	208.0
305.09233348102185	160.0
309.253010754362	144.0
312.0002991038486	112.0
312.3237249425454	184.0
315.39481745206473	116.0
317.82499999994786	100.0
323.6672089553194	216.0
326.2183218843933	228.0
327.2379641618828	224.0
327.8377975452521	208.0
328.4638211429199	212.0
329.01949025875194	184.0
329.0670121033772	220.0
332.78955617761324	112.0
336.3164072892956	116.0
337.5637672022285	232.0
338.1590325324636	160.0
340.7590963451344	144.0
341.6148125164011	220.0
342.8249999999251	36.0
343.89999999992415	68.0
344.1499999999239	52.0
345.0249999999231	12.0
345.0749999999231	56.0
345.82809969657626	208.0
345.8499999999224	32.0
348.5207067859076	116.0
349.5308910481417	212.0
349.98978734440476	216.0
350.1788114214749	232.0
350.92499999991776	104.0
352.2943471792283	112.0
352.4629277824137	224.0
355.0613700272128	184.0
357.7744732389214	228.0
361.574482088791	144.0
363.5888413731952	160.0
366.42117768182044	208.0
367.52499999990266	36.0
367.95864750812234	220.0
368.1623154966518	232.0
368.17499999990207	72.0
368.5999999999017	92.0
368.64999999990164	4.0
368.8999999999014	8.0
369.2499999999011	68.0
369.64999999990073	12.0
371.422761640359	228.0
371.62521539025636	224.0
372.5991992820846	216.0
377.6686012202258	144.0
378.46108465085166	112.0
382.6749999998889	104.0
382.68180632500906	232.0
384.53695540189545	116.0
384.8186069237409	212.0
386.6500844454855	184.0
390.74999999988154	36.0
395.5993043800971	212.0
396.2177213917349	160.0
396.999447495068	220.0
399.5663226009729	216.0
402.32764646290093	144.0
404.0271214774851	228.0
404.4607194558208	232.0
404.55751360958254	184.0
405.24387368736495	208.0
407.55312500914397	160.0
407.88649778767694	116.0
408.9086701274065	224.0
413.7224949095268	112.0
418.64452216696696	232.0
421.9880755327782	208.0
422.9902733407279	216.0
424.69805101853024	212.0
432.5078414744718	220.0
434.4271629408384	116.0
436.432161383689	112.0
437.71946337719965	144.0
438.10634720737426	224.0
438.1738887249	184.0
440.7263068863688	160.0
446.8040518992613	224.0
449.4614092538788	212.0
451.6428609770227	216.0
453.3236861289791	220.0
454.02073650225674	208.0
455.5906668530039	116.0
459.4767527010841	184.0
459.6566450255534	112.0
459.89969384904344	160.0
468.12499999981117	100.0
468.14923200843504	144.0
472.5289897768773	212.0
474.50191788601643	220.0
475.17914346191185	224.0
477.9273409831293	216.0
478.5511710505513	208.0
479.9113706558371	112.0
481.7038987037825	184.0
482.8435388104954	160.0
483.1050435267148	116.0
490.1815167702441	144.0
492.16017884333144	208.0
495.0499999997867	100.0
499.69851636947885	212.0
504.15376850623215	216.0
504.394480598102	112.0
504.4781027720489	224.0
507.6388570385712	220.0
510.57677054408964	144.0
511.8088577377109	184.0
513.4802662164509	160.0
514.7327824761045	116.0
517.7940389096246	224.0
519.4999999997985	100.0
524.0359099527719	220.0
525.3786988104866	216.0
525.6229992211889	160.0
529.3775498012749	144.0
531.3916951044702	212.0
534.6823245283856	208.0
536.7107497028785	184.0
539.5519959509786	112.0
543.6789199105245	224.0
543.7763315929616	116.0
546.1249999998954	100.0
548.7521136206286	208.0
549.683527672018	216.0
549.8724655368668	220.0
551.3319917686498	116.0
557.0254697889249	212.0
559.4634746697731	112.0
560.3631085190668	160.0
563.0140341458601	144.0
563.4067458507194	184.0
565.8746751717794	208.0
569.3499999999799	100.0
570.8677043506302	112.0
574.39705505957	212.0
576.2183218843933	228.0
577.9777311371629	224.0
581.0519755454666	184.0
581.4140812999814	220.0
582.0081429316429	216.0
586.1153849824692	144.0
586.1677635047372	160.0
586.6657822741058	116.0
587.5637672022285	232.0
596.3350306919315	216.0
599.6387479630141	228.0
600.498018026932	220.0
601.7574320286448	224.0
602.5561931020843	212.0
604.7351295690689	208.0
605.7730648438738	232.0
607.0907612928714	112.0
607.3665269982698	144.0
610.2253643933184	160.0
610.4750000001295	36.0
610.8000000001307	68.0
610.8250000001308	32.0
610.8500000001309	12.0
610.875000000131	72.0
610.875000000131	92.0
611.3500000001327	56.0
611.3750000001328	8.0
611.3750000001328	80.0
611.700000000134	4.0
611.7750000001342	84.0
611.8500000001345	40.0
611.8500000001345	52.0
611.8750000001346	96.0
612.1500000001356	24.0
612.4413450494208	184.0
612.4838760198778	228.0
612.8038442407259	116.0
612.8750000001382	48.0
612.9250000001384	16.0
613.6000000001409	88.0
613.6500000001411	60.0
614.450000000144	44.0
614.6500000001447	28.0
614.8750000001455	20.0
615.3000000001471	104.0
617.9000000001565	76.0
618.4751157341774	232.0
618.5605584184875	212.0
618.8940609806052	220.0
626.8326864765996	224.0
626.8700194481559	216.0
627.9165046696432	228.0
629.1363651317295	208.0
633.7582403192348	160.0
634.1052161988785	184.0
635.3307978690157	116.0
636.2913620556026	232.0
636.729309531746	112.0
639.1603461450288	144.0
646.0269465348533	220.0
648.5789943082113	232.0
649.7968362559982	112.0
650.9624814230529	208.0
653.0438759407854	144.0
653.926526025237	212.0
654.2435645103131	224.0
655.3024693603345	216.0
657.7011810425919	116.0
662.2136062341403	232.0
662.7602353877854	184.0
663.5250000003225	36.0
663.925000000324	56.0
663.9750000003241	68.0
664.2500000003251	32.0
664.3000000003253	92.0
664.3250000003254	72.0
664.6750000003267	12.0
664.7250000003269	40.0
664.8000000003271	8.0
664.8586144366834	160.0
665.0000000003279	80.0
665.2500000003288	96.0
665.2750000003289	52.0
665.4000000003293	4.0
665.5250000003298	48.0
666.125000000332	84.0
666.2250000003323	16.0
667.5500000003371	24.0
668.5750000003409	20.0
668.8250000003418	104.0
670.7385873812482	220.0
671.025146009729	208.0
673.0885729443964	224.0
675.7073610044359	212.0
677.9823670250769	112.0
678.0839912612606	216.0
681.5006057418652	116.0
687.7041753878938	144.0
687.9059264669121	184.0
691.0874209327288	160.0
695.9825290310094	184.0
698.8084001428482	224.0
699.0162377313939	160.0
699.0473748016536	208.0
700.0997603306079	220.0
700.6562677530524	216.0
701.6070467116549	212.0
710.0720589143086	144.0
717.2216955207399	116.0
717.8190538122124	112.0
720.4821888461832	216.0
721.033307182658	220.0
721.667397227645	208.0
725.3287743573175	212.0
728.1343500336191	116.0
730.0642045209642	144.0
731.6744896355563	224.0
733.5589705527656	160.0
734.2158673578824	184.0
737.0250000005899	100.0
738.3649233340228	112.0
745.1971993080743	208.0
745.3350505694618	184.0
746.25162781914	220.0
748.3298492045072	224.0
751.003094642784	216.0
751.3330377881348	212.0
752.4812134828777	116.0
758.4799546439582	144.0
759.2604948670883	112.0
760.4135536467027	160.0
764.3250000006892	100.0
765.9325730534829	212.0
768.8738851499804	224.0
774.7872832272506	220.0
775.3069896161866	216.0
776.4184778804104	208.0
781.1553948435015	144.0
781.4945571566444	116.0
785.3804159325747	112.0
786.5289326247282	160.0
788.0500000007755	100.0
788.8246336222013	208.0
792.1443547826716	184.0
793.5444772637267	216.0
796.126511863437	224.0
799.3537765934101	220.0
800.1596550049372	212.0
806.3031916521728	160.0
806.3144678263259	184.0
806.6450178929865	144.0
806.6933193987271	112.0
807.4329658068407	116.0
814.8250000008729	100.0
818.5745762332285	220.0
821.7500435424773	208.0
822.6898558470631	212.0
826.2183218843933	228.0
827.2506615202208	216.0
831.8184283325503	144.0
832.5616727252971	224.0
834.5511436164478	160.0
835.4177784352215	116.0
836.4497778687361	184.0
837.5637672022285	232.0
839.0890851991443	228.0
841.9390128219718	112.0
847.5187876554709	212.0
849.3288428346578	224.0
850.6138403054113	144.0
850.8548678819443	208.0
851.6431092170867	228.0
851.7412819430725	232.0
852.1536553106025	216.0
858.3859901383023	116.0
858.5250000010319	36.0
858.5250000010319	68.0
858.550000001032	32.0
858.7750000010328	12.0
858.825000001033	40.0
858.8750000010332	56.0
859.1500000010342	96.0
859.3500000010349	48.0
859.375000001035	52.0
859.375000001035	84.0
859.4500000010353	8.0
859.4500000010353	72.0
859.4500000010353	92.0
859.5250000010356	4.0
859.7500000010364	16.0
859.9500000010371	80.0
860.0672323561832	220.0
860.5750000010394	20.0
860.7571674384542	160.0
860.7750000010401	88.0
860.8250000010403	60.0
860.9593994148854	184.0
861.4500000010426	24.0
862.1000000010449	64.0
862.4283504405248	112.0
862.8000000010475	28.0
863.1250000010486	104.0
864.3500000010531	76.0
866.2525549159132	232.0
867.0161472512626	228.0
872.7420288193238	220.0
874.0702382799799	212.0
877.541340448839	224.0
879.8577595070637	228.0
881.4098298961408	160.0
881.5873532592004	144.0
881.9729657796576	216.0
884.7062932998765	208.0
887.4428504348209	184.0
887.5185207209447	112.0
888.3292188894848	116.0
889.8250000011458	36.0
889.9500000011462	56.0
890.2250000011472	68.0
890.3000000011475	32.0
890.3250000011476	12.0
890.4750000011481	40.0
890.5500000011484	16.0
890.5500000011484	72.0
890.5750000011485	96.0
890.6250000011487	52.0
890.6500000011488	92.0
890.7500000011491	48.0
890.8000000011493	80.0
890.8250000011494	8.0
891.275000001151	20.0
891.3250000011512	84.0
891.3500000011513	24.0
891.4500000011517	4.0
891.9500000011535	60.0
892.1955664650998	220.0
893.16530263235	208.0
893.8762437035765	216.0
894.4250000011625	104.0
895.9278167375023	212.0
896.5241572278164	232.0
899.8547714169357	228.0
906.5910168468015	224.0
907.1567227079604	116.0
907.4319436689362	144.0
910.1397521908236	112.0
910.4067988949765	160.0
912.6916169444736	184.0
915.3000000012385	36.0
915.6750000012398	68.0
915.7500000012401	72.0
915.7750000012402	12.0
915.8750000012406	56.0
915.8750000012406	92.0
916.1000000012414	8.0
916.275000001242	52.0
916.5000000012428	32.0
916.7000000012436	16.0
916.8000000012439	96.0
917.0000000012446	80.0
919.7584524035855	208.0
921.1250000012597	104.0
923.132271473584	216.0
923.5656049174353	220.0
925.7965340514415	212.0
928.1714606633168	224.0
929.6526139225595	184.0
931.9112750960167	144.0
932.4986091969845	116.0
936.4391483613427	160.0
941.9683017946393	112.0
942.2357936008502	208.0
947.4197160334847	224.0
948.5818242563969	212.0
949.1785415958759	216.0
949.9781856323071	112.0
950.8636347539252	220.0
955.4518023897157	184.0
957.2272504268251	160.0
957.904248280814	144.0
964.2754673294423	116.0
969.0440358680912	224.0
971.1990153303452	220.0
973.5741223277838	212.0
975.5757560753871	216.0
976.4684046777039	208.0
979.7545454429768	160.0
981.7535769295271	184.0
982.3519664236437	116.0
988.9000000015062	100.0
989.2378374265838	144.0
994.2886503229397	112.0
995.053157626576	220.0
999.1623990627786	184.0
1002.0832745549188	216.0
1005.1466357540771	212.0
1006.7128755261311	112.0
1010.7315590352644	224.0
1011.0749635430905	208.0
1014.0819372285209	160.0
1017.6636581802999	144.0
1018.9563736721658	208.0
1019.3164418820692	116.0
1019.7500000016184	100.0
1022.0190517699361	212.0
1023.2335641523078	220.0
1025.261384993518	144.0
1026.5663413304812	160.0
1028.692136469101	184.0
1028.9588641374442	216.0
1029.874168955152	116.0
1030.2009686328029	224.0
1033.1773637412923	112.0
1042.5750000017015	100.0
1048.463082366072	220.0
1048.9544807872446	212.0
1049.2529590107495	224.0
1049.6875830041304	208.0
1050.7021715703372	216.0
1055.7686123322799	112.0
1057.0690473898444	144.0
1057.0694982213354	116.0
1059.2041853412172	184.0
1063.935612332606	212.0
1064.1287216461585	160.0
1064.815415169011	208.0
1067.1000000017907	100.0
1067.667058881923	224.0
1069.2489716430287	220.0
1073.1478081890216	216.0
1076.2183218843934	228.0
1078.1243284645195	184.0
1079.4100758057737	144.0
1081.8100617104124	112.0
1083.2993349400822	116.0
1084.5518858724108	160.0
1087.5637672022285	232.0
1088.7750000018696	36.0
1089.2750000018714	12.0
1089.2750000018714	68.0
1089.725000001873	52.0
1090.3250000018752	72.0
1090.3750000018754	56.0
1091.0500000018778	92.0
1091.925000001881	96.0
1093.9538903377195	208.0
1093.9855891819627	228.0
1096.4250000018974	104.0
1099.1090779409678	212.0
1103.1908250264232	224.0
1103.2023771622564	220.0
1104.6712866489286	112.0
1105.0079064485017	232.0
1107.5410702538736	144.0
1107.5983484834812	228.0
1111.0057089687498	216.0
1111.0143796086872	116.0
1115.2535992486976	160.0
1116.3000000019697	36.0
1116.3500000019699	32.0
1116.40000000197	68.0
1116.650000001971	40.0
1116.8250000019716	12.0
1117.0000000019722	56.0
1117.0184523507394	232.0
1117.0250000019723	8.0
1117.1500000019728	52.0
1117.3000000019733	96.0
1117.3500000019735	84.0
1117.3938996779143	184.0
1117.475000001974	48.0
1117.475000001974	80.0
1117.750000001975	92.0
1117.775000001975	72.0
1118.0000000019759	16.0
1118.025000001976	4.0
1120.3542314475555	208.0
1121.7500000019895	104.0
1122.2846954953197	228.0
1126.5861664097538	216.0
1127.2387057663088	212.0
1128.999604122689	220.0
1129.476485724189	224.0
1131.425822490346	112.0
1135.0282174251975	232.0
1135.1263750877415	144.0
1135.7242141067575	228.0
1138.632953037159	160.0
1139.1191066306812	184.0
1140.3119746327836	116.0
1146.891091488628	212.0
1148.013914450095	224.0
1153.7072715951972	220.0
1154.4964486179308	216.0
1155.253504739666	208.0
1156.385105530392	232.0
1158.6785470275645	116.0
1162.3143757931946	144.0
1164.4596616643278	112.0
1164.4946168107813	216.0
1164.8340562151257	184.0
1167.6500000021565	36.0
1168.2000000021585	68.0
1168.2066811176126	160.0
1168.7500000021605	72.0
1168.8500000021609	32.0
1168.875000002161	56.0
1169.0000000021614	12.0
1169.8750000021646	92.0
1173.0910952402585	116.0
1174.3488025292145	212.0
1174.675000002182	104.0
1175.2961128552026	220.0
1176.9681406724021	144.0
1179.4222651660384	112.0
1181.876357683736	184.0
1182.9079332650806	208.0
1183.1677948909332	160.0
1184.5968415280663	224.0
1192.0935773106817	220.0
1201.1494701143931	216.0
1201.2894661732032	208.0
1201.7988545450905	224.0
1203.528267452119	116.0
1204.298102825549	212.0
1207.5282887630087	160.0
1209.5560787478003	184.0
1209.7006286067005	144.0
1211.0893155189285	112.0
1214.7105733047017	212.0
1217.3863270195443	208.0
1218.6554393245565	220.0
1218.925000002343	100.0
1220.2356446798415	224.0
1222.4827072199967	216.0
1228.2452510900398	144.0
1230.4921672549544	116.0
1231.5277046897447	112.0
1235.558052551019	160.0
1236.1258279165877	184.0
1244.175000002435	100.0
1246.669409407609	216.0
1246.9078143536403	220.0
1248.6098755306618	208.0
1249.2913987449901	112.0
1249.4224952112972	224.0
1254.5722897254693	212.0
1257.3866177244927	184.0
1261.8300076139826	160.0
1263.756251134271	116.0
1267.0750000025182	100.0
1267.3034960372786	144.0
1271.2565919823853	220.0
1273.2712780240429	184.0
1273.5460048519474	208.0
1275.5582994745848	224.0
1277.3524511569826	216.0
1278.5095692737518	212.0
1284.4696356699749	144.0
1284.8406360370273	160.0
1285.3357976224986	112.0
1291.0027349056777	224.0
1291.4500000026069	100.0
1294.8213191699529	116.0
1295.300109624483	220.0
1300.9385230688224	216.0
1301.9384802114987	208.0
1302.762727062089	112.0
1306.1581953760383	212.0
1306.2749154164376	144.0
1306.9531342730022	160.0
1309.9022890521326	116.0
1310.5660592028332	184.0
1314.875000002692	100.0
1320.8851098544494	224.0
1325.781545110015	216.0
1326.2183218843934	228.0
1326.656277701847	212.0
1327.4758455634324	160.0
1329.8816684770445	208.0
1332.3383080172032	220.0
1332.7639772771113	116.0
1333.975134667254	144.0
1337.5637672022285	232.0
1338.2894674070187	228.0
1340.5766965570476	216.0
1340.8264142878957	212.0
1342.1642097585886	184.0
1344.9057552171298	208.0
1345.1011335724006	112.0
1348.3613144902781	224.0
1351.1456604083114	232.0
1352.4851743235859	220.0
1353.6907349142618	144.0
1354.080450510071	228.0
1355.152820693719	184.0
1356.7468469180433	116.0
1358.224119831082	112.0
1361.575000002862	36.0
1361.6750000028624	12.0
1361.9500000028634	40.0
1362.0250000028636	8.0
1362.0250000028636	32.0
1362.0250000028636	68.0
1362.0250000028636	72.0
1362.0250000028636	80.0
1362.0250000028636	96.0
1362.150000002864	56.0
1362.1750000028642	52.0
1362.375000002865	92.0
1362.5250000028655	48.0
1362.6250000028658	24.0
1362.650000002866	84.0
1362.7750000028664	16.0
1362.8500000028666	4.0
1362.925000002867	20.0
1363.5862276358966	160.0
1363.75000000287	60.0
1363.8750000028704	76.0
1364.7250000028735	28.0
1365.0500000028746	64.0
1365.3250000028756	88.0
1365.3750000028758	44.0
1365.8500000028776	104.0
1366.6237378229137	232.0
1371.6548869742223	212.0
1376.371786288103	220.0
1378.1114588018454	228.0
1379.4535793072157	216.0
1379.4975277362157	224.0
1382.3457633461614	116.0
1386.0803250342433	208.0
1386.6935676732783	144.0
1388.078124724435	184.0
1389.7570449867214	112.0
1391.525000002971	36.0
1391.6503538318204	160.0
1392.0000000029727	72.0
1392.075000002973	12.0
1392.075000002973	56.0
1392.5000000029745	92.0
1392.650000002975	68.0
1392.650000002975	80.0
1392.6750000029751	8.0
1392.925000002976	96.0
1393.3000000029774	16.0
1393.7000000029789	40.0
1394.0750000029802	32.0
1394.275000002981	24.0
1394.385646937387	228.0
1394.6000000029821	48.0
1397.5000000029927	104.0
1398.3968486556062	208.0
1398.7087375616059	216.0
1400.9312911467312	220.0
1400.9946358476275	212.0
1401.6729663561314	224.0
1402.9327757531817	160.0
1408.2567538997803	232.0
1411.0548403947266	112.0
1412.1740311419587	116.0
1413.3888949280924	184.0
1415.1427653525336	144.0
1418.58946339076	208.0
1419.1500000030715	36.0
1419.4250000030725	12.0
1422.7536513248524	220.0
1423.850048302827	216.0
1426.9835168533518	224.0
1428.1968084621458	212.0
1432.5714288969493	112.0
1433.8151867372233	144.0
1434.8523996889671	184.0
1437.746888353274	116.0
1441.382115684729	212.0
1442.882574279183	160.0
1452.2927012457164	208.0
1454.232223301311	144.0
1454.5196685911455	224.0
1455.2747592110024	216.0
1455.3503481064201	184.0
1457.9889208355912	220.0
1461.7830239305695	160.0
1462.7349187036532	116.0
1465.1955387496669	112.0
1466.1214902824102	220.0
1469.2250000032536	100.0
1472.6106248645594	216.0
1478.637301049218	224.0
1479.929850530709	116.0
1481.123075376344	144.0
1481.4673136408562	212.0
1481.7328591975129	208.0
1486.9135176553905	160.0
1487.384636046448	184.0
1489.8539528187723	112.0
1491.8574940231624	220.0
1495.1288306929916	224.0
1495.252930226416	212.0
1495.2750000033484	100.0
1498.532781835679	216.0
1502.9718695201775	112.0
1503.2966729792286	160.0
1508.5132219528998	208.0
1509.1819295916298	116.0
1511.317291881397	144.0
1514.7536616011141	184.0
1521.2000000034427	100.0
1521.3325067956746	212.0
1525.918988755052	220.0
1526.1361177823924	224.0
1526.2002250815772	208.0
1527.196894332301	184.0
1530.0970260901593	216.0
1531.2391484721074	112.0
1536.7175635696083	160.0
1537.1587499387815	116.0
1542.6066104152883	144.0
1544.7972058569712	216.0
1545.3750000035307	100.0
1545.7187375089002	224.0
1546.1558793138831	212.0
1548.3399097615243	208.0
1550.0074852235605	112.0
1552.9859691983252	220.0
1555.0139634137347	144.0
1555.1572612723762	184.0
1558.7262825926089	160.0
1565.92003906992	116.0
1571.325000003625	100.0
1575.239102373601	112.0
1575.4757039119231	220.0
1575.692725996319	224.0
1576.2183218843934	228.0
1576.4177514172325	212.0
1578.811900723714	216.0
1581.5833317112354	208.0
1582.4654804291408	160.0
1583.3682280579005	116.0
1587.5637672022285	232.0
1588.2546007063906	144.0
1591.2445144808858	228.0
1594.195677847004	220.0
1594.4350652729695	184.0
1595.9530700315195	216.0
1598.77450098778	208.0
1600.4843284751132	212.0
1600.8348309613016	112.0
1603.95872636239	116.0
1604.8797028450558	224.0
1606.3643407239238	160.0
1607.3677878586998	232.0
1608.7304518795067	228.0
1610.9469782566532	184.0
1611.8381399043974	144.0
1611.9500000037729	36.0
1612.525000003775	32.0
1612.550000003775	40.0
1612.6250000037753	68.0
1612.6500000037754	72.0
1612.6500000037754	80.0
1612.6750000037755	52.0
1612.6750000037755	56.0
1612.7500000037758	92.0
1613.1250000037771	12.0
1613.1250000037771	96.0
1613.1500000037772	48.0
1613.3000000037778	20.0
1613.3250000037779	16.0
1613.4000000037781	8.0
1613.4750000037784	84.0
1613.9750000037802	4.0
1614.2500000037812	24.0
1614.5000000037821	60.0
1615.550000003786	64.0
1615.6250000037862	76.0
1615.7500000037867	28.0
1616.65000000379	88.0
1616.8500000037907	104.0
1620.577120464444	216.0
1623.420043943753	220.0
1625.311341481385	184.0
1625.5440975419326	208.0
1625.9122815385556	232.0
1626.66062525365	224.0
1626.7761926626538	228.0
1628.0733507817042	112.0
1629.773288928118	212.0
1632.2254456349735	144.0
1633.772602403387	160.0
1636.8244771487657	116.0
1640.7000000038774	12.0
1640.7750000038777	36.0
1640.9250000038783	68.0
1641.6343154990095	208.0
1641.9854557141518	228.0
1647.8012228681957	220.0
1649.2352417523334	216.0
1649.5573660750836	232.0
1649.8909053193877	224.0
1655.2457897788022	160.0
1655.8957397794074	212.0
1656.0542846600326	112.0
1659.2093316730734	144.0
1662.4911627163196	232.0
1664.009155209573	184.0
1664.8268176487572	116.0
1666.8750000039727	36.0
1667.6750000039756	72.0
1668.2000000039775	92.0
1668.5000000039786	68.0
1668.5750000039789	52.0
1669.0000000039804	8.0
1669.3500000039817	12.0
1669.8506145993117	224.0
1671.271981065723	208.0
1671.5131717788001	216.0
1674.375000004	104.0
1675.882611449152	212.0
1677.032708717492	184.0
1678.3310603434516	112.0
1678.6800976970426	220.0
1678.9993915267373	160.0
1681.3496002345091	144.0
1682.298982933161	116.0
1694.0988824274589	220.0
1694.6043293008122	216.0
1695.6577122729002	224.0
1698.6793638042957	116.0
1701.4898750575603	212.0
1707.2113235556421	208.0
1710.0694010246314	112.0
1711.2717954336256	184.0
1711.6499950793834	144.0
1714.215402544425	160.0
1719.1774780124636	224.0
1724.7500000041832	100.0
1725.1576974832205	212.0
1725.1849868729962	216.0
1725.467732620944	184.0
1727.6154977244305	220.0
1732.7027327919702	208.0
1736.4019578087086	116.0
1736.9446685765156	160.0
1738.2665574621176	144.0
1740.8826564996555	112.0
1741.8284510962	224.0
1744.3857125846725	216.0
1750.4500000042767	100.0
1750.7471616097318	116.0
1751.7745203378215	220.0
1754.1078568029993	208.0
1754.6396636703973	212.0
1755.3390947458902	160.0
1756.7799074262946	144.0
1759.738911428941	184.0
1763.4976917167637	112.0
1768.5024317856673	208.0
1774.2664570819172	212.0
1774.3019909037157	160.0
1776.3650968633135	224.0
1776.4204466522563	220.0
1776.6579301205643	112.0
1777.5750000043754	100.0
1778.5153532810466	216.0
1779.043869068618	144.0
1784.2263254603301	116.0
1787.8860949022517	184.0
1793.666269422866	212.0
1795.591089845796	220.0
1796.5858326850798	208.0
1797.751645375702	216.0
1803.6500000044703	100.0
1804.9481283527375	184.0
1807.0720082943694	224.0
1807.8871792535256	116.0
1808.8939472603793	144.0
1810.1364079050593	160.0
1811.794341325264	112.0
1820.9725870342963	224.0
1821.7825657947965	208.0
1825.340175267939	220.0
1825.3914651103064	184.0
1826.2183218843934	228.0
1827.2370744222178	116.0
1827.9736263431435	160.0
1830.8108556698626	216.0
1833.6354037986187	112.0
1834.6961948512674	144.0
1835.8555456742827	212.0
1836.6250000045902	12.0
1836.6250000045902	36.0
1836.8000000045909	68.0
1836.9000000045912	40.0
1836.9250000045913	96.0
1837.0000000045916	8.0
1837.0000000045916	72.0
1837.125000004592	32.0
1837.2000000045923	52.0
1837.2000000045923	92.0
1837.3000000045927	48.0
1837.4750000045933	84.0
1837.5637672022285	232.0
1837.8750000045948	80.0
1838.0000000045952	4.0
1838.1750000045959	56.0
1838.6000000045974	16.0
1838.8000000045981	20.0
1839.0000000045989	60.0
1839.575000004601	24.0
1840.190743515664	212.0
1841.250000004607	104.0
1842.9992969027164	228.0
1848.4991429852873	220.0
1850.6103787298093	160.0
1851.346276507158	232.0
1852.6554791784604	112.0
1855.2816945125478	208.0
1855.3838604474493	216.0
1856.7885688142624	116.0
1860.6420231893833	144.0
1862.9053608017778	224.0
1863.8774009882234	228.0
1863.9750000046897	36.0
1864.07500000469	68.0
1864.2394303924682	184.0
1864.300000004691	56.0
1864.7750000046926	12.0
1864.875000004693	32.0
1865.125000004694	40.0
1866.1500000046976	92.0
1866.1750000046977	72.0
1866.4750000046988	52.0
1866.525000004699	96.0
1866.6306413245336	232.0
1866.6500000046995	80.0
1867.650000004703	16.0
1867.94426727961	212.0
1870.7000000047142	104.0
1871.1825750206642	220.0
1872.7916489220818	208.0
1874.411998056808	224.0
1878.6831931036481	216.0
1878.9111519027533	160.0
1880.124219049966	116.0
1883.5746680270163	144.0
1884.7067526084977	232.0
1889.6480488656582	228.0
1890.181369543768	184.0
1890.763570176663	112.0
1893.1934395066062	212.0
1893.697003497245	224.0
1895.8461014924762	208.0
1899.4793448541016	216.0
1900.844330074216	220.0
1902.3740662579758	184.0
1906.4131358978675	160.0
1906.4229822107843	228.0
1908.0344868445195	112.0
1914.0196904091647	116.0
1916.5227819057627	144.0
1917.690790119481	212.0
1918.0743347003026	232.0
1924.852941406774	224.0
1925.0435819649133	208.0
1926.136442361147	220.0
1928.4574829926867	216.0
1931.777519649894	116.0
1932.9979896994882	184.0
1933.220598431242	160.0
1936.4532921762973	144.0
1938.6948106606858	112.0
1944.9342730964745	216.0
1946.0350571904091	224.0
1946.973625119147	212.0
1948.09531478156	220.0
1952.514929885563	208.0
1953.22695841739	184.0
1956.6938399092305	112.0
1957.241469203157	144.0
1958.2417730519214	116.0
1959.7883615840776	160.0
1972.4535535415596	112.0
1975.0311771685824	208.0
1976.765329897145	220.0
1976.972363117845	224.0
1977.3958383578247	216.0
1979.3761789461053	144.0
1982.094773451753	160.0
1982.587450857945	184.0
1983.5964201680504	212.0
1986.8500000051367	100.0
1991.5904572472418	116.0
1992.1845049189865	224.0
1996.582862904501	212.0
1999.4148518060535	220.0
1999.6458436857165	216.0
2000.454886830859	208.0
2006.1861312527521	144.0
2010.426187999378	184.0
2011.8601103507904	160.0
2013.4271068035118	116.0
2015.5855601796086	112.0
2016.8572337700734	212.0
2019.5336412847805	208.0
2020.1250000052578	100.0
2021.31094919342	220.0
2027.984255780047	216.0
2030.0103427510192	224.0
2030.067938944259	184.0
2030.810540976807	116.0
2031.0274115799082	144.0
2032.0041143832389	160.0
2035.2801942730666	112.0
2040.0012890461342	224.0
2040.800000005333	100.0
2046.5061749014342	216.0
45.558	221.0
47.368	213.0
48.638	205.0
50.916	209.0
51.762	217.0
57.900	5.0
57.900	9.0
57.900	73.0
57.900	77.0
57.900	97.0
58.135	189.0
59.100	21.0
59.100	25.0
59.100	49.0
59.100	81.0
59.100	89.0
59.125	57.0
59.125	65.0
59.250	101.0
59.827	201.0
60.400	69.0
60.400	85.0
60.400	93.0
60.450	37.0
62.281	177.0
63.211	113.0
64.125	101.0
64.953	173.0
67.047	197.0
68.894	141.0
73.037	225.0
74.214	209.0
74.761	141.0
77.196	205.0
77.276	229.0
79.081	113.0
79.677	221.0
80.219	217.0
80.709	213.0
81.644	189.0
84.235	233.0
84.704	201.0
87.280	173.0
88.766	225.0
93.372	177.0
93.960	197.0
95.558	221.0
97.368	213.0
97.552	229.0
98.638	205.0
100.916	209.0
101.762	217.0
105.750	73.0
105.750	77.0
105.900	97.0
105.950	5.0
105.975	9.0
106.508	225.0
106.518	233.0
106.800	49.0
106.800	81.0
106.850	65.0
106.875	21.0
107.400	57.0
108.100	89.0
108.135	189.0
108.325	25.0
109.425	93.0
109.827	201.0
109.850	85.0
109.875	69.0
109.900	37.0
112.281	177.0
112.600	1.0
113.211	113.0
114.953	173.0
117.047	197.0
117.389	229.0
117.681	205.0
118.894	141.0
120.589	221.0
121.207	141.0
121.462	225.0
121.542	233.0
125.985	209.0
126.904	201.0
130.707	213.0
130.809	229.0
131.486	177.0
134.137	197.0
134.400	113.0
135.224	189.0
135.840	217.0
136.675	225.0
138.075	65.0
138.175	49.0
138.250	77.0
138.300	73.0
138.300	97.0
138.325	17.0
138.525	9.0
138.598	173.0
138.625	33.0
138.650	5.0
138.675	81.0
138.725	1.0
138.800	21.0
138.825	57.0
138.950	29.0
138.975	53.0
139.025	89.0
139.075	41.0
139.150	45.0
139.200	37.0
139.300	25.0
139.350	13.0
140.810	233.0
140.975	69.0
141.250	93.0
141.425	61.0
146.656	205.0
147.259	197.0
149.271	209.0
150.374	229.0
154.847	233.0
154.922	141.0
155.901	217.0
156.350	213.0
156.879	173.0
158.210	221.0
163.123	201.0
166.891	177.0
167.869	189.0
168.817	205.0
170.204	113.0
172.400	77.0
172.850	97.0
173.025	9.0
175.199	213.0
176.533	221.0
177.659	173.0
180.803	201.0
181.017	189.0
181.075	177.0
181.827	197.0
182.575	209.0
184.799	217.0
185.334	141.0
185.560	113.0
196.305	213.0
196.680	217.0
199.660	209.0
199.835	205.0
200.616	201.0
204.490	221.0
206.022	189.0
206.798	173.0
207.257	197.0
208.674	177.0
209.360	141.0
220.276	113.0
222.826	217.0
223.777	209.0
224.012	213.0
224.929	205.0
228.940	197.0
229.166	201.0
232.490	113.0
232.979	173.0
233.008	221.0
233.980	141.0
235.054	189.0
236.590	177.0
240.025	101.0
243.978	221.0
249.325	209.0
253.941	141.0
254.086	197.0
254.496	205.0
255.040	177.0
256.562	217.0
257.911	213.0
261.252	201.0
261.544	189.0
261.585	113.0
261.776	173.0
264.660	209.0
266.325	101.0
268.298	213.0
270.666	217.0
273.866	221.0
275.121	173.0
275.761	177.0
280.754	113.0
280.786	197.0
282.931	189.0
285.686	205.0
288.774	201.0
294.279	141.0
295.300	101.0
296.305	217.0
296.670	201.0
299.817	205.0
300.369	221.0
300.572	209.0
301.517	213.0
305.076	189.0
306.414	177.0
309.987	173.0
312.638	197.0
314.331	113.0
316.166	141.0
317.825	101.0
320.879	209.0
323.037	225.0
324.134	201.0
325.495	217.0
327.081	213.0
327.276	229.0
328.032	221.0
328.983	141.0
329.065	177.0
329.231	205.0
329.628	197.0
334.235	233.0
336.450	113.0
336.689	173.0
336.890	189.0
343.775	49.0
344.050	97.0
344.080	225.0
344.800	9.0
345.025	65.0
345.850	25.0
346.912	213.0
346.922	209.0
348.151	221.0
349.040	233.0
349.425	229.0
349.951	217.0
354.763	189.0
356.057	205.0
356.659	197.0
358.577	177.0
358.917	173.0
363.150	201.0
363.220	113.0
366.193	213.0
367.875	49.0
368.175	73.0
368.600	5.0
368.732	229.0
368.875	81.0
369.275	9.0
369.650	65.0
369.850	97.0
369.927	217.0
372.375	197.0
374.287	141.0
375.253	225.0
377.125	205.0
381.206	209.0
381.469	221.0
382.295	201.0
382.296	141.0
382.478	177.0
384.546	173.0
384.863	113.0
393.005	213.0
393.649	229.0
393.734	233.0
394.613	189.0
396.532	217.0
397.061	225.0
398.422	209.0
401.879	205.0
405.694	197.0
406.071	221.0
406.241	229.0
406.452	141.0
407.258	113.0
412.906	177.0
412.932	189.0
415.352	173.0
415.998	233.0
420.490	201.0
420.702	221.0
421.535	217.0
424.993	209.0
425.271	213.0
429.983	205.0
430.189	189.0
432.454	173.0
433.107	177.0
433.161	197.0
436.214	201.0
436.863	141.0
442.713	221.0
446.124	113.0
446.782	213.0
449.683	205.0
451.119	113.0
451.490	209.0
454.185	217.0
457.130	177.0
457.201	173.0
457.922	141.0
458.233	189.0
461.334	201.0
463.014	209.0
467.048	217.0
467.647	197.0
468.125	101.0
470.757	205.0
472.937	213.0
477.438	113.0
477.948	221.0
479.993	173.0
481.183	177.0
482.861	197.0
483.845	201.0
484.957	141.0
490.474	189.0
494.592	213.0
495.050	101.0
495.659	209.0
497.650	217.0
502.869	205.0
504.466	141.0
505.573	201.0
506.571	221.0
507.950	173.0
509.388	177.0
510.931	197.0
511.984	113.0
512.734	217.0
515.965	189.0
519.500	101.0
521.758	221.0
523.869	197.0
526.160	177.0
527.426	205.0
527.734	209.0
528.200	213.0
529.120	141.0
529.944	113.0
531.567	173.0
535.721	189.0
544.655	221.0
546.049	217.0
546.125	101.0
546.130	201.0
549.293	209.0
552.015	205.0
552.405	113.0
555.103	213.0
556.119	197.0
558.799	141.0
560.205	189.0
560.611	177.0
563.791	213.0
564.495	201.0
567.951	173.0
569.350	101.0
570.549	205.0
573.037	225.0
575.308	209.0
576.279	221.0
577.276	229.0
577.541	217.0
580.152	177.0
580.513	173.0
583.255	189.0
584.235	233.0
584.331	113.0
584.342	201.0
585.738	141.0
586.439	197.0
589.271	225.0
590.954	213.0
593.643	209.0
596.474	221.0
599.212	205.0
603.432	225.0
603.736	141.0
603.816	217.0
605.971	201.0
606.667	229.0
609.195	173.0
610.475	77.0
610.650	9.0
610.850	21.0
610.850	49.0
610.850	65.0
610.850	97.0
610.875	5.0
610.875	73.0
611.056	113.0
611.325	25.0
611.875	89.0
611.900	81.0
612.050	37.0
612.539	189.0
612.600	17.0
612.625	69.0
612.650	57.0
612.900	41.0
613.375	93.0
613.536	197.0
613.575	45.0
613.950	1.0
614.250	29.0
614.700	33.0
614.875	13.0
615.075	53.0
615.425	61.0
615.559	225.0
616.919	177.0
620.428	233.0
624.717	197.0
624.963	229.0
626.927	217.0
626.938	209.0
627.683	221.0
628.484	113.0
628.507	201.0
629.700	225.0
629.783	189.0
629.981	213.0
630.115	141.0
630.296	173.0
630.847	205.0
633.013	233.0
633.122	177.0
643.658	225.0
646.381	209.0
648.489	197.0
648.662	229.0
649.993	213.0
650.147	205.0
651.773	221.0
652.499	217.0
654.592	113.0
654.838	233.0
654.997	141.0
656.161	225.0
656.952	173.0
661.402	177.0
662.435	201.0
663.550	49.0
663.775	97.0
664.250	25.0
664.300	5.0
664.325	9.0
664.325	73.0
664.675	65.0
664.950	77.0
665.050	89.0
665.075	81.0
665.200	21.0
665.375	1.0
665.525	37.0
665.550	57.0
666.175	69.0
666.275	33.0
667.850	17.0
668.750	29.0
670.300	209.0
670.465	189.0
672.130	221.0
673.664	217.0
676.292	141.0
677.886	197.0
678.613	213.0
678.649	201.0
679.570	189.0
682.515	205.0
685.726	113.0
686.242	177.0
696.617	209.0
697.066	173.0
700.842	217.0
700.938	213.0
702.763	205.0
702.985	221.0
706.713	113.0
707.255	141.0
711.266	201.0
713.322	177.0
714.735	189.0
715.343	197.0
720.440	173.0
721.353	213.0
722.578	205.0
725.914	217.0
726.572	221.0
727.288	173.0
730.025	141.0
730.429	177.0
731.103	201.0
732.001	209.0
737.025	101.0
737.234	197.0
737.521	189.0
738.556	113.0
750.275	205.0
750.961	217.0
751.353	221.0
752.909	209.0
754.472	213.0
756.401	197.0
756.637	189.0
757.827	173.0
759.319	177.0
763.649	113.0
764.325	101.0
764.400	141.0
766.916	201.0
772.761	213.0
773.708	205.0
774.110	221.0
775.211	209.0
776.649	177.0
777.105	217.0
778.680	189.0
784.886	173.0
784.966	141.0
784.976	113.0
786.971	197.0
788.050	101.0
790.914	201.0
793.123	221.0
801.092	113.0
803.158	141.0
805.545	217.0
806.472	213.0
807.497	205.0
807.618	177.0
808.653	173.0
809.803	189.0
811.137	209.0
812.435	205.0
814.825	101.0
815.457	197.0
818.584	201.0
822.774	209.0
822.933	217.0
822.973	213.0
823.037	225.0
825.576	221.0
827.276	229.0
830.145	177.0
833.066	201.0
834.235	233.0
835.441	189.0
835.580	197.0
835.678	225.0
836.290	113.0
836.309	173.0
43.291	206.0
49.791	218.0
49.853	210.0
51.174	162.0
51.402	198.0
52.253	222.0
52.581	214.0
54.317	178.0
57.900	6.0
57.900	98.0
58.450	82.0
59.100	18.0
59.100	38.0
59.100	54.0
59.100	58.0
59.125	14.0
59.125	30.0
59.125	66.0
59.475	26.0
59.475	90.0
60.375	74.0
60.400	46.0
60.400	94.0
60.450	34.0
60.550	102.0
62.665	154.0
64.540	166.0
66.056	206.0
66.325	102.0
71.347	230.0
71.426	226.0
71.972	214.0
74.518	162.0
77.197	210.0
78.643	154.0
82.122	222.0
82.648	198.0
83.321	166.0
86.540	218.0
88.303	230.0
89.564	226.0
93.291	206.0
95.114	178.0
99.791	218.0
99.853	210.0
101.174	162.0
101.402	198.0
102.253	222.0
102.581	214.0
103.768	234.0
104.317	178.0
105.725	6.0
105.775	98.0
106.725	14.0
106.850	18.0
106.850	82.0
106.875	38.0
107.275	30.0
108.050	58.0
108.100	66.0
108.275	54.0
108.300	90.0
108.350	26.0
109.000	86.0
109.800	74.0
109.850	34.0
109.850	46.0
110.225	94.0
112.665	154.0
114.540	166.0
117.684	230.0
120.799	234.0
123.335	218.0
123.630	206.0
124.134	210.0
125.028	226.0
125.101	222.0
126.621	214.0
127.063	166.0
132.792	162.0
133.720	234.0
135.662	198.0
137.825	6.0
138.025	98.0
138.050	14.0
138.075	26.0
138.300	90.0
138.325	66.0
138.350	18.0
138.350	38.0
138.375	30.0
138.400	50.0
138.500	34.0
138.600	82.0
138.625	58.0
138.650	94.0
138.812	154.0
138.850	2.0
139.150	74.0
139.225	22.0
139.321	178.0
139.425	86.0
139.525	54.0
139.575	78.0
140.100	46.0
141.875	42.0
141.925	70.0
144.453	230.0
145.566	218.0
146.847	226.0
147.247	178.0
147.791	222.0
149.216	210.0
152.371	206.0
152.804	214.0
158.894	166.0
165.647	154.0
166.056	162.0
167.752	198.0
170.672	214.0
172.050	6.0
173.050	82.0
173.150	98.0
174.259	218.0
175.480	206.0
175.801	210.0
176.424	222.0
178.515	162.0
180.403	166.0
180.787	234.0
185.880	178.0
186.095	198.0
193.081	154.0
193.243	218.0
197.214	206.0
197.233	210.0
198.837	214.0
202.882	222.0
212.509	154.0
212.639	166.0
212.733	162.0
215.048	198.0
218.231	178.0
221.503	210.0
222.310	218.0
225.350	102.0
225.474	222.0
225.588	162.0
225.596	154.0
225.868	214.0
226.787	166.0
227.130	206.0
232.003	178.0
235.171	198.0
243.546	222.0
247.000	206.0
249.125	166.0
250.054	218.0
250.921	210.0
252.023	214.0
252.108	178.0
257.050	102.0
260.952	154.0
262.302	198.0
263.504	162.0
272.383	206.0
272.473	218.0
275.916	222.0
276.244	210.0
276.803	214.0
283.150	102.0
283.822	198.0
283.870	162.0
288.216	178.0
293.351	154.0
296.453	166.0
298.623	218.0
301.483	210.0
301.850	222.0
304.468	162.0
304.942	214.0
307.400	154.0
307.533	206.0
308.714	178.0
309.900	102.0
310.604	198.0
311.285	166.0
315.163	210.0
320.244	218.0
321.072	222.0
321.347	230.0
321.426	226.0
325.578	178.0
325.707	214.0
327.725	206.0
335.385	198.0
336.338	162.0
337.113	226.0
337.805	166.0
340.735	154.0
342.645	218.0
342.825	6.0
342.850	98.0
343.364	222.0
343.728	230.0
344.050	94.0
345.075	14.0
345.075	34.0
345.300	18.0
345.300	38.0
345.400	30.0
345.475	66.0
346.050	58.0
350.834	210.0
353.768	234.0
354.316	214.0
354.974	166.0
356.855	198.0
356.961	178.0
357.634	206.0
364.508	162.0
364.531	206.0
365.490	226.0
367.440	154.0
367.475	6.0
368.502	222.0
368.691	218.0
372.697	214.0
376.529	230.0
378.711	154.0
379.442	226.0
380.129	166.0
380.223	234.0
384.312	210.0
384.557	178.0
385.226	162.0
385.886	198.0
390.775	6.0
391.575	98.0
396.010	222.0
398.024	206.0
399.650	226.0
399.896	214.0
400.988	154.0
403.204	210.0
403.472	218.0
404.763	198.0
406.464	166.0
408.323	162.0
409.305	178.0
412.069	234.0
422.027	218.0
422.895	210.0
425.827	222.0
427.588	214.0
430.741	206.0
434.800	166.0
435.180	154.0
435.534	210.0
439.090	198.0
439.471	162.0
439.573	178.0
443.319	214.0
450.521	206.0
451.345	218.0
453.544	198.0
454.749	222.0
461.508	178.0
461.535	166.0
462.884	162.0
466.550	102.0
467.277	154.0
470.011	210.0
477.420	222.0
479.241	218.0
480.886	154.0
481.160	206.0
483.530	162.0
486.555	198.0
487.836	214.0
489.781	166.0
490.031	178.0
491.850	102.0
497.346	206.0
498.497	198.0
499.368	214.0
499.565	222.0
500.094	218.0
500.988	210.0
503.187	178.0
503.875	154.0
513.773	166.0
515.651	218.0
518.075	102.0
518.363	162.0
518.846	206.0
519.973	222.0
521.135	210.0
528.715	178.0
528.932	214.0
528.975	198.0
532.636	166.0
536.962	154.0
538.890	162.0
541.225	206.0
541.278	210.0
546.300	102.0
548.358	222.0
552.158	162.0
553.471	218.0
557.373	154.0
557.600	214.0
559.930	166.0
560.757	198.0
565.197	178.0
570.700	206.0
570.950	102.0
571.347	230.0
571.426	226.0
572.100	198.0
574.518	218.0
577.198	214.0
578.181	210.0
578.715	222.0
580.232	162.0
583.823	178.0
584.174	154.0
585.307	226.0
586.432	230.0
588.796	166.0
598.793	214.0
601.242	154.0
603.167	226.0
603.379	222.0
603.768	234.0
604.993	206.0
605.133	218.0
605.445	162.0
605.587	178.0
605.673	210.0
605.842	198.0
610.475	6.0
610.825	30.0
610.825	98.0
610.850	66.0
610.850	74.0
610.875	18.0
610.875	38.0
610.875	58.0
611.075	26.0
611.350	34.0
611.375	14.0
611.675	90.0
611.775	22.0
611.900	82.0
611.925	46.0
612.025	54.0
612.075	94.0
612.625	50.0
612.658	214.0
613.700	78.0
614.125	2.0
615.275	86.0
615.737	230.0
616.300	166.0
617.546	226.0
619.700	234.0
619.940	218.0
620.758	206.0
623.285	210.0
628.796	198.0
634.168	222.0
634.957	234.0
635.440	166.0
638.440	178.0
638.674	162.0
638.802	154.0
638.858	226.0
644.298	210.0
645.448	218.0
645.937	214.0
646.003	206.0
649.922	222.0
653.894	230.0
656.030	166.0
657.589	234.0
658.155	154.0
659.696	198.0
660.418	178.0
661.502	162.0
663.525	6.0
663.525	98.0
663.675	94.0
664.250	14.0
664.250	18.0
664.250	34.0
664.250	38.0
664.375	58.0
664.400	54.0
664.675	30.0
664.775	66.0
665.025	26.0
665.475	74.0
665.750	82.0
666.175	90.0
666.475	46.0
666.575	2.0
667.300	78.0
668.225	86.0
669.075	50.0
671.965	222.0
673.187	234.0
676.549	214.0
681.710	210.0
682.197	166.0
682.236	206.0
683.513	218.0
685.051	154.0
687.842	178.0
690.407	198.0
692.425	162.0
696.331	206.0
699.549	214.0
700.750	198.0
703.191	222.0
703.718	210.0
704.480	218.0
706.987	162.0
707.996	166.0
708.441	154.0
711.725	178.0
716.314	222.0
720.800	102.0
724.726	206.0
725.417	198.0
726.242	218.0
729.217	214.0
731.202	162.0
731.635	166.0
732.845	210.0
735.164	178.0
743.294	154.0
744.750	102.0
745.905	210.0
747.679	222.0
749.182	218.0
752.507	206.0
756.649	214.0
757.391	162.0
760.451	154.0
761.113	166.0
767.218	178.0
767.673	198.0
768.471	214.0
771.250	102.0
776.971	210.0
778.762	218.0
778.842	206.0
779.228	222.0
780.728	162.0
780.903	178.0
782.583	166.0
782.658	154.0
782.799	198.0
791.284	206.0
794.250	102.0
796.687	154.0
797.668	210.0
802.032	218.0
803.087	214.0
803.399	222.0
808.799	162.0
812.423	178.0
813.925	198.0
814.647	166.0
816.291	214.0
820.175	102.0
821.347	230.0
821.426	226.0
824.015	218.0
825.875	210.0
826.047	222.0
828.584	198.0
833.148	166.0
833.769	230.0
834.114	226.0
836.104	154.0
836.384	206.0
838.444	162.0
838.895	178.0
840.881	218.0
847.680	226.0
849.864	230.0
850.174	222.0
850.276	210.0
851.050	206.0
852.165	214.0
853.768	234.0
854.193	166.0
854.840	154.0
855.376	178.0
856.530	162.0
858.525	6.0
858.550	34.0
858.675	74.0
858.775	14.0
858.775	30.0
858.775	66.0
858.825	18.0
858.825	38.0
858.825	58.0
858.825	98.0
858.950	26.0
859.175	54.0
859.311	198.0
859.325	82.0
859.550	94.0
859.650	90.0
860.025	78.0
860.100	22.0
860.100	50.0
860.550	46.0
860.875	2.0
861.800	86.0
864.945	230.0
867.633	214.0
871.223	234.0
871.358	206.0
874.059	210.0
874.307	222.0
875.833	218.0
882.252	230.0
882.750	198.0
885.390	154.0
885.597	226.0
886.752	166.0
886.885	178.0
889.825	6.0
889.925	18.0
889.925	38.0
889.950	58.0
889.950	98.0
890.125	94.0
890.200	34.0
890.300	74.0
890.325	14.0
890.400	66.0
890.425	30.0
890.492	162.0
890.575	26.0
890.600	54.0
890.975	82.0
891.300	90.0
891.525	46.0
891.700	2.0
891.850	78.0
892.075	50.0
892.550	22.0
893.125	86.0
895.035	230.0
896.327	218.0
837.007	141.0
840.292	229.0
845.715	209.0
846.498	221.0
849.101	205.0
851.261	213.0
851.661	233.0
852.145	225.0
852.415	177.0
853.525	189.0
853.761	201.0
855.490	173.0
856.099	229.0
857.199	141.0
858.550	49.0
858.775	65.0
858.800	97.0
858.825	37.0
858.850	9.0
858.875	25.0
858.950	77.0
859.450	5.0
859.450	73.0
859.475	41.0
859.500	21.0
859.500	57.0
860.025	81.0
860.100	17.0
860.150	89.0
860.189	113.0
860.375	61.0
860.450	1.0
860.600	29.0
860.625	69.0
860.675	13.0
860.678	217.0
861.050	33.0
861.300	45.0
861.525	93.0
863.075	85.0
863.200	53.0
863.616	197.0
865.070	225.0
866.977	233.0
870.147	205.0
872.213	213.0
872.877	221.0
874.957	177.0
875.533	229.0
876.234	201.0
877.165	217.0
879.828	209.0
881.120	225.0
882.447	173.0
883.059	141.0
884.302	189.0
884.896	113.0
886.164	233.0
887.529	197.0
889.800	49.0
889.975	9.0
890.075	97.0
890.325	65.0
890.400	25.0
890.450	77.0
890.550	73.0
890.650	5.0
890.750	41.0
890.800	33.0
890.850	1.0
890.850	21.0
890.850	81.0
890.900	37.0
890.925	89.0
891.050	57.0
891.875	13.0
891.900	69.0
891.950	45.0
891.950	61.0
892.464	229.0
892.475	29.0
892.600	17.0
893.250	93.0
893.563	209.0
894.025	53.0
894.233	225.0
898.666	217.0
901.621	213.0
904.222	233.0
904.601	205.0
904.802	113.0
906.687	189.0
907.304	229.0
907.346	221.0
911.348	173.0
911.456	197.0
911.696	177.0
912.082	141.0
912.266	201.0
915.400	97.0
915.575	49.0
915.750	73.0
915.775	65.0
915.825	77.0
915.875	5.0
915.975	9.0
916.093	205.0
916.750	21.0
916.875	1.0
916.925	81.0
922.199	173.0
922.290	221.0
924.385	209.0
926.999	213.0
929.002	113.0
930.616	201.0
933.587	217.0
935.921	141.0
937.532	177.0
939.479	189.0
941.801	205.0
942.202	197.0
943.243	213.0
945.559	221.0
947.503	217.0
949.818	209.0
954.276	201.0
956.089	113.0
956.634	189.0
959.090	173.0
959.629	197.0
962.209	177.0
963.106	141.0
967.572	209.0
970.770	205.0
972.472	221.0
973.273	173.0
975.032	213.0
975.032	201.0
980.292	189.0
981.061	197.0
981.652	177.0
985.609	217.0
988.900	101.0
989.383	113.0
989.629	213.0
993.635	141.0
993.843	205.0
997.034	173.0
998.423	209.0
1004.199	217.0
1007.076	197.0
1007.472	113.0
1007.730	221.0
1009.923	201.0
1010.505	177.0
1013.721	189.0
1015.147	141.0
1019.741	209.0
1019.750	101.0
1021.559	213.0
1025.011	205.0
1025.660	217.0
1025.710	221.0
1030.033	189.0
1032.204	113.0
1032.696	177.0
1032.873	197.0
1036.345	173.0
1037.832	201.0
1042.575	101.0
1044.122	141.0
1045.792	205.0
1047.724	221.0
1051.073	209.0
1051.698	217.0
1053.248	213.0
1057.712	197.0
1057.862	189.0
1059.782	177.0
1061.313	113.0
1062.073	201.0
1062.282	141.0
1065.202	173.0
1067.100	101.0
1070.648	217.0
1073.037	225.0
1077.194	213.0
1077.255	205.0
1077.276	229.0
1077.330	221.0
1078.258	177.0
1080.118	113.0
1081.312	209.0
1082.609	201.0
1084.043	141.0
1084.235	233.0
1084.352	189.0
1084.480	197.0
1087.189	225.0
1088.849	173.0
1089.200	49.0
1089.275	65.0
1089.379	229.0
1089.450	97.0
1089.675	9.0
1089.925	77.0
1090.325	73.0
1091.050	5.0
1096.654	213.0
1096.836	221.0
1097.857	209.0
1099.370	217.0
1100.700	233.0
1102.332	229.0
1103.261	205.0
1103.743	225.0
1104.323	177.0
1104.658	113.0
1107.101	173.0
1111.830	141.0
1112.119	189.0
1112.850	201.0
1112.854	197.0
1116.300	49.0
1116.350	97.0
1116.600	25.0
1116.825	65.0
1116.950	9.0
1117.200	1.0
1117.250	41.0
1117.425	37.0
1117.485	229.0
1117.575	77.0
1117.750	5.0
1117.775	21.0
1117.775	73.0
1117.800	33.0
1117.850	57.0
1118.150	81.0
1119.600	13.0
1119.800	29.0
1120.026	225.0
1120.817	213.0
1123.171	233.0
1123.873	221.0
1124.595	201.0
1124.953	209.0
1127.219	205.0
1129.553	229.0
1130.793	173.0
1133.083	189.0
1133.172	197.0
1133.484	217.0
1133.612	225.0
1136.757	177.0
1138.249	141.0
1138.549	113.0
1143.209	217.0
1145.916	233.0
1147.718	209.0
1148.606	229.0
1150.599	113.0
1154.336	213.0
1155.650	177.0
1156.866	205.0
1157.285	221.0
1158.527	201.0
1159.750	197.0
1162.828	173.0
1163.062	141.0
1167.900	49.0
1168.275	97.0
1168.750	73.0
1168.875	77.0
1168.938	189.0
1169.000	65.0
1169.225	21.0
1169.850	5.0
1170.125	1.0
1173.636	213.0
1174.839	209.0
1174.896	189.0
1175.716	221.0
1179.463	217.0
1181.078	141.0
1182.052	113.0
1182.512	201.0
1185.856	205.0
1185.882	177.0
1186.532	197.0
1190.500	173.0
1195.899	177.0
1199.747	205.0
1202.252	221.0
1202.976	209.0
1203.272	213.0
1204.231	217.0
1206.438	189.0
1207.130	113.0
1209.168	141.0
1209.223	173.0
1210.096	201.0
1214.054	197.0
1218.925	101.0
1219.656	205.0
1221.482	213.0
1225.239	221.0
1228.443	217.0
1228.974	189.0
1230.687	209.0
1233.204	177.0
1233.575	173.0
1235.191	141.0
1236.249	113.0
1237.350	201.0
1242.349	209.0
1243.332	197.0
1244.175	101.0
1244.345	205.0
1244.414	213.0
1249.648	221.0
1252.357	141.0
1253.163	217.0
1253.452	201.0
1254.331	113.0
1257.652	189.0
1258.476	177.0
1259.472	197.0
1263.197	173.0
1267.075	101.0
1269.613	213.0
1271.851	205.0
1273.129	209.0
1279.710	217.0
1279.910	173.0
1280.074	221.0
1280.557	201.0
1282.324	113.0
1284.615	177.0
1285.182	141.0
1286.076	189.0
1289.072	197.0
1291.066	221.0
1291.450	101.0
1296.003	209.0
1301.868	217.0
1302.188	189.0
1303.022	213.0
1305.929	173.0
1306.324	205.0
1307.297	141.0
1311.500	201.0
1311.540	113.0
1314.467	197.0
1314.875	101.0
1314.935	177.0
1317.110	209.0
1318.085	221.0
1323.037	225.0
1327.276	229.0
1327.959	213.0
1329.296	205.0
1329.366	173.0
1331.917	113.0
1334.235	233.0
1334.914	217.0
1335.176	225.0
1335.999	189.0
1336.025	201.0
1339.008	197.0
1339.687	141.0
1342.671	177.0
1344.082	217.0
1346.803	229.0
1346.916	233.0
1348.090	221.0
1350.468	177.0
1350.972	225.0
1353.695	213.0
1354.886	205.0
1356.998	209.0
1358.116	201.0
1359.531	173.0
1359.641	197.0
1361.550	49.0
1361.675	65.0
1361.725	21.0
1361.750	77.0
1362.025	73.0
1362.150	37.0
1362.300	25.0
1362.300	81.0
1362.300	89.0
1362.300	97.0
1362.375	5.0
1362.425	9.0
1362.525	1.0
1362.525	29.0
1362.650	17.0
1362.675	45.0
1362.825	33.0
1362.950	41.0
1362.950	53.0
1363.200	13.0
1363.300	57.0
1363.425	61.0
1363.532	229.0
1363.725	69.0
1363.869	189.0
1364.358	113.0
1364.500	93.0
1365.616	217.0
1367.175	85.0
1367.654	141.0
1368.981	233.0
1369.992	225.0
1374.900	213.0
1375.521	221.0
1376.158	209.0
1378.450	205.0
1381.576	197.0
1381.754	189.0
1382.878	201.0
1383.942	233.0
1384.638	225.0
1386.019	177.0
1386.866	113.0
1387.637	173.0
1387.647	141.0
1388.231	229.0
1391.500	49.0
1391.750	9.0
1391.925	97.0
1392.000	73.0
1392.075	65.0
1392.150	81.0
1392.425	77.0
1392.500	5.0
1392.700	1.0
1393.000	21.0
1393.075	89.0
1394.365	221.0
1397.672	213.0
1398.319	225.0
1398.727	217.0
1401.777	209.0
1402.171	113.0
1405.981	197.0
1406.934	233.0
1408.158	201.0
1408.164	141.0
1408.259	177.0
1409.180	205.0
1410.857	173.0
1411.509	189.0
1418.690	221.0
1419.425	65.0
1420.075	77.0
1423.777	217.0
1424.677	177.0
1426.630	213.0
1426.722	205.0
1428.387	189.0
1428.748	197.0
1431.078	173.0
1432.231	201.0
1432.703	209.0
1438.833	113.0
1441.387	209.0
1442.591	141.0
1449.042	213.0
1450.363	205.0
1452.308	217.0
1452.522	221.0
1453.493	177.0
1454.860	189.0
1455.323	173.0
1455.539	113.0
1457.356	141.0
1462.031	197.0
1467.326	201.0
1467.730	221.0
1469.225	101.0
1471.360	213.0
1472.977	205.0
1480.167	177.0
1480.191	113.0
1480.898	141.0
1481.213	197.0
1482.063	189.0
1482.710	173.0
1484.594	209.0
1484.958	201.0
1486.502	217.0
1494.300	213.0
1495.275	101.0
1498.826	221.0
1499.145	209.0
1500.544	217.0
1501.707	197.0
1503.931	141.0
1505.529	113.0
1511.564	205.0
1511.658	189.0
1512.956	173.0
1516.015	201.0
1517.094	177.0
1521.200	101.0
1525.944	213.0
1529.481	141.0
1529.915	205.0
1530.348	201.0
1530.680	221.0
1531.398	209.0
1533.288	217.0
1534.977	173.0
1536.273	189.0
1539.100	177.0
1540.208	113.0
1540.511	197.0
1545.375	101.0
1546.336	221.0
1548.286	205.0
1552.671	141.0
1554.055	213.0
1555.233	173.0
1555.909	209.0
1556.066	217.0
1556.255	201.0
1556.775	177.0
897.371	178.0
899.204	210.0
901.174	206.0
903.598	222.0
905.268	166.0
907.806	198.0
908.121	234.0
908.732	154.0
909.117	214.0
911.219	162.0
915.300	6.0
915.425	98.0
915.625	14.0
915.775	18.0
915.775	38.0
915.900	30.0
916.150	66.0
916.175	94.0
916.200	58.0
916.425	34.0
916.650	26.0
920.851	218.0
923.118	214.0
925.015	234.0
926.202	222.0
928.767	206.0
929.853	210.0
931.432	178.0
931.705	162.0
932.946	154.0
939.698	166.0
940.280	198.0
945.261	218.0
949.509	214.0
951.157	206.0
951.501	210.0
954.755	198.0
956.389	154.0
957.108	222.0
961.156	166.0
962.762	162.0
963.104	178.0
967.730	210.0
969.325	102.0
975.074	206.0
975.144	222.0
976.120	214.0
982.206	198.0
982.816	154.0
983.103	166.0
983.120	218.0
983.295	178.0
984.623	162.0
993.303	210.0
995.218	214.0
996.050	102.0
997.321	222.0
1000.835	218.0
1001.801	162.0
1002.014	178.0
1003.821	206.0
1004.402	166.0
1012.674	154.0
1013.648	198.0
1023.279	162.0
1023.650	102.0
1024.269	210.0
1025.503	214.0
1027.012	218.0
1032.586	166.0
1032.698	198.0
1032.806	206.0
1034.009	222.0
1035.044	154.0
1040.623	178.0
1043.971	214.0
1048.070	206.0
1051.036	166.0
1051.760	218.0
1052.690	222.0
1053.835	178.0
1054.175	102.0
1054.239	210.0
1061.496	162.0
1063.212	154.0
1069.321	198.0
1069.982	222.0
1070.448	210.0
1071.347	230.0
1071.426	226.0
1072.024	218.0
1074.684	206.0
1078.293	166.0
1079.174	214.0
1083.426	162.0
1083.975	154.0
1085.286	198.0
1087.327	178.0
1088.775	6.0
1089.200	98.0
1089.475	18.0
1089.475	38.0
1089.600	30.0
1089.675	14.0
1090.225	66.0
1090.400	58.0
1090.400	94.0
1091.320	230.0
1092.391	226.0
1095.133	218.0
1096.691	210.0
1098.185	206.0
1099.959	214.0
1101.826	198.0
1103.309	222.0
1103.768	234.0
1105.380	178.0
1110.921	154.0
1111.174	230.0
1111.781	166.0
1116.250	34.0
1116.325	6.0
1116.450	14.0
1116.550	98.0
1116.650	54.0
1116.725	18.0
1116.725	38.0
1116.825	30.0
1117.050	94.0
1117.175	58.0
1117.225	26.0
1117.300	66.0
1117.650	74.0
1117.742	226.0
1117.853	162.0
1118.150	82.0
1118.439	218.0
1118.975	2.0
1119.725	22.0
1123.411	222.0
1124.779	210.0
1126.629	234.0
1128.081	214.0
1129.386	166.0
1129.391	230.0
1131.764	226.0
1132.392	206.0
1132.665	162.0
1141.482	154.0
1141.853	178.0
1143.034	222.0
1149.697	210.0
1149.801	230.0
1150.982	214.0
1151.239	218.0
1151.412	206.0
1151.772	198.0
1152.149	178.0
1156.298	162.0
1158.697	234.0
1160.809	166.0
1162.754	154.0
1164.279	198.0
1167.650	6.0
1168.050	98.0
1168.525	18.0
1168.525	38.0
1168.650	14.0
1168.650	94.0
1169.325	34.0
1169.350	58.0
1169.885	206.0
1172.555	210.0
1173.404	218.0
1176.792	154.0
1177.370	222.0
1178.323	214.0
1180.732	166.0
1181.444	234.0
1186.675	162.0
1190.049	178.0
1190.946	198.0
1195.967	210.0
1197.632	214.0
1197.653	222.0
1200.326	206.0
1203.716	218.0
1208.662	178.0
1208.713	166.0
1212.047	198.0
1212.484	162.0
1212.910	154.0
1218.600	102.0
1223.643	218.0
1223.779	206.0
1224.802	214.0
1227.953	222.0
1228.096	154.0
1232.723	210.0
1234.507	198.0
1234.634	166.0
1235.065	162.0
1235.430	178.0
1243.175	102.0
1245.715	210.0
1248.357	206.0
1251.959	222.0
1252.380	218.0
1253.919	214.0
1255.701	162.0
1255.931	198.0
1255.931	178.0
1257.556	154.0
1262.402	166.0
1267.425	102.0
1269.162	214.0
1271.942	222.0
1273.479	206.0
1275.209	218.0
1281.030	178.0
1281.614	210.0
1284.722	162.0
1284.776	154.0
1286.571	166.0
1290.478	198.0
1292.650	102.0
1299.407	214.0
1299.422	210.0
1301.657	218.0
1304.383	222.0
1304.972	198.0
1306.423	206.0
1306.851	178.0
1306.922	154.0
1308.886	166.0
1309.791	162.0
1316.850	102.0
1320.428	218.0
1321.347	230.0
1321.426	226.0
1322.794	210.0
1325.802	162.0
1326.601	214.0
1330.248	166.0
1332.365	222.0
1332.727	198.0
1333.458	206.0
1335.808	178.0
1336.011	226.0
1338.875	154.0
1344.538	214.0
1346.770	210.0
1346.954	166.0
1347.179	230.0
1352.359	206.0
1353.768	234.0
1354.254	222.0
1357.748	154.0
1359.863	198.0
1360.587	218.0
1360.666	230.0
1360.905	162.0
1360.958	226.0
1361.550	34.0
1361.575	6.0
1361.675	18.0
1361.675	38.0
1361.700	58.0
1361.700	66.0
1361.775	98.0
1361.925	14.0
1362.075	94.0
1362.100	74.0
1362.125	26.0
1362.125	30.0
1362.240	178.0
1362.250	2.0
1362.450	78.0
1362.625	82.0
1362.650	54.0
1362.700	90.0
1363.050	22.0
1363.300	50.0
1363.425	46.0
1363.900	86.0
1364.850	70.0
1364.900	42.0
1369.604	206.0
1372.323	234.0
1374.044	222.0
1374.331	214.0
1375.722	230.0
1376.480	218.0
1376.927	226.0
1377.166	210.0
1377.877	154.0
1384.092	198.0
1388.427	230.0
1389.442	234.0
1391.500	18.0
1391.500	38.0
1391.525	6.0
1391.850	58.0
1391.975	98.0
1392.225	14.0
1392.500	34.0
1392.500	66.0
1392.625	30.0
1392.750	94.0
1392.862	178.0
1393.397	166.0
1393.775	82.0
1393.950	74.0
1394.200	2.0
1394.303	214.0
1394.373	226.0
1394.625	26.0
1394.994	162.0
1395.575	90.0
1397.253	210.0
1399.347	206.0
1400.663	222.0
1400.779	166.0
1401.828	230.0
1402.657	234.0
1403.414	218.0
1410.837	154.0
1412.988	178.0
1415.417	222.0
1415.691	162.0
1418.678	198.0
1419.150	6.0
1419.836	210.0
1420.751	234.0
1422.654	218.0
1425.901	162.0
1427.013	214.0
1430.972	154.0
1431.005	206.0
1433.092	178.0
1434.068	166.0
1441.507	198.0
1444.284	222.0
1445.616	206.0
1446.856	214.0
1454.494	198.0
1454.909	210.0
1457.960	218.0
1460.920	154.0
1462.297	178.0
1462.505	166.0
1463.854	162.0
1465.150	102.0
1469.135	222.0
1472.173	206.0
1475.667	214.0
1476.360	218.0
1482.238	162.0
1483.744	198.0
1483.972	210.0
1485.797	178.0
1487.978	166.0
1489.354	154.0
1490.950	102.0
1495.184	210.0
1498.097	206.0
1499.219	162.0
1500.716	222.0
1500.865	214.0
1501.879	178.0
1502.734	218.0
1504.368	154.0
1509.511	166.0
1510.970	198.0
1518.000	102.0
1520.821	210.0
1523.617	214.0
1525.082	162.0
1525.428	206.0
1527.392	198.0
1530.902	166.0
1530.969	154.0
1531.826	178.0
1532.773	218.0
1540.609	222.0
1543.950	102.0
1544.361	222.0
1544.758	218.0
1548.096	198.0
1551.252	214.0
1552.254	162.0
1554.420	210.0
1555.319	206.0
1557.889	166.0
1563.480	154.0
1569.405	178.0
1571.347	230.0
1571.426	226.0
1571.650	102.0
1571.732	206.0
1572.626	218.0
1574.172	222.0
1576.012	210.0
1580.029	214.0
1581.099	166.0
1583.565	198.0
1585.708	226.0
1586.711	162.0
1587.752	154.0
1588.072	178.0
1589.509	230.0
1592.488	214.0
1595.775	210.0
1599.561	218.0
1599.821	222.0
1600.685	226.0
1603.768	234.0
1606.677	198.0
1606.845	230.0
1607.235	166.0
1609.174	206.0
1609.584	178.0
1610.406	154.0
1611.950	6.0
1612.331	162.0
1612.500	18.0
1612.500	38.0
1612.500	58.0
1612.500	98.0
1612.550	34.0
1612.575	94.0
1612.625	14.0
1613.100	54.0
1613.125	26.0
1613.125	66.0
1613.200	30.0
1613.525	74.0
1613.825	82.0
1613.875	90.0
1614.125	46.0
1614.325	78.0
1614.625	2.0
1614.950	50.0
1615.075	86.0
1615.125	22.0
1615.625	42.0
1615.700	70.0
1617.000	10.0
1624.019	230.0
1624.112	234.0
1625.773	206.0
1626.318	222.0
1627.138	214.0
1628.423	210.0
1628.618	218.0
1630.663	226.0
1630.964	154.0
1637.447	234.0
1640.304	166.0
1640.750	18.0
1640.750	38.0
1640.775	6.0
1640.867	178.0
1640.900	30.0
1641.775	14.0
1642.657	162.0
1643.610	198.0
1645.046	214.0
1645.399	230.0
1646.992	210.0
1648.305	226.0
1649.880	234.0
1650.715	222.0
1654.430	218.0
1654.579	206.0
1655.147	154.0
1660.006	162.0
1661.110	166.0
1661.432	198.0
1663.557	234.0
1666.113	178.0
1666.900	6.0
1667.200	98.0
1668.250	14.0
1668.775	94.0
1669.000	18.0
1669.000	38.0
1670.045	218.0
1673.051	206.0
1674.797	210.0
1678.724	234.0
1679.269	198.0
1681.115	154.0
1682.369	214.0
1684.272	178.0
1684.331	166.0
1685.836	222.0
1685.906	162.0
1696.184	210.0
1700.718	214.0
1701.977	154.0
1703.234	218.0
1704.702	206.0
1705.707	222.0
1708.124	162.0
1713.427	178.0
1716.205	166.0
1718.292	198.0
1719.596	218.0
1721.675	102.0
1723.556	214.0
1723.994	154.0
1727.215	222.0
1728.817	206.0
1732.257	210.0
1734.557	178.0
1736.402	166.0
1737.117	162.0
1741.838	198.0
1744.765	214.0
1747.225	102.0
1750.566	206.0
1752.021	222.0
1752.438	218.0
1561.062	197.0
1565.106	189.0
1565.449	113.0
1569.190	221.0
1571.325	101.0
1573.037	225.0
1577.276	229.0
1577.514	217.0
1578.614	205.0
1580.080	209.0
1581.024	213.0
1581.157	113.0
1582.107	201.0
1584.235	233.0
1585.573	177.0
1586.814	197.0
1587.886	189.0
1589.887	173.0
1590.403	141.0
1592.118	229.0
1593.791	225.0
1597.306	209.0
1597.606	233.0
1599.111	221.0
1601.295	205.0
1603.727	201.0
1605.705	217.0
1606.123	213.0
1607.647	113.0
1609.862	189.0
1610.798	225.0
1611.195	197.0
1611.950	49.0
1612.125	97.0
1612.650	33.0
1612.650	73.0
1612.650	81.0
1612.750	5.0
1612.925	9.0
1613.050	25.0
1613.125	65.0
1613.200	1.0
1613.200	37.0
1613.218	173.0
1613.250	89.0
1613.350	41.0
1613.650	77.0
1613.724	177.0
1613.950	21.0
1613.950	45.0
1614.017	233.0
1614.050	57.0
1614.075	53.0
1614.600	13.0
1614.775	61.0
1615.000	69.0
1615.100	93.0
1615.250	17.0
1615.250	29.0
1617.025	85.0
1618.265	141.0
1620.273	205.0
1624.469	221.0
1624.728	173.0
1625.376	213.0
1626.174	225.0
1628.971	229.0
1629.383	189.0
1632.601	141.0
1633.302	217.0
1634.829	209.0
1634.855	113.0
1635.642	201.0
1635.868	197.0
1636.671	233.0
1637.351	177.0
1640.700	65.0
1640.750	49.0
1641.550	9.0
1642.660	205.0
1645.186	221.0
1647.179	225.0
1648.008	213.0
1648.264	209.0
1654.176	177.0
1655.816	229.0
1658.739	233.0
1660.668	173.0
1661.087	217.0
1661.349	197.0
1662.272	201.0
1663.260	113.0
1666.975	97.0
1667.675	49.0
1667.675	73.0
1668.225	5.0
1669.300	1.0
1669.325	65.0
1669.325	81.0
1669.407	213.0
1671.436	141.0
1672.404	173.0
1672.858	189.0
1674.456	197.0
1676.748	217.0
1679.164	205.0
1679.730	221.0
1681.138	209.0
1684.455	113.0
1686.416	201.0
1687.644	177.0
1688.587	141.0
1689.425	189.0
1694.164	205.0
1694.288	209.0
1697.818	201.0
1698.352	217.0
1705.750	213.0
1706.253	197.0
1706.448	221.0
1707.254	173.0
1710.368	177.0
1711.511	141.0
1711.982	189.0
1713.437	113.0
1718.053	221.0
1719.940	217.0
1721.404	209.0
1722.340	213.0
1722.382	205.0
1724.750	101.0
1729.018	201.0
1729.225	197.0
1733.502	173.0
1734.931	177.0
1736.067	141.0
1736.580	113.0
1738.885	205.0
1741.226	189.0
1744.504	213.0
1745.000	209.0
1749.153	217.0
1750.230	221.0
1750.450	101.0
1751.365	201.0
1756.360	113.0
1756.969	141.0
1760.728	189.0
1762.878	177.0
1763.245	197.0
1763.570	173.0
1771.039	213.0
1771.337	205.0
1771.363	221.0
1775.982	217.0
1777.575	101.0
1779.033	189.0
1780.594	201.0
1781.872	177.0
1782.263	141.0
1783.765	113.0
1784.912	209.0
1785.259	197.0
1792.489	209.0
1794.311	205.0
1794.731	173.0
1799.571	213.0
1802.220	189.0
1803.650	101.0
1806.158	197.0
1809.088	217.0
1809.693	173.0
1810.342	177.0
1810.688	221.0
1811.281	201.0
1812.398	113.0
1814.149	141.0
1819.017	205.0
1819.353	209.0
1821.705	221.0
1823.037	225.0
1824.642	213.0
1826.081	217.0
1827.276	229.0
1830.184	189.0
1830.860	201.0
1831.270	173.0
1833.540	177.0
1834.235	233.0
1835.631	113.0
1836.625	65.0
1836.800	97.0
1836.900	49.0
1836.925	77.0
1836.975	9.0
1837.000	73.0
1837.125	37.0
1837.200	5.0
1837.600	25.0
1837.875	21.0
1837.875	81.0
1838.025	57.0
1838.125	17.0
1838.450	89.0
1838.825	41.0
1839.425	69.0
1839.450	1.0
1839.601	225.0
1839.850	33.0
1839.900	53.0
1840.325	45.0
1840.443	197.0
1840.925	61.0
1841.175	13.0
1841.676	229.0
1841.710	141.0
1844.788	217.0
1846.157	209.0
1847.182	221.0
1847.894	233.0
1849.041	213.0
1850.693	205.0
1853.445	197.0
1857.623	141.0
1857.868	113.0
1858.706	189.0
1860.072	177.0
1860.601	225.0
1861.450	201.0
1864.100	49.0
1864.425	97.0
1864.525	173.0
1864.700	9.0
1864.750	65.0
1865.035	233.0
1865.175	25.0
1865.200	77.0
1865.350	1.0
1866.150	5.0
1866.175	73.0
1867.799	229.0
1869.990	221.0
1872.858	205.0
1873.372	209.0
1879.112	113.0
1880.044	217.0
1880.568	197.0
1880.769	213.0
1882.594	141.0
1885.140	229.0
1886.820	173.0
1887.424	177.0
1887.690	189.0
1888.393	225.0
1889.092	201.0
1890.572	233.0
1892.190	205.0
1896.642	221.0
1897.127	217.0
1898.183	213.0
1898.894	201.0
1900.591	229.0
1902.636	113.0
1902.990	233.0
1903.128	209.0
1904.451	189.0
1906.381	177.0
1910.539	141.0
1911.980	217.0
1916.340	173.0
1917.067	197.0
1918.874	205.0
1920.563	213.0
1927.122	221.0
1928.367	197.0
1930.784	189.0
1931.799	141.0
1932.599	113.0
1933.359	209.0
1937.655	173.0
1940.005	217.0
1940.715	177.0
1942.152	189.0
1942.397	201.0
1945.544	209.0
1949.395	177.0
1950.110	173.0
1950.243	201.0
1952.543	221.0
1955.619	205.0
1956.426	213.0
1956.981	113.0
1957.962	141.0
1962.354	217.0
1965.608	197.0
1969.420	221.0
1974.365	213.0
1974.879	209.0
1976.173	205.0
1977.824	189.0
1979.766	173.0
1980.008	201.0
1980.835	177.0
1982.783	197.0
1986.145	113.0
1986.850	101.0
1990.396	141.0
1994.822	221.0
2001.096	189.0
2001.173	209.0
2002.201	213.0
2004.761	217.0
2005.296	141.0
2005.834	205.0
2011.449	173.0
2015.546	113.0
2015.730	221.0
2015.916	177.0
2017.736	197.0
2020.125	101.0
2021.334	201.0
2023.608	201.0
2025.717	197.0
2026.176	205.0
2026.903	209.0
2027.476	213.0
2029.331	217.0
2032.609	173.0
2032.841	141.0
2033.144	113.0
2033.545	189.0
2035.474	177.0
2040.800	101.0
2042.741	205.0
2044.698	221.0
2045.104	209.0
2049.471	217.0
1754.326	178.0
1754.804	162.0
1757.221	210.0
1760.218	198.0
1760.622	166.0
1763.832	154.0
1769.529	206.0
1773.379	222.0
1773.700	102.0
1775.115	210.0
1778.080	214.0
1779.450	198.0
1780.316	218.0
1782.409	178.0
1786.283	154.0
1788.282	162.0
1789.420	166.0
1794.811	206.0
1795.582	214.0
1797.576	210.0
1799.462	218.0
1800.539	222.0
1800.850	102.0
1803.976	162.0
1804.251	178.0
1807.813	198.0
1816.507	218.0
1816.964	166.0
1817.473	154.0
1821.347	230.0
1821.426	226.0
1824.009	222.0
1824.304	214.0
1826.786	206.0
1828.507	210.0
1830.505	154.0
1831.813	178.0
1832.593	162.0
1836.020	166.0
1836.600	14.0
1836.625	6.0
1836.625	66.0
1836.825	30.0
1836.900	26.0
1836.900	34.0
1836.925	18.0
1836.925	38.0
1836.925	58.0
1837.000	98.0
1837.425	90.0
1837.575	54.0
1837.650	74.0
1837.728	198.0
1838.025	82.0
1838.200	78.0
1838.300	22.0
1838.450	94.0
1838.575	50.0
1839.525	2.0
1839.725	46.0
1840.910	230.0
1841.025	226.0
1842.349	214.0
1844.564	210.0
1845.444	222.0
1850.263	162.0
1850.875	178.0
1851.611	218.0
1851.619	206.0
1853.065	226.0
1853.768	234.0
1858.495	166.0
1858.948	154.0
1860.363	230.0
1860.919	198.0
1863.975	6.0
1864.000	98.0
1864.575	34.0
1864.600	18.0
1864.600	38.0
1864.700	14.0
1864.750	30.0
1864.850	94.0
1864.900	58.0
1865.050	26.0
1865.225	66.0
1865.675	74.0
1865.750	82.0
1869.166	226.0
1871.345	210.0
1872.885	230.0
1874.675	218.0
1875.215	234.0
1876.500	222.0
1876.851	162.0
1877.450	206.0
1877.586	178.0
1878.769	154.0
1880.850	214.0
1881.736	198.0
1885.419	226.0
1891.480	234.0
1891.496	166.0
1892.523	218.0
1894.442	214.0
1895.513	210.0
1895.539	222.0
1896.170	206.0
1902.827	226.0
1904.542	198.0
1906.412	178.0
1908.138	234.0
1908.506	206.0
1910.144	162.0
1912.032	166.0
1914.219	154.0
1917.088	210.0
1920.195	214.0
1924.887	198.0
1926.518	166.0
1928.072	218.0
1929.242	234.0
1932.889	222.0
1933.733	154.0
1934.159	178.0
1935.447	162.0
1951.221	206.0
1951.643	214.0
1952.315	222.0
1954.446	210.0
1955.566	218.0
1956.115	162.0
1956.218	198.0
1959.180	178.0
1959.230	154.0
1968.021	222.0
1970.000	102.0
1970.214	166.0
1970.782	218.0
1972.089	210.0
1973.137	206.0
1975.195	214.0
1978.091	154.0
1981.033	166.0
1981.859	162.0
1983.732	198.0
1984.589	178.0
1991.819	218.0
1995.625	102.0
1997.190	206.0
1997.513	222.0
1998.417	210.0
1998.504	162.0
2002.431	214.0
2007.427	154.0
2007.756	198.0
2012.246	178.0
2012.934	166.0
2021.618	218.0
2022.586	206.0
2022.696	210.0
2024.800	102.0
2029.453	154.0
2029.838	222.0
2030.620	166.0
2033.532	198.0
2034.229	162.0
2035.575	214.0
2038.941	178.0
2041.677	206.0
2048.747	218.0
44.230	223.0
47.156	207.0
49.056	211.0
52.663	219.0
54.706	215.0
57.900	39.0
57.900	55.0
57.900	59.0
58.450	99.0
58.550	47.0
59.125	11.0
59.125	19.0
59.125	23.0
60.325	51.0
60.400	27.0
60.400	31.0
60.400	35.0
60.400	71.0
60.425	7.0
60.425	83.0
60.450	91.0
60.700	103.0
63.714	127.0
65.867	119.0
68.731	211.0
71.854	223.0
74.994	215.0
75.949	127.0
81.078	119.0
81.807	219.0
81.990	231.0
82.261	207.0
91.584	227.0
94.230	223.0
97.156	207.0
99.056	211.0
102.663	219.0
104.706	215.0
105.750	55.0
105.950	59.0
106.000	39.0
106.775	11.0
106.775	19.0
106.775	47.0
107.900	99.0
107.996	231.0
108.050	23.0
108.775	103.0
108.925	51.0
109.125	7.0
109.250	27.0
109.250	35.0
109.250	71.0
109.349	227.0
109.825	91.0
109.900	31.0
110.200	83.0
110.575	43.0
110.725	79.0
111.450	63.0
111.600	67.0
112.225	3.0
113.700	103.0
113.714	127.0
115.867	119.0
117.921	223.0
119.389	207.0
120.584	231.0
123.760	219.0
126.273	215.0
126.853	127.0
129.190	211.0
134.252	227.0
137.850	11.0
138.025	55.0
138.175	7.0
138.225	47.0
138.225	103.0
138.325	23.0
138.325	59.0
138.375	19.0
138.375	35.0
138.700	99.0
138.725	51.0
138.825	27.0
138.825	71.0
138.850	39.0
138.950	3.0
138.950	15.0
139.075	95.0
139.225	43.0
139.225	79.0
139.350	83.0
139.450	63.0
139.650	91.0
140.650	67.0
141.225	31.0
142.025	103.0
143.548	119.0
146.837	231.0
147.418	219.0
147.592	227.0
148.030	211.0
148.183	215.0
148.325	103.0
152.413	119.0
156.147	207.0
156.965	223.0
160.751	127.0
162.830	227.0
170.745	223.0
172.156	215.0
172.375	55.0
172.575	59.0
172.715	219.0
173.650	11.0
174.850	103.0
176.976	119.0
177.929	207.0
178.201	211.0
181.694	127.0
186.905	211.0
194.878	207.0
195.350	103.0
199.381	223.0
203.569	219.0
205.727	215.0
209.282	119.0
215.514	127.0
215.888	223.0
221.100	103.0
223.637	207.0
224.481	219.0
226.093	119.0
232.086	211.0
232.475	215.0
240.550	127.0
247.540	215.0
248.450	211.0
250.358	207.0
252.527	219.0
255.587	223.0
264.382	127.0
267.060	119.0
269.457	211.0
274.187	219.0
275.230	207.0
275.642	215.0
276.265	119.0
277.119	223.0
289.377	127.0
297.562	215.0
298.994	211.0
300.027	223.0
302.652	207.0
306.513	119.0
307.526	219.0
313.196	127.0
319.208	211.0
321.871	207.0
323.881	215.0
324.915	223.0
328.925	219.0
331.990	231.0
335.391	119.0
338.336	127.0
341.584	227.0
343.675	11.0
343.825	55.0
344.100	59.0
344.275	99.0
344.775	7.0
345.925	35.0
346.975	103.0
349.883	215.0
350.929	219.0
351.182	231.0
352.597	207.0
354.899	211.0
357.489	127.0
358.702	223.0
358.916	119.0
359.047	227.0
364.245	223.0
367.100	103.0
367.650	27.0
367.650	71.0
368.200	55.0
368.450	11.0
368.775	59.0
368.850	19.0
372.067	211.0
372.277	207.0
374.459	219.0
375.931	231.0
376.050	103.0
376.677	119.0
379.936	215.0
381.529	127.0
395.122	207.0
397.554	215.0
398.221	231.0
399.150	103.0
401.325	211.0
403.376	223.0
403.867	227.0
409.073	119.0
409.365	219.0
417.757	127.0
418.520	227.0
421.828	219.0
423.869	215.0
428.362	211.0
429.326	207.0
431.109	119.0
432.466	127.0
433.172	223.0
440.400	103.0
445.277	223.0
448.274	211.0
450.214	207.0
454.300	215.0
456.611	127.0
456.697	219.0
459.774	119.0
466.150	103.0
470.647	207.0
473.596	223.0
474.892	211.0
477.270	219.0
477.452	127.0
481.514	215.0
491.172	119.0
497.604	219.0
499.942	207.0
500.073	223.0
500.289	119.0
504.923	127.0
505.005	215.0
506.480	211.0
517.525	215.0
519.710	207.0
522.574	223.0
524.568	219.0
526.478	211.0
529.168	127.0
529.539	119.0
543.790	215.0
545.259	211.0
548.847	219.0
550.742	207.0
551.337	223.0
558.840	119.0
560.600	127.0
567.005	215.0
569.547	223.0
574.351	211.0
574.809	207.0
575.262	127.0
578.486	219.0
581.990	231.0
585.980	119.0
591.584	227.0
591.744	207.0
592.643	223.0
592.691	219.0
594.263	231.0
594.810	215.0
598.349	211.0
604.897	127.0
610.475	55.0
610.475	59.0
610.825	11.0
610.825	99.0
610.850	23.0
610.850	27.0
610.850	71.0
610.995	227.0
611.350	7.0
611.350	39.0
611.700	47.0
611.805	119.0
611.875	19.0
612.000	31.0
612.100	35.0
612.825	91.0
612.900	63.0
612.950	103.0
613.275	51.0
613.350	3.0
613.475	79.0
613.950	43.0
614.025	83.0
614.575	15.0
614.975	95.0
615.775	67.0
616.613	207.0
616.662	219.0
617.375	103.0
617.704	231.0
621.755	223.0
625.349	215.0
626.018	211.0
631.695	231.0
636.670	119.0
636.775	103.0
639.933	127.0
644.387	227.0
648.580	207.0
648.637	211.0
649.342	127.0
650.267	219.0
650.969	231.0
653.236	215.0
653.840	223.0
660.519	119.0
661.636	227.0
664.000	11.0
664.025	7.0
664.175	55.0
664.175	59.0
664.300	39.0
664.525	99.0
664.566	231.0
664.900	27.0
664.900	71.0
665.150	3.0
665.250	23.0
665.275	35.0
665.375	19.0
665.975	51.0
666.000	79.0
666.125	103.0
666.475	47.0
666.750	43.0
666.925	31.0
667.650	83.0
671.125	103.0
674.587	211.0
675.958	223.0
677.159	219.0
678.213	215.0
679.018	119.0
682.528	207.0
684.310	127.0
690.500	103.0
691.950	219.0
697.078	211.0
697.220	215.0
697.222	223.0
699.519	207.0
707.644	127.0
712.652	119.0
714.554	215.0
718.775	103.0
722.231	219.0
724.731	223.0
728.651	119.0
731.019	127.0
731.059	207.0
733.720	211.0
746.415	223.0
747.259	215.0
749.254	219.0
752.513	211.0
754.553	207.0
755.697	127.0
761.429	119.0
770.304	207.0
774.944	211.0
776.095	223.0
780.413	215.0
780.670	127.0
780.989	219.0
781.363	119.0
795.339	211.0
799.155	207.0
801.138	223.0
804.940	215.0
807.978	219.0
811.798	119.0
815.130	127.0
825.208	127.0
826.438	215.0
826.514	119.0
826.554	219.0
830.608	207.0
831.136	223.0
831.990	231.0
833.107	211.0
841.584	227.0
844.607	223.0
844.965	215.0
847.400	231.0
848.537	211.0
850.511	127.0
852.069	207.0
855.458	119.0
856.458	219.0
858.525	11.0
858.550	7.0
858.800	55.0
858.800	59.0
858.925	23.0
859.050	99.0
859.075	35.0
859.094	227.0
859.225	27.0
859.225	71.0
859.500	91.0
859.525	63.0
859.800	19.0
859.850	39.0
860.025	15.0
860.150	47.0
860.200	3.0
860.400	79.0
860.550	31.0
860.800	103.0
860.825	51.0
861.100	43.0
861.450	67.0
862.300	83.0
863.207	231.0
863.325	95.0
865.350	103.0
870.268	223.0
871.376	211.0
875.173	207.0
876.098	227.0
878.717	219.0
879.185	127.0
879.724	231.0
880.278	215.0
887.485	119.0
889.950	55.0
889.950	59.0
890.150	7.0
890.175	11.0
890.375	27.0
890.375	71.0
890.500	23.0
890.500	99.0
890.525	35.0
890.750	3.0
890.750	39.0
891.056	227.0
891.125	15.0
891.150	19.0
891.175	91.0
891.350	51.0
891.375	63.0
891.475	83.0
891.489	219.0
891.525	47.0
891.525	79.0
891.625	103.0
891.950	31.0
892.000	43.0
892.241	207.0
892.250	95.0
892.575	67.0
896.000	103.0
896.200	211.0
898.128	223.0
899.092	127.0
904.463	119.0
905.949	215.0
906.927	231.0
913.600	103.0
915.475	55.0
915.550	59.0
915.600	11.0
915.825	99.0
915.925	7.0
916.100	35.0
916.150	39.0
916.425	23.0
916.575	71.0
916.600	27.0
916.700	19.0
916.850	47.0
917.425	3.0
919.100	103.0
920.968	207.0
922.108	127.0
924.346	227.0
925.891	211.0
925.942	219.0
927.248	215.0
928.342	223.0
931.821	119.0
937.250	103.0
948.338	219.0
950.068	211.0
951.810	223.0
952.019	215.0
955.165	207.0
955.391	119.0
965.150	103.0
968.583	219.0
970.437	127.0
972.393	223.0
976.144	215.0
983.982	127.0
985.416	207.0
985.787	211.0
988.494	215.0
991.800	103.0
994.176	119.0
1000.085	207.0
1001.724	211.0
1002.555	219.0
1004.954	223.0
1007.981	127.0
1008.817	119.0
1013.395	219.0
1019.830	211.0
1026.178	223.0
1027.033	215.0
1027.602	207.0
1028.763	119.0
1038.464	127.0
1046.495	207.0
1047.162	223.0
1047.494	215.0
1049.996	219.0
1050.719	211.0
1056.934	127.0
1060.493	119.0
1067.436	211.0
1072.896	219.0
1073.909	223.0
1079.995	215.0
1080.329	207.0
1081.990	231.0
1082.622	119.0
1082.798	127.0
1088.975	55.0
1089.025	11.0
1089.175	59.0
1089.550	99.0
1089.700	7.0
1089.750	223.0
1090.575	35.0
1091.584	227.0
1091.696	219.0
1091.975	103.0
1094.319	215.0
1096.738	211.0
1098.438	231.0
1103.758	207.0
1108.285	227.0
1109.356	119.0
1113.851	127.0
1114.766	231.0
1116.400	7.0
1116.400	11.0
1116.725	55.0
1116.725	59.0
1116.875	99.0
1117.375	3.0
1117.425	63.0
1117.450	23.0
1117.550	27.0
1117.550	71.0
1117.675	39.0
1117.750	35.0
1118.000	91.0
1118.475	19.0
1118.500	103.0
1118.875	47.0
1119.850	15.0
1124.000	103.0
1124.130	207.0
1124.630	211.0
1125.170	219.0
1126.071	215.0
1131.262	119.0
1131.890	231.0
1133.260	127.0
1134.522	227.0
1137.685	223.0
1139.301	215.0
1145.071	207.0
1149.305	219.0
1150.050	103.0
1151.581	211.0
1151.617	227.0
1155.928	223.0
1158.814	127.0
1159.232	119.0
1166.603	227.0
1167.100	215.0
1168.000	11.0
1168.150	99.0
1168.225	55.0
1168.375	7.0
1168.500	59.0
1169.050	27.0
1169.050	71.0
1169.170	223.0
1169.625	3.0
1170.675	103.0
1174.204	219.0
1176.701	211.0
1177.758	119.0
1179.387	207.0
1183.722	127.0
1184.875	103.0
1195.214	207.0
1196.902	215.0
1202.997	219.0
1203.363	223.0
1205.154	211.0
1210.059	119.0
1215.425	103.0
1217.597	215.0
1217.804	219.0
1219.394	223.0
1221.109	127.0
1227.677	211.0
1233.702	207.0
1234.973	127.0
1241.698	223.0
1243.022	119.0
1244.996	211.0
1249.492	119.0
1252.592	215.0
1253.788	219.0
1254.842	207.0
1257.601	127.0
1273.016	207.0
1273.430	223.0
1275.141	211.0
1275.903	215.0
1281.092	219.0
1285.037	119.0
1287.685	127.0
1290.106	211.0
1290.930	215.0
1294.014	207.0
1300.726	219.0
1302.803	119.0
1306.266	223.0
1318.094	219.0
1318.102	127.0
1318.645	207.0
1324.286	211.0
1326.844	127.0
1327.367	223.0
1331.949	119.0
1331.990	231.0
1333.797	215.0
1341.584	227.0
1345.631	207.0
1346.733	231.0
1349.686	215.0
1351.119	211.0
1352.323	223.0
1353.462	127.0
1358.813	119.0
1361.142	219.0
1361.550	7.0
1361.550	11.0
1361.675	35.0
1361.700	55.0
1361.775	23.0
1362.025	51.0
1362.050	27.0
1362.050	71.0
1362.100	59.0
1362.225	99.0
1362.325	63.0
1362.350	19.0
1362.400	3.0
1362.475	79.0
1362.500	47.0
1362.550	15.0
1362.575	83.0
1362.650	39.0
1362.800	91.0
1362.950	43.0
1363.107	231.0
1363.350	95.0
1363.575	67.0
1363.625	31.0
1363.775	103.0
1366.575	87.0
1366.888	227.0
1368.350	103.0
1369.931	219.0
1370.528	223.0
1370.800	215.0
1377.342	127.0
1378.843	211.0
1379.024	227.0
1379.894	119.0
1380.475	207.0
1391.500	55.0
1391.750	59.0
1391.850	35.0
1392.075	7.0
1392.075	11.0
1392.325	27.0
1392.325	71.0
1392.850	23.0
1392.875	19.0
1393.225	103.0
1393.475	39.0
1393.650	3.0
1394.074	227.0
1394.475	47.0
1394.875	51.0
1395.411	219.0
1398.600	103.0
1399.501	211.0
1401.738	223.0
1402.336	231.0
1406.966	215.0
1407.339	207.0
1407.533	227.0
1411.156	127.0
1419.175	11.0
1419.375	55.0
1420.825	103.0
1420.935	207.0
1420.967	119.0
1424.391	215.0
1425.306	223.0
1427.837	211.0
1429.641	219.0
1432.974	119.0
1435.794	127.0
1442.825	103.0
1444.091	207.0
1447.603	119.0
1451.781	215.0
1454.409	127.0
1454.661	223.0
1455.971	211.0
1461.707	219.0
1468.750	103.0
1468.831	211.0
1473.454	219.0
1474.820	223.0
1477.353	119.0
1477.735	207.0
1479.107	215.0
1487.363	223.0
1491.820	127.0
1493.042	219.0
1502.925	215.0
1504.819	119.0
1505.844	207.0
1507.288	211.0
1509.670	127.0
1521.229	211.0
1524.381	215.0
1528.265	223.0
1530.158	127.0
1531.030	207.0
1535.928	219.0
1540.847	119.0
1541.347	219.0
1545.801	223.0
1546.644	207.0
1550.210	211.0
1555.588	215.0
1558.895	127.0
1560.367	119.0
1569.717	211.0
1575.603	219.0
1578.964	223.0
1581.428	207.0
1581.990	231.0
1582.229	215.0
1587.898	119.0
1591.584	227.0
1594.048	127.0
1598.722	215.0
1599.144	211.0
1599.262	219.0
1600.298	223.0
1602.117	207.0
1602.849	231.0
1604.365	227.0
1607.647	119.0
1612.500	55.0
1612.550	7.0
1612.550	11.0
1612.600	59.0
1612.625	35.0
1612.650	99.0
1612.850	51.0
1613.125	3.0
1613.200	27.0
1613.200	71.0
1613.250	15.0
1613.350	39.0
1613.375	79.0
1613.500	43.0
1613.525	19.0
1613.575	83.0
1613.675	23.0
1613.725	95.0
1614.100	63.0
1614.100	91.0
1614.300	47.0
1614.625	103.0
1615.150	31.0
1615.150	67.0
1615.534	211.0
1615.541	215.0
1616.466	127.0
1616.525	87.0
1617.055	219.0
1618.520	227.0
1619.050	103.0
1622.876	231.0
1627.080	207.0
1629.803	119.0
1629.915	127.0
1632.062	223.0
1638.450	103.0
1639.606	231.0
1640.725	7.0
1640.750	11.0
1640.750	55.0
1640.925	59.0
1641.702	227.0
1645.446	215.0
1649.491	207.0
1650.125	103.0
1651.957	211.0
1651.997	223.0
1653.473	219.0
1654.538	227.0
1654.796	231.0
1655.311	127.0
1660.329	119.0
1667.350	99.0
1667.750	11.0
1667.750	55.0
1668.050	3.0
1668.225	35.0
1668.343	219.0
1668.500	59.0
1668.700	27.0
1668.725	71.0
1669.050	7.0
1669.725	19.0
1670.350	103.0
1673.532	223.0
1674.221	211.0
1675.506	215.0
1677.147	119.0
1681.081	207.0
1684.725	103.0
1693.033	207.0
1693.761	223.0
1694.681	211.0
1697.364	127.0
1698.665	219.0
1704.450	215.0
1709.684	127.0
1710.602	119.0
1716.725	103.0
1718.509	215.0
1724.789	223.0
1726.080	211.0
1731.039	127.0
1731.606	207.0
1734.092	119.0
1734.901	219.0
1747.226	215.0
1747.544	207.0
1749.030	223.0
1751.861	219.0
1752.547	211.0
1757.503	127.0
1760.738	119.0
1772.668	215.0
1775.063	223.0
1778.273	211.0
1781.667	207.0
1785.455	219.0
1787.537	127.0
1788.130	119.0
1798.193	219.0
1800.531	223.0
1801.497	211.0
1802.242	207.0
1805.636	215.0
1810.824	127.0
1811.350	119.0
1821.340	215.0
1821.945	207.0
1823.988	219.0
1824.021	211.0
1826.632	223.0
1831.990	231.0
1832.662	119.0
1836.625	11.0
1836.650	55.0
1836.825	59.0
1836.900	7.0
1836.900	23.0
1837.375	35.0
1837.425	19.0
1837.450	99.0
1837.625	39.0
1837.700	27.0
1837.700	71.0
1838.000	79.0
1838.175	47.0
1838.475	51.0
1838.525	63.0
1838.800	43.0
1838.825	15.0
1838.850	91.0
1838.900	103.0
1839.400	31.0
1839.500	3.0
1839.809	127.0
1839.825	83.0
1841.584	227.0
1842.750	95.0
1843.650	103.0
1845.429	223.0
1848.962	119.0
1849.120	211.0
1850.023	215.0
1850.386	231.0
1853.227	219.0
1855.914	207.0
1856.767	127.0
1862.640	219.0
1864.100	11.0
1864.250	7.0
1864.450	55.0
1864.450	59.0
1864.625	103.0
1865.225	99.0
1865.375	23.0
1865.475	35.0
1866.250	3.0
1866.578	227.0
1866.675	71.0
1866.725	27.0
1869.900	103.0
1871.509	207.0
1871.784	211.0
1872.505	231.0
1875.457	215.0
1881.498	223.0
1881.601	227.0
1885.493	127.0
1885.722	119.0
1888.211	231.0
1894.133	223.0
1894.625	103.0
1896.842	227.0
1899.145	215.0
1899.836	211.0
1901.396	207.0
1906.801	127.0
1907.385	231.0
1907.408	219.0
1907.962	119.0
1914.907	219.0
1919.459	227.0
1919.843	207.0
1924.250	223.0
1927.135	215.0
1928.997	211.0
1929.625	103.0
1930.923	119.0
1932.005	127.0
1944.502	215.0
1945.281	223.0
1946.473	211.0
1947.232	219.0
1953.176	119.0
1954.475	127.0
1957.774	207.0
1960.750	103.0
1964.320	219.0
1969.418	215.0
1973.478	207.0
1977.142	211.0
1979.147	223.0
1985.211	127.0
1989.045	119.0
1989.150	103.0
1995.072	211.0
1997.400	215.0
2001.052	219.0
2002.671	207.0
2003.184	119.0
2005.218	223.0
2010.682	127.0
2019.947	211.0
2023.415	223.0
2024.061	207.0
2029.130	215.0
2032.265	219.0
2034.439	127.0
2041.230	119.0
2043.576	223.0
2049.666	215.0
2049.912	211.0
